#      n =  4
#  kappa = -2
# energy = -2.08604668E+03
#zenergy =  0.00000000E+00
#     dn =  3.91946048E+00
# qrnorm =  1.00283889E+00
#SelfEne =  2.72113860E+32
#     vc = -8.43341712E+03
#     vr = -8.60734762E+03
#  ilast =  241
#    ifm =    0
#    cfm =  0.00000000E+00
#    xfm =  0.00000000E+00
#    rfn =  4.42386497E-02
#    pdx =  1.99449922E+00
#   bqp0 = -1.97667845E-05
#   bqp1 =  0.00000000E+00
#    idx = 11
# LEPTON = 0
#   MASS =  1.00000000E+00
# CHARGE =  1.00000000E+00
#  EUNIT =  2.72113860E+01
#  RUNIT =  4.13413733E+16
#  LUNIT =  5.29177211E-01
#    AMU =  1.82288849E+03
#    FSC =  7.29735257E-03


0    1.15188851E-08 -1.353336E-02  9.766636E+07  3.148149E-12 -6.229557E-17  0.000000E+00  0.000000E+00  0.000000E+00  0.000000E+00  0.000000E+00  0.000000E+00
1    1.26324944E-08 -1.484172E-02  8.905667E+07  3.784357E-12 -8.213261E-17  0.000000E+00  0.000000E+00  0.000000E+00  0.000000E+00  0.000000E+00  0.000000E+00
2    1.38537398E-08 -1.627655E-02  8.120611E+07  4.549687E-12 -1.082844E-16  0.000000E+00  0.000000E+00  0.000000E+00  0.000000E+00  0.000000E+00  0.000000E+00
3    1.51930753E-08 -1.785011E-02  7.404746E+07  5.470302E-12 -1.427684E-16  0.000000E+00  0.000000E+00  0.000000E+00  0.000000E+00  0.000000E+00  0.000000E+00
4    1.66618647E-08 -1.957577E-02  6.751999E+07  6.577654E-12 -1.882425E-16  0.000000E+00  0.000000E+00  0.000000E+00  0.000000E+00  0.000000E+00  0.000000E+00
5    1.82726173E-08 -2.146822E-02  6.156805E+07  7.909576E-12 -2.482133E-16  0.000000E+00  0.000000E+00  0.000000E+00  0.000000E+00  0.000000E+00  0.000000E+00
6    2.00391211E-08 -2.354366E-02  5.614068E+07  9.511588E-12 -3.273085E-16  0.000000E+00  0.000000E+00  0.000000E+00  0.000000E+00  0.000000E+00  0.000000E+00
7    2.19763633E-08 -2.581969E-02  5.119183E+07  1.143840E-11 -4.316253E-16  0.000000E+00  0.000000E+00  0.000000E+00  0.000000E+00  0.000000E+00  0.000000E+00
8    2.41008426E-08 -2.831571E-02  4.667931E+07  1.375584E-11 -5.692083E-16  0.000000E+00  0.000000E+00  0.000000E+00  0.000000E+00  0.000000E+00  0.000000E+00
9    2.64306977E-08 -3.105302E-02  4.256457E+07  1.654307E-11 -7.506708E-16  0.000000E+00  0.000000E+00  0.000000E+00  0.000000E+00  0.000000E+00  0.000000E+00
10   2.89857824E-08 -3.405495E-02  3.881254E+07  1.989530E-11 -9.900087E-16  0.000000E+00  0.000000E+00  0.000000E+00  0.000000E+00  0.000000E+00  0.000000E+00
11   3.17878148E-08 -3.734702E-02  3.539131E+07  2.392700E-11 -1.305675E-15  0.000000E+00  0.000000E+00  0.000000E+00  0.000000E+00  0.000000E+00  0.000000E+00
12   3.48607173E-08 -4.095732E-02  3.227165E+07  2.877591E-11 -1.722021E-15  0.000000E+00  0.000000E+00  0.000000E+00  0.000000E+00  0.000000E+00  0.000000E+00
13   3.82306748E-08 -4.491663E-02  2.942698E+07  3.460762E-11 -2.271155E-15  0.000000E+00  0.000000E+00  0.000000E+00  0.000000E+00  0.000000E+00  0.000000E+00
14   4.19263305E-08 -4.925860E-02  2.683311E+07  4.162128E-11 -2.995416E-15  0.000000E+00  0.000000E+00  0.000000E+00  0.000000E+00  0.000000E+00  0.000000E+00
15   4.59791553E-08 -5.402020E-02  2.446793E+07  5.005640E-11 -3.950652E-15  0.000000E+00  0.000000E+00  0.000000E+00  0.000000E+00  0.000000E+00  0.000000E+00
16   5.04237480E-08 -5.924209E-02  2.231122E+07  6.020108E-11 -5.210543E-15  0.000000E+00  0.000000E+00  0.000000E+00  0.000000E+00  0.000000E+00  0.000000E+00
17   5.52978827E-08 -6.496863E-02  2.034465E+07  7.240170E-11 -6.872217E-15  0.000000E+00  0.000000E+00  0.000000E+00  0.000000E+00  0.000000E+00  0.000000E+00
18   6.06431682E-08 -7.124872E-02  1.855142E+07  8.707494E-11 -9.063840E-15  0.000000E+00  0.000000E+00  0.000000E+00  0.000000E+00  0.000000E+00  0.000000E+00
19   6.65050319E-08 -7.813574E-02  1.691628E+07  1.047218E-10 -1.195436E-14  0.000000E+00  0.000000E+00  0.000000E+00  0.000000E+00  0.000000E+00  0.000000E+00
20   7.29333857E-08 -8.568831E-02  1.542529E+07  1.259448E-10 -1.576665E-14  0.000000E+00  0.000000E+00  0.000000E+00  0.000000E+00  0.000000E+00  0.000000E+00
21   7.99831019E-08 -9.397091E-02  1.406571E+07  1.514686E-10 -2.079471E-14  0.000000E+00  0.000000E+00  0.000000E+00  0.000000E+00  0.000000E+00  0.000000E+00
22   8.77140888E-08 -1.030539E-01  1.282599E+07  1.821648E-10 -2.742614E-14  0.000000E+00  0.000000E+00  0.000000E+00  0.000000E+00  0.000000E+00  0.000000E+00
23   9.61921683E-08 -1.130147E-01  1.169556E+07  2.190811E-10 -3.617218E-14  0.000000E+00  0.000000E+00  0.000000E+00  0.000000E+00  0.000000E+00  0.000000E+00
24   1.05489704E-07 -1.239382E-01  1.066476E+07  2.634782E-10 -4.770729E-14  0.000000E+00  0.000000E+00  0.000000E+00  0.000000E+00  0.000000E+00  0.000000E+00
25   1.15685498E-07 -1.359171E-01  9.724841E+06  3.168712E-10 -6.292028E-14  0.000000E+00  0.000000E+00  0.000000E+00  0.000000E+00  0.000000E+00  0.000000E+00
26   1.26866736E-07 -1.490537E-01  8.867763E+06  3.810834E-10 -8.298446E-14  0.000000E+00  0.000000E+00  0.000000E+00  0.000000E+00  0.000000E+00  0.000000E+00
27   1.39128422E-07 -1.634598E-01  8.086236E+06  4.583064E-10 -1.094462E-13  0.000000E+00  0.000000E+00  0.000000E+00  0.000000E+00  0.000000E+00  0.000000E+00
28   1.52574936E-07 -1.792579E-01  7.373600E+06  5.511762E-10 -1.443452E-13  0.000000E+00  0.000000E+00  0.000000E+00  0.000000E+00  0.000000E+00  0.000000E+00
29   1.67320740E-07 -1.965825E-01  6.723779E+06  6.628625E-10 -1.903714E-13  0.000000E+00  0.000000E+00  0.000000E+00  0.000000E+00  0.000000E+00  0.000000E+00
30   1.83491034E-07 -2.155807E-01  6.131248E+06  7.971767E-10 -2.510712E-13  0.000000E+00  0.000000E+00  0.000000E+00  0.000000E+00  0.000000E+00  0.000000E+00
31   2.01224065E-07 -2.364149E-01  5.590934E+06  9.587038E-10 -3.311252E-13  0.000000E+00  0.000000E+00  0.000000E+00  0.000000E+00  0.000000E+00  0.000000E+00
32   2.20670476E-07 -2.592622E-01  5.098244E+06  1.152956E-09 -4.367019E-13  0.000000E+00  0.000000E+00  0.000000E+00  0.000000E+00  0.000000E+00  0.000000E+00
33   2.41995359E-07 -2.843164E-01  4.648987E+06  1.386560E-09 -5.759349E-13  0.000000E+00  0.000000E+00  0.000000E+00  0.000000E+00  0.000000E+00  0.000000E+00
34   2.65380548E-07 -3.117912E-01  4.239327E+06  1.667490E-09 -7.595557E-13  0.000000E+00  0.000000E+00  0.000000E+00  0.000000E+00  0.000000E+00  0.000000E+00
35   2.91025055E-07 -3.419204E-01  3.865772E+06  2.005329E-09 -1.001714E-12  0.000000E+00  0.000000E+00  0.000000E+00  0.000000E+00  0.000000E+00  0.000000E+00
36   3.19147112E-07 -3.749604E-01  3.525140E+06  2.411605E-09 -1.321068E-12  0.000000E+00  0.000000E+00  0.000000E+00  0.000000E+00  0.000000E+00  0.000000E+00
37   3.49985415E-07 -4.111917E-01  3.214534E+06  2.900176E-09 -1.742216E-12  0.000000E+00  0.000000E+00  0.000000E+00  0.000000E+00  0.000000E+00  0.000000E+00
38   3.83802870E-07 -4.509230E-01  2.931302E+06  3.487710E-09 -2.297611E-12  0.000000E+00  0.000000E+00  0.000000E+00  0.000000E+00  0.000000E+00  0.000000E+00
39   4.20886484E-07 -4.944916E-01  2.673034E+06  4.194246E-09 -3.030026E-12  0.000000E+00  0.000000E+00  0.000000E+00  0.000000E+00  0.000000E+00  0.000000E+00
40   4.61551568E-07 -5.422680E-01  2.437531E+06  5.043880E-09 -3.995875E-12  0.000000E+00  0.000000E+00  0.000000E+00  0.000000E+00  0.000000E+00  0.000000E+00
41   5.06144738E-07 -5.946592E-01  2.222780E+06  6.065593E-09 -5.269569E-12  0.000000E+00  0.000000E+00  0.000000E+00  0.000000E+00  0.000000E+00  0.000000E+00
42   5.55043416E-07 -6.521087E-01  2.026960E+06  7.294216E-09 -6.949148E-12  0.000000E+00  0.000000E+00  0.000000E+00  0.000000E+00  0.000000E+00  0.000000E+00
43   6.08665140E-07 -7.151070E-01  1.848394E+06  8.771651E-09 -9.164016E-12  0.000000E+00  0.000000E+00  0.000000E+00  0.000000E+00  0.000000E+00  0.000000E+00
44   6.67464839E-07 -7.841884E-01  1.685565E+06  1.054827E-08 -1.208469E-11  0.000000E+00  0.000000E+00  0.000000E+00  0.000000E+00  0.000000E+00  0.000000E+00
45   7.31942298E-07 -8.599402E-01  1.537086E+06  1.268462E-08 -1.593603E-11  0.000000E+00  0.000000E+00  0.000000E+00  0.000000E+00  0.000000E+00  0.000000E+00
46   8.02645521E-07 -9.430059E-01  1.401691E+06  1.525355E-08 -2.101455E-11  0.000000E+00  0.000000E+00  0.000000E+00  0.000000E+00  0.000000E+00  0.000000E+00
47   8.80173851E-07 -1.034090E+00  1.278229E+06  1.834258E-08 -2.771107E-11  0.000000E+00  0.000000E+00  0.000000E+00  0.000000E+00  0.000000E+00  0.000000E+00
48   9.65187363E-07 -1.133966E+00  1.165645E+06  2.205700E-08 -3.654112E-11  0.000000E+00  0.000000E+00  0.000000E+00  0.000000E+00  0.000000E+00  0.000000E+00
49   1.05840841E-06 -1.243485E+00  1.062982E+06  2.652337E-08 -4.818429E-11  0.000000E+00  0.000000E+00  0.000000E+00  0.000000E+00  0.000000E+00  0.000000E+00
50   1.16062649E-06 -1.363572E+00  9.693663E+05  3.189383E-08 -6.353622E-11  0.000000E+00  0.000000E+00  0.000000E+00  0.000000E+00  0.000000E+00  0.000000E+00
51   1.27271098E-06 -1.495249E+00  8.839907E+05  3.835133E-08 -8.377826E-11  0.000000E+00  0.000000E+00  0.000000E+00  0.000000E+00  0.000000E+00  0.000000E+00
52   1.39561366E-06 -1.639632E+00  8.061630E+05  4.611580E-08 -1.104677E-10  0.000000E+00  0.000000E+00  0.000000E+00  0.000000E+00  0.000000E+00  0.000000E+00
53   1.53037545E-06 -1.797945E+00  7.351755E+05  5.545161E-08 -1.456567E-10  0.000000E+00  0.000000E+00  0.000000E+00  0.000000E+00  0.000000E+00  0.000000E+00
54   1.67814121E-06 -1.971531E+00  6.704370E+05  6.667665E-08 -1.920518E-10  0.000000E+00  0.000000E+00  0.000000E+00  0.000000E+00  0.000000E+00  0.000000E+00
55   1.84016332E-06 -2.161859E+00  6.114075E+05  8.017296E-08 -2.532199E-10  0.000000E+00  0.000000E+00  0.000000E+00  0.000000E+00  0.000000E+00  0.000000E+00
56   2.01781791E-06 -2.370544E+00  5.575869E+05  9.639992E-08 -3.338640E-10  0.000000E+00  0.000000E+00  0.000000E+00  0.000000E+00  0.000000E+00  0.000000E+00
57   2.21260837E-06 -2.599349E+00  5.084982E+05  1.159096E-07 -4.401810E-10  0.000000E+00  0.000000E+00  0.000000E+00  0.000000E+00  0.000000E+00  0.000000E+00
58   2.42618768E-06 -2.850213E+00  4.637333E+05  1.393657E-07 -5.803414E-10  0.000000E+00  0.000000E+00  0.000000E+00  0.000000E+00  0.000000E+00  0.000000E+00
59   2.66036608E-06 -3.125258E+00  4.229220E+05  1.675660E-07 -7.651132E-10  0.000000E+00  0.000000E+00  0.000000E+00  0.000000E+00  0.000000E+00  0.000000E+00
60   2.91712608E-06 -3.426805E+00  3.856994E+05  2.014693E-07 -1.008687E-09  0.000000E+00  0.000000E+00  0.000000E+00  0.000000E+00  0.000000E+00  0.000000E+00
61   3.19864172E-06 -3.757400E+00  3.517540E+05  2.422279E-07 -1.329765E-09  0.000000E+00  0.000000E+00  0.000000E+00  0.000000E+00  0.000000E+00  0.000000E+00
62   3.50729895E-06 -4.119834E+00  3.208026E+05  2.912270E-07 -1.752996E-09  0.000000E+00  0.000000E+00  0.000000E+00  0.000000E+00  0.000000E+00  0.000000E+00
63   3.84570703E-06 -4.517158E+00  2.925752E+05  3.501310E-07 -2.310854E-09  0.000000E+00  0.000000E+00  0.000000E+00  0.000000E+00  0.000000E+00  0.000000E+00
64   4.21673218E-06 -4.952718E+00  2.668349E+05  4.209401E-07 -3.046139E-09  0.000000E+00  0.000000E+00  0.000000E+00  0.000000E+00  0.000000E+00  0.000000E+00
65   4.62351027E-06 -5.430172E+00  2.433622E+05  5.060579E-07 -4.015229E-09  0.000000E+00  0.000000E+00  0.000000E+00  0.000000E+00  0.000000E+00  0.000000E+00
66   5.06948188E-06 -5.953526E+00  2.219560E+05  6.083725E-07 -5.292408E-09  0.000000E+00  0.000000E+00  0.000000E+00  0.000000E+00  0.000000E+00  0.000000E+00
67   5.55841513E-06 -6.527161E+00  2.024353E+05  7.313536E-07 -6.975521E-09  0.000000E+00  0.000000E+00  0.000000E+00  0.000000E+00  0.000000E+00  0.000000E+00
68   6.09444194E-06 -7.155870E+00  1.846339E+05  8.791699E-07 -9.193458E-09  0.000000E+00  0.000000E+00  0.000000E+00  0.000000E+00  0.000000E+00  0.000000E+00
69   6.68208796E-06 -7.844888E+00  1.684005E+05  1.056829E-06 -1.211595E-08  0.000000E+00  0.000000E+00  0.000000E+00  0.000000E+00  0.000000E+00  0.000000E+00
70   7.32631387E-06 -8.599937E+00  1.535965E+05  1.270345E-06 -1.596651E-08  0.000000E+00  0.000000E+00  0.000000E+00  0.000000E+00  0.000000E+00  0.000000E+00
71   8.03255410E-06 -9.427259E+00  1.400960E+05  1.526941E-06 -2.103939E-08  0.000000E+00  0.000000E+00  0.000000E+00  0.000000E+00  0.000000E+00  0.000000E+00
72   8.80676514E-06 -1.033367E+01  1.277847E+05  1.835292E-06 -2.772196E-08  0.000000E+00  0.000000E+00  0.000000E+00  0.000000E+00  0.000000E+00  0.000000E+00
73   9.65547241E-06 -1.132658E+01  1.165575E+05  2.205809E-06 -3.652397E-08  0.000000E+00  0.000000E+00  0.000000E+00  0.000000E+00  0.000000E+00  0.000000E+00
74   1.05858245E-05 -1.241408E+01  1.063190E+05  2.650992E-06 -4.811612E-08  0.000000E+00  0.000000E+00  0.000000E+00  0.000000E+00  0.000000E+00  0.000000E+00
75   1.16056565E-05 -1.360495E+01  9.698251E+04  3.185841E-06 -6.338058E-08  0.000000E+00  0.000000E+00  0.000000E+00  0.000000E+00  0.000000E+00  0.000000E+00
76   1.27235477E-05 -1.490870E+01  8.846828E+04  3.828353E-06 -8.347726E-08  0.000000E+00  0.000000E+00  0.000000E+00  0.000000E+00  0.000000E+00  0.000000E+00
77   1.39489005E-05 -1.633564E+01  8.070432E+04  4.600112E-06 -1.099306E-07  0.000000E+00  0.000000E+00  0.000000E+00  0.000000E+00  0.000000E+00  0.000000E+00
78   1.52920125E-05 -1.789690E+01  7.362474E+04  5.526995E-06 -1.447434E-07  0.000000E+00  0.000000E+00  0.000000E+00  0.000000E+00  0.000000E+00  0.000000E+00
79   1.67641622E-05 -1.960446E+01  6.716918E+04  6.640016E-06 -1.905447E-07  0.000000E+00  0.000000E+00  0.000000E+00  0.000000E+00  0.000000E+00  0.000000E+00
80   1.83777068E-05 -2.147114E+01  6.128328E+04  7.976324E-06 -2.507845E-07  0.000000E+00  0.000000E+00  0.000000E+00  0.000000E+00  0.000000E+00  0.000000E+00
81   2.01461771E-05 -2.351063E+01  5.591720E+04  9.580390E-06 -3.299852E-07  0.000000E+00  0.000000E+00  0.000000E+00  0.000000E+00  0.000000E+00  0.000000E+00
82   2.20843934E-05 -2.573743E+01  5.102560E+04  1.150542E-05 -4.340701E-07  0.000000E+00  0.000000E+00  0.000000E+00  0.000000E+00  0.000000E+00  0.000000E+00
83   2.42085847E-05 -2.816676E+01  4.656739E+04  1.381499E-05 -5.707882E-07  0.000000E+00  0.000000E+00  0.000000E+00  0.000000E+00  0.000000E+00  0.000000E+00
84   2.65365232E-05 -3.081444E+01  4.250522E+04  1.658507E-05 -7.502635E-07  0.000000E+00  0.000000E+00  0.000000E+00  0.000000E+00  0.000000E+00  0.000000E+00
85   2.90876670E-05 -3.369668E+01  3.880530E+04  1.990622E-05 -9.857008E-07  0.000000E+00  0.000000E+00  0.000000E+00  0.000000E+00  0.000000E+00  0.000000E+00
86   3.18833230E-05 -3.682977E+01  3.543717E+04  2.388636E-05 -1.294290E-06  0.000000E+00  0.000000E+00  0.000000E+00  0.000000E+00  0.000000E+00  0.000000E+00
87   3.49468144E-05 -4.022959E+01  3.237346E+04  2.865384E-05 -1.698357E-06  0.000000E+00  0.000000E+00  0.000000E+00  0.000000E+00  0.000000E+00  0.000000E+00
88   3.83036760E-05 -4.391097E+01  2.958974E+04  3.436103E-05 -2.226813E-06  0.000000E+00  0.000000E+00  0.000000E+00  0.000000E+00  0.000000E+00  0.000000E+00
89   4.19818574E-05 -4.788683E+01  2.706459E+04  4.118848E-05 -2.916971E-06  0.000000E+00  0.000000E+00  0.000000E+00  0.000000E+00  0.000000E+00  0.000000E+00
90   4.60119519E-05 -5.216689E+01  2.477949E+04  4.934955E-05 -3.816785E-06  0.000000E+00  0.000000E+00  0.000000E+00  0.000000E+00  0.000000E+00  0.000000E+00
91   5.04274360E-05 -5.675600E+01  2.271879E+04  5.909570E-05 -4.987567E-06  0.000000E+00  0.000000E+00  0.000000E+00  0.000000E+00  0.000000E+00  0.000000E+00
92   5.52649487E-05 -6.165187E+01  2.087004E+04  7.072236E-05 -6.507215E-06  0.000000E+00  0.000000E+00  0.000000E+00  0.000000E+00  0.000000E+00  0.000000E+00
93   6.05645780E-05 -6.684200E+01  1.922435E+04  8.457545E-05 -8.473919E-06  0.000000E+00  0.000000E+00  0.000000E+00  0.000000E+00  0.000000E+00  0.000000E+00
94   6.63701859E-05 -7.229958E+01  1.777685E+04  1.010584E-04 -1.101024E-05  0.000000E+00  0.000000E+00  0.000000E+00  0.000000E+00  0.000000E+00  0.000000E+00
95   7.27297511E-05 -7.797809E+01  1.652732E+04  1.206401E-04 -1.426723E-05  0.000000E+00  0.000000E+00  0.000000E+00  0.000000E+00  0.000000E+00  0.000000E+00
96   7.96957573E-05 -8.380408E+01  1.548138E+04  1.438633E-04 -1.842806E-05  0.000000E+00  0.000000E+00  0.000000E+00  0.000000E+00  0.000000E+00  0.000000E+00
97   8.73256081E-05 -8.966790E+01  1.465150E+04  1.713547E-04 -2.371009E-05  0.000000E+00  0.000000E+00  0.000000E+00  0.000000E+00  0.000000E+00  0.000000E+00
98   9.56820770E-05 -9.541187E+01  1.405729E+04  2.038371E-04 -3.036364E-05  0.000000E+00  0.000000E+00  0.000000E+00  0.000000E+00  0.000000E+00  0.000000E+00
99   1.04833802E-04 -1.008169E+02  1.371929E+04  2.421466E-04 -3.866501E-05  0.000000E+00  0.000000E+00  0.000000E+00  0.000000E+00  0.000000E+00  0.000000E+00
100  1.14855823E-04 -1.055924E+02  1.360631E+04  2.872577E-04 -4.890022E-05  0.000000E+00  0.000000E+00  0.000000E+00  0.000000E+00  0.000000E+00  0.000000E+00
101  1.25830168E-04 -1.093919E+02  1.346000E+04  3.403144E-04 -6.133732E-05  0.000000E+00  0.000000E+00  0.000000E+00  0.000000E+00  0.000000E+00  0.000000E+00
102  1.37846491E-04 -1.119206E+02  1.278424E+04  4.026457E-04 -7.619509E-05  0.000000E+00  0.000000E+00  0.000000E+00  0.000000E+00  0.000000E+00  0.000000E+00
103  1.51002766E-04 -1.131972E+02  1.142935E+04  4.758510E-04 -9.364772E-05  0.000000E+00  0.000000E+00  0.000000E+00  0.000000E+00  0.000000E+00  0.000000E+00
104  1.65406038E-04 -1.136590E+02  9.922926E+03  5.619574E-04 -1.139123E-04  0.000000E+00  0.000000E+00  0.000000E+00  0.000000E+00  0.000000E+00  0.000000E+00
105  1.81173246E-04 -1.137779E+02  8.749379E+03  6.632983E-04 -1.373582E-04  0.000000E+00  0.000000E+00  0.000000E+00  0.000000E+00  0.000000E+00  0.000000E+00
106  1.98432114E-04 -1.137914E+02  7.876953E+03  7.825168E-04 -1.645315E-04  0.000000E+00  0.000000E+00  0.000000E+00  0.000000E+00  0.000000E+00  0.000000E+00
107  2.17322125E-04 -1.137778E+02  7.142048E+03  9.227509E-04 -1.961261E-04  0.000000E+00  0.000000E+00  0.000000E+00  0.000000E+00  0.000000E+00  0.000000E+00
108  2.37995561E-04 -1.137570E+02  6.482216E+03  1.087700E-03 -2.329700E-04  0.000000E+00  0.000000E+00  0.000000E+00  0.000000E+00  0.000000E+00  0.000000E+00
109  2.60618662E-04 -1.137331E+02  5.881899E+03  1.281690E-03 -2.760315E-04  0.000000E+00  0.000000E+00  0.000000E+00  0.000000E+00  0.000000E+00  0.000000E+00
110  2.85372849E-04 -1.137068E+02  5.334669E+03  1.509782E-03 -3.264383E-04  0.000000E+00  0.000000E+00  0.000000E+00  0.000000E+00  0.000000E+00  0.000000E+00
111  3.12456082E-04 -1.136780E+02  4.835803E+03  1.777890E-03 -3.855033E-04  0.000000E+00  0.000000E+00  0.000000E+00  0.000000E+00  0.000000E+00  0.000000E+00
112  3.42084307E-04 -1.136464E+02  4.381099E+03  2.092926E-03 -4.547557E-04  0.000000E+00  0.000000E+00  0.000000E+00  0.000000E+00  0.000000E+00  0.000000E+00
113  3.74493042E-04 -1.136117E+02  3.966720E+03  2.462961E-03 -5.359772E-04  0.000000E+00  0.000000E+00  0.000000E+00  0.000000E+00  0.000000E+00  0.000000E+00
114  4.09939081E-04 -1.135737E+02  3.589165E+03  2.897414E-03 -6.312437E-04  0.000000E+00  0.000000E+00  0.000000E+00  0.000000E+00  0.000000E+00  0.000000E+00
115  4.48702349E-04 -1.135321E+02  3.245236E+03  3.407260E-03 -7.429727E-04  0.000000E+00  0.000000E+00  0.000000E+00  0.000000E+00  0.000000E+00  0.000000E+00
116  4.91087899E-04 -1.134865E+02  2.932020E+03  4.005282E-03 -8.739783E-04  0.000000E+00  0.000000E+00  0.000000E+00  0.000000E+00  0.000000E+00  0.000000E+00
117  5.37428074E-04 -1.134367E+02  2.646856E+03  4.706344E-03 -1.027533E-03  0.000000E+00  0.000000E+00  0.000000E+00  0.000000E+00  0.000000E+00  0.000000E+00
118  5.88084848E-04 -1.133823E+02  2.387317E+03  5.527717E-03 -1.207440E-03  0.000000E+00  0.000000E+00  0.000000E+00  0.000000E+00  0.000000E+00  0.000000E+00
119  6.43452337E-04 -1.133228E+02  2.151190E+03  6.489432E-03 -1.418114E-03  0.000000E+00  0.000000E+00  0.000000E+00  0.000000E+00  0.000000E+00  0.000000E+00
120  7.03959529E-04 -1.132578E+02  1.936450E+03  7.614694E-03 -1.664669E-03  0.000000E+00  0.000000E+00  0.000000E+00  0.000000E+00  0.000000E+00  0.000000E+00
121  7.70073203E-04 -1.131870E+02  1.741252E+03  8.930342E-03 -1.953030E-03  0.000000E+00  0.000000E+00  0.000000E+00  0.000000E+00  0.000000E+00  0.000000E+00
122  8.42301095E-04 -1.131097E+02  1.563906E+03  1.046736E-02 -2.290041E-03  0.000000E+00  0.000000E+00  0.000000E+00  0.000000E+00  0.000000E+00  0.000000E+00
123  9.21195286E-04 -1.130255E+02  1.402869E+03  1.226144E-02 -2.683601E-03  0.000000E+00  0.000000E+00  0.000000E+00  0.000000E+00  0.000000E+00  0.000000E+00
124  1.00735585E-03 -1.129337E+02  1.256730E+03  1.435365E-02 -3.142804E-03  0.000000E+00  0.000000E+00  0.000000E+00  0.000000E+00  0.000000E+00  0.000000E+00
125  1.10143478E-03 -1.128340E+02  1.124197E+03  1.679108E-02 -3.678105E-03  0.000000E+00  0.000000E+00  0.000000E+00  0.000000E+00  0.000000E+00  0.000000E+00
126  1.20414020E-03 -1.127255E+02  1.004086E+03  1.962763E-02 -4.301488E-03  0.000000E+00  0.000000E+00  0.000000E+00  0.000000E+00  0.000000E+00  0.000000E+00
127  1.31624086E-03 -1.126077E+02  8.953134E+02  2.292481E-02 -5.026665E-03  0.000000E+00  0.000000E+00  0.000000E+00  0.000000E+00  0.000000E+00  0.000000E+00
128  1.43857096E-03 -1.124799E+02  7.968848E+02  2.675260E-02 -5.869276E-03  0.000000E+00  0.000000E+00  0.000000E+00  0.000000E+00  0.000000E+00  0.000000E+00
129  1.57203535E-03 -1.123413E+02  7.078881E+02  3.119035E-02 -6.847109E-03  0.000000E+00  0.000000E+00  0.000000E+00  0.000000E+00  0.000000E+00  0.000000E+00
130  1.71761502E-03 -1.121912E+02  6.274861E+02  3.632771E-02 -7.980330E-03  0.000000E+00  0.000000E+00  0.000000E+00  0.000000E+00  0.000000E+00  0.000000E+00
131  1.87637300E-03 -1.120288E+02  5.549101E+02  4.226552E-02 -9.291718E-03  0.000000E+00  0.000000E+00  0.000000E+00  0.000000E+00  0.000000E+00  0.000000E+00
132  2.04946065E-03 -1.118533E+02  4.894543E+02  4.911669E-02 -1.080690E-02  0.000000E+00  0.000000E+00  0.000000E+00  0.000000E+00  0.000000E+00  0.000000E+00
133  2.23812432E-03 -1.116638E+02  4.304705E+02  5.700700E-02 -1.255459E-02  0.000000E+00  0.000000E+00  0.000000E+00  0.000000E+00  0.000000E+00  0.000000E+00
134  2.44371250E-03 -1.114595E+02  3.773634E+02  6.607572E-02 -1.456676E-02  0.000000E+00  0.000000E+00  0.000000E+00  0.000000E+00  0.000000E+00  0.000000E+00
135  2.66768335E-03 -1.112395E+02  3.295868E+02  7.647599E-02 -1.687890E-02  0.000000E+00  0.000000E+00  0.000000E+00  0.000000E+00  0.000000E+00  0.000000E+00
136  2.91161270E-03 -1.110028E+02  2.866398E+02  8.837496E-02 -1.953005E-02  0.000000E+00  0.000000E+00  0.000000E+00  0.000000E+00  0.000000E+00  0.000000E+00
137  3.17720252E-03 -1.107484E+02  2.480633E+02  1.019534E-01 -2.256293E-02  0.000000E+00  0.000000E+00  0.000000E+00  0.000000E+00  0.000000E+00  0.000000E+00
138  3.46628990E-03 -1.104753E+02  2.134372E+02  1.174046E-01 -2.602389E-02  0.000000E+00  0.000000E+00  0.000000E+00  0.000000E+00  0.000000E+00  0.000000E+00
139  3.78085648E-03 -1.101826E+02  1.823776E+02  1.349330E-01 -2.996272E-02  0.000000E+00  0.000000E+00  0.000000E+00  0.000000E+00  0.000000E+00  0.000000E+00
140  4.12303844E-03 -1.098691E+02  1.545342E+02  1.547512E-01 -3.443236E-02  0.000000E+00  0.000000E+00  0.000000E+00  0.000000E+00  0.000000E+00  0.000000E+00
141  4.49513692E-03 -1.095338E+02  1.295879E+02  1.770761E-01 -3.948831E-02  0.000000E+00  0.000000E+00  0.000000E+00  0.000000E+00  0.000000E+00  0.000000E+00
142  4.89962906E-03 -1.091754E+02  1.072487E+02  2.021236E-01 -4.518790E-02  0.000000E+00  0.000000E+00  0.000000E+00  0.000000E+00  0.000000E+00  0.000000E+00
143  5.33917949E-03 -1.087927E+02  8.725353E+01  2.301017E-01 -5.158909E-02  0.000000E+00  0.000000E+00  0.000000E+00  0.000000E+00  0.000000E+00  0.000000E+00
144  5.81665237E-03 -1.083845E+02  6.936433E+01  2.612011E-01 -5.874909E-02  0.000000E+00  0.000000E+00  0.000000E+00  0.000000E+00  0.000000E+00  0.000000E+00
145  6.33512396E-03 -1.079495E+02  5.336597E+01  2.955840E-01 -6.672236E-02  0.000000E+00  0.000000E+00  0.000000E+00  0.000000E+00  0.000000E+00  0.000000E+00
146  6.89789567E-03 -1.074861E+02  3.906469E+01  3.333700E-01 -7.555825E-02  0.000000E+00  0.000000E+00  0.000000E+00  0.000000E+00  0.000000E+00  0.000000E+00
147  7.50850767E-03 -1.069930E+02  2.628621E+01  3.746194E-01 -8.529808E-02  0.000000E+00  0.000000E+00  0.000000E+00  0.000000E+00  0.000000E+00  0.000000E+00
148  8.17075289E-03 -1.064685E+02  1.487423E+01  4.193134E-01 -9.597156E-02  0.000000E+00  0.000000E+00  0.000000E+00  0.000000E+00  0.000000E+00  0.000000E+00
149  8.88869163E-03 -1.059110E+02  4.688729E+00  4.673313E-01 -1.075927E-01  0.000000E+00  0.000000E+00  0.000000E+00  0.000000E+00  0.000000E+00  0.000000E+00
150  9.66666647E-03 -1.053189E+02 -4.395410E+00  5.184255E-01 -1.201550E-01  0.000000E+00  0.000000E+00  0.000000E+00  0.000000E+00  0.000000E+00  0.000000E+00
151  1.05093177E-02 -1.046905E+02 -1.248973E+01  5.721934E-01 -1.336265E-01  0.000000E+00  0.000000E+00  0.000000E+00  0.000000E+00  0.000000E+00  0.000000E+00
152  1.14215990E-02 -1.040242E+02 -1.969364E+01  6.280486E-01 -1.479435E-01  0.000000E+00  0.000000E+00  0.000000E+00  0.000000E+00  0.000000E+00  0.000000E+00
153  1.24087937E-02 -1.033181E+02 -2.609560E+01  6.851910E-01 -1.630054E-01  0.000000E+00  0.000000E+00  0.000000E+00  0.000000E+00  0.000000E+00  0.000000E+00
154  1.34765309E-02 -1.025707E+02 -3.177424E+01  7.425793E-01 -1.786679E-01  0.000000E+00  0.000000E+00  0.000000E+00  0.000000E+00  0.000000E+00  0.000000E+00
155  1.46308026E-02 -1.017804E+02 -3.679949E+01  7.989058E-01 -1.947378E-01  0.000000E+00  0.000000E+00  0.000000E+00  0.000000E+00  0.000000E+00  0.000000E+00
156  1.58779799E-02 -1.009455E+02 -4.123355E+01  8.525790E-01 -2.109679E-01  0.000000E+00  0.000000E+00  0.000000E+00  0.000000E+00  0.000000E+00  0.000000E+00
157  1.72248302E-02 -1.000645E+02 -4.513171E+01  9.017144E-01 -2.270535E-01  0.000000E+00  0.000000E+00  0.000000E+00  0.000000E+00  0.000000E+00  0.000000E+00
158  1.86785343E-02 -9.913609E+01 -4.854319E+01  9.441404E-01 -2.426302E-01  0.000000E+00  0.000000E+00  0.000000E+00  0.000000E+00  0.000000E+00  0.000000E+00
159  2.02467030E-02 -9.815894E+01 -5.151178E+01  9.774213E-01 -2.572751E-01  0.000000E+00  0.000000E+00  0.000000E+00  0.000000E+00  0.000000E+00  0.000000E+00
160  2.19373944E-02 -9.713212E+01 -5.407651E+01  9.989020E-01 -2.705107E-01  0.000000E+00  0.000000E+00  0.000000E+00  0.000000E+00  0.000000E+00  0.000000E+00
161  2.37591298E-02 -9.605492E+01 -5.627230E+01  1.005781E+00 -2.818132E-01  0.000000E+00  0.000000E+00  0.000000E+00  0.000000E+00  0.000000E+00  0.000000E+00
162  2.57209106E-02 -9.492688E+01 -5.813036E+01  9.952130E-01 -2.906641E-01  0.000000E+00  0.000000E+00  0.000000E+00  0.000000E+00  0.000000E+00  0.000000E+00
163  2.78322341E-02 -9.374774E+01 -5.967869E+01  9.644382E-01 -2.964615E-01  0.000000E+00  0.000000E+00  0.000000E+00  0.000000E+00  0.000000E+00  0.000000E+00
164  3.01031089E-02 -9.251730E+01 -6.094235E+01  9.109537E-01 -2.986406E-01  0.000000E+00  0.000000E+00  0.000000E+00  0.000000E+00  0.000000E+00  0.000000E+00
165  3.25440695E-02 -9.123541E+01 -6.194375E+01  8.327064E-01 -2.966715E-01  0.000000E+00  0.000000E+00  0.000000E+00  0.000000E+00  0.000000E+00  0.000000E+00
166  3.51661910E-02 -8.990181E+01 -6.270287E+01  7.283139E-01 -2.900920E-01  0.000000E+00  0.000000E+00  0.000000E+00  0.000000E+00  0.000000E+00  0.000000E+00
167  3.79811020E-02 -8.851615E+01 -6.323751E+01  5.972983E-01 -2.785426E-01  0.000000E+00  0.000000E+00  0.000000E+00  0.000000E+00  0.000000E+00  0.000000E+00
168  4.10009974E-02 -8.707813E+01 -6.356360E+01  4.403195E-01 -2.618039E-01  0.000000E+00  0.000000E+00  0.000000E+00  0.000000E+00  0.000000E+00  0.000000E+00
169  4.42386497E-02 -8.558753E+01 -6.369548E+01  2.593895E-01 -2.398329E-01  0.000000E+00  0.000000E+00  0.000000E+00  0.000000E+00  0.000000E+00  0.000000E+00
170  4.77074197E-02 -8.404448E+01 -6.364633E+01  5.804418E-02 -2.127952E-01  0.000000E+00  0.000000E+00  0.000000E+00  0.000000E+00  0.000000E+00  0.000000E+00
171  5.14212654E-02 -8.244954E+01 -6.342834E+01 -1.585525E-01 -1.810899E-01  0.000000E+00  0.000000E+00  0.000000E+00  0.000000E+00  0.000000E+00  0.000000E+00
172  5.53947501E-02 -8.080373E+01 -6.305302E+01 -3.835965E-01 -1.453632E-01  0.000000E+00  0.000000E+00  0.000000E+00  0.000000E+00  0.000000E+00  0.000000E+00
173  5.96430493E-02 -7.910857E+01 -6.253144E+01 -6.087494E-01 -1.065081E-01  0.000000E+00  0.000000E+00  0.000000E+00  0.000000E+00  0.000000E+00  0.000000E+00
174  6.41819554E-02 -7.736619E+01 -6.187428E+01 -8.243764E-01 -6.564582E-02  0.000000E+00  0.000000E+00  0.000000E+00  0.000000E+00  0.000000E+00  0.000000E+00
175  6.90278820E-02 -7.557975E+01 -6.109241E+01 -1.019929E+00 -2.408944E-02  0.000000E+00  0.000000E+00  0.000000E+00  0.000000E+00  0.000000E+00  0.000000E+00
176  7.41978654E-02 -7.375302E+01 -6.019656E+01 -1.184461E+00  1.671225E-02  0.000000E+00  0.000000E+00  0.000000E+00  0.000000E+00  0.000000E+00  0.000000E+00
177  7.97095656E-02 -7.189106E+01 -5.919800E+01 -1.307273E+00  5.524760E-02  0.000000E+00  0.000000E+00  0.000000E+00  0.000000E+00  0.000000E+00  0.000000E+00
178  8.55812653E-02 -6.999914E+01 -5.810756E+01 -1.378628E+00  9.002789E-02  0.000000E+00  0.000000E+00  0.000000E+00  0.000000E+00  0.000000E+00  0.000000E+00
179  9.18318667E-02 -6.808254E+01 -5.693559E+01 -1.390509E+00  1.196796E-01  0.000000E+00  0.000000E+00  0.000000E+00  0.000000E+00  0.000000E+00  0.000000E+00
180  9.84808874E-02 -6.614581E+01 -5.569121E+01 -1.337348E+00  1.430359E-01  0.000000E+00  0.000000E+00  0.000000E+00  0.000000E+00  0.000000E+00  0.000000E+00
181  1.05548454E-01 -6.419250E+01 -5.438215E+01 -1.216654E+00  1.592204E-01  0.000000E+00  0.000000E+00  0.000000E+00  0.000000E+00  0.000000E+00  0.000000E+00
182  1.13055295E-01 -6.222482E+01 -5.301443E+01 -1.029478E+00  1.677135E-01  0.000000E+00  0.000000E+00  0.000000E+00  0.000000E+00  0.000000E+00  0.000000E+00
183  1.21022731E-01 -6.024497E+01 -5.159368E+01 -7.806512E-01  1.683979E-01  0.000000E+00  0.000000E+00  0.000000E+00  0.000000E+00  0.000000E+00  0.000000E+00
184  1.29472662E-01 -5.825457E+01 -5.012468E+01 -4.787358E-01  1.615757E-01  0.000000E+00  0.000000E+00  0.000000E+00  0.000000E+00  0.000000E+00  0.000000E+00
185  1.38427558E-01 -5.625649E+01 -4.861312E+01 -1.356797E-01  1.479536E-01  0.000000E+00  0.000000E+00  0.000000E+00  0.000000E+00  0.000000E+00  0.000000E+00
186  1.47910441E-01 -5.425416E+01 -4.706501E+01  2.338344E-01  1.285969E-01  0.000000E+00  0.000000E+00  0.000000E+00  0.000000E+00  0.000000E+00  0.000000E+00
187  1.57944873E-01 -5.225194E+01 -4.548713E+01  6.132975E-01  1.048528E-01  0.000000E+00  0.000000E+00  0.000000E+00  0.000000E+00  0.000000E+00  0.000000E+00
188  1.68554937E-01 -5.025543E+01 -4.388727E+01  9.854716E-01  7.825111E-02  0.000000E+00  0.000000E+00  0.000000E+00  0.000000E+00  0.000000E+00  0.000000E+00
189  1.79765217E-01 -4.827134E+01 -4.227418E+01  1.333576E+00  5.039060E-02  0.000000E+00  0.000000E+00  0.000000E+00  0.000000E+00  0.000000E+00  0.000000E+00
190  1.91600782E-01 -4.630822E+01 -4.065822E+01  1.642446E+00  2.282228E-02  0.000000E+00  0.000000E+00  0.000000E+00  0.000000E+00  0.000000E+00  0.000000E+00
191  2.04087162E-01 -4.437525E+01 -3.905024E+01  1.899555E+00 -3.058863E-03  0.000000E+00  0.000000E+00  0.000000E+00  0.000000E+00  0.000000E+00  0.000000E+00
192  2.17250328E-01 -4.248130E+01 -3.746063E+01  2.095784E+00 -2.610182E-02  0.000000E+00  0.000000E+00  0.000000E+00  0.000000E+00  0.000000E+00  0.000000E+00
193  2.31116670E-01 -4.063356E+01 -3.589795E+01  2.225892E+00 -4.545899E-02  0.000000E+00  0.000000E+00  0.000000E+00  0.000000E+00  0.000000E+00  0.000000E+00
194  2.45712970E-01 -3.883639E+01 -3.436787E+01  2.288639E+00 -6.061300E-02  0.000000E+00  0.000000E+00  0.000000E+00  0.000000E+00  0.000000E+00  0.000000E+00
195  2.61066381E-01 -3.709080E+01 -3.287258E+01  2.286589E+00 -7.137182E-02  0.000000E+00  0.000000E+00  0.000000E+00  0.000000E+00  0.000000E+00  0.000000E+00
196  2.77204402E-01 -3.539522E+01 -3.141162E+01  2.225625E+00 -7.783756E-02  0.000000E+00  0.000000E+00  0.000000E+00  0.000000E+00  0.000000E+00  0.000000E+00
197  2.94154851E-01 -3.374603E+01 -2.998241E+01  2.114259E+00 -8.035628E-02  0.000000E+00  0.000000E+00  0.000000E+00  0.000000E+00  0.000000E+00  0.000000E+00
198  3.11945839E-01 -3.213938E+01 -2.858206E+01  1.962798E+00 -7.945644E-02  0.000000E+00  0.000000E+00  0.000000E+00  0.000000E+00  0.000000E+00  0.000000E+00
199  3.30605749E-01 -3.057208E+01 -2.720827E+01  1.782461E+00 -7.578331E-02  0.000000E+00  0.000000E+00  0.000000E+00  0.000000E+00  0.000000E+00  0.000000E+00
200  3.50163201E-01 -2.904191E+01 -2.585964E+01  1.584520E+00 -7.003452E-02  0.000000E+00  0.000000E+00  0.000000E+00  0.000000E+00  0.000000E+00  0.000000E+00
201  3.70647037E-01 -2.754772E+01 -2.453581E+01  1.379544E+00 -6.290195E-02  0.000000E+00  0.000000E+00  0.000000E+00  0.000000E+00  0.000000E+00  0.000000E+00
202  3.92086284E-01 -2.608909E+01 -2.323709E+01  1.176797E+00 -5.502375E-02  0.000000E+00  0.000000E+00  0.000000E+00  0.000000E+00  0.000000E+00  0.000000E+00
203  4.14510136E-01 -2.466664E+01 -2.196479E+01  9.838308E-01 -4.694951E-02  0.000000E+00  0.000000E+00  0.000000E+00  0.000000E+00  0.000000E+00  0.000000E+00
204  4.37947926E-01 -2.328187E+01 -2.072107E+01  8.062773E-01 -3.911925E-02  0.000000E+00  0.000000E+00  0.000000E+00  0.000000E+00  0.000000E+00  0.000000E+00
205  4.62429099E-01 -2.193809E+01 -1.950983E+01  6.478320E-01 -3.185601E-02  0.000000E+00  0.000000E+00  0.000000E+00  0.000000E+00  0.000000E+00  0.000000E+00
206  4.87983189E-01 -2.063931E+01 -1.833564E+01  5.103939E-01 -2.536949E-02  0.000000E+00  0.000000E+00  0.000000E+00  0.000000E+00  0.000000E+00  0.000000E+00
207  5.14639796E-01 -1.938985E+01 -1.720333E+01  3.943219E-01 -1.976832E-02  0.000000E+00  0.000000E+00  0.000000E+00  0.000000E+00  0.000000E+00  0.000000E+00
208  5.42428559E-01 -1.819359E+01 -1.611726E+01  2.987608E-01 -1.507782E-02  0.000000E+00  0.000000E+00  0.000000E+00  0.000000E+00  0.000000E+00  0.000000E+00
209  5.71379134E-01 -1.705338E+01 -1.508073E+01  2.219923E-01 -1.126046E-02  0.000000E+00  0.000000E+00  0.000000E+00  0.000000E+00  0.000000E+00  0.000000E+00
210  6.01521174E-01 -1.597077E+01 -1.409571E+01  1.617696E-01 -8.236297E-03  0.000000E+00  0.000000E+00  0.000000E+00  0.000000E+00  0.000000E+00  0.000000E+00
211  6.32884304E-01 -1.494599E+01 -1.316283E+01  1.156095E-01 -5.901311E-03  0.000000E+00  0.000000E+00  0.000000E+00  0.000000E+00  0.000000E+00  0.000000E+00
212  6.65498101E-01 -1.397835E+01 -1.228174E+01  8.102334E-02 -4.142529E-03  0.000000E+00  0.000000E+00  0.000000E+00  0.000000E+00  0.000000E+00  0.000000E+00
213  6.99392074E-01 -1.306612E+01 -1.145106E+01  5.568256E-02 -2.849192E-03  0.000000E+00  0.000000E+00  0.000000E+00  0.000000E+00  0.000000E+00  0.000000E+00
214  7.34595647E-01 -1.220709E+01 -1.066889E+01  3.752180E-02 -1.920155E-03  0.000000E+00  0.000000E+00  0.000000E+00  0.000000E+00  0.000000E+00  0.000000E+00
215  7.71138136E-01 -1.139885E+01 -9.933134E+00  2.478892E-02 -1.267975E-03  0.000000E+00  0.000000E+00  0.000000E+00  0.000000E+00  0.000000E+00  0.000000E+00
216  8.09048735E-01 -1.063870E+01 -9.241342E+00  1.605415E-02 -8.204121E-04  0.000000E+00  0.000000E+00  0.000000E+00  0.000000E+00  0.000000E+00  0.000000E+00
217  8.48356497E-01 -9.924027E+00 -8.591182E+00  1.019088E-02 -5.200829E-04  0.000000E+00  0.000000E+00  0.000000E+00  0.000000E+00  0.000000E+00  0.000000E+00
218  8.89090320E-01 -9.252337E+00 -7.980389E+00  6.339615E-03 -3.229930E-04  0.000000E+00  0.000000E+00  0.000000E+00  0.000000E+00  0.000000E+00  0.000000E+00
219  9.31278931E-01 -8.621272E+00 -7.406833E+00  3.864276E-03 -1.964917E-04  0.000000E+00  0.000000E+00  0.000000E+00  0.000000E+00  0.000000E+00  0.000000E+00
220  9.74950871E-01 -8.028653E+00 -6.868549E+00  2.307541E-03 -1.170757E-04  0.000000E+00  0.000000E+00  0.000000E+00  0.000000E+00  0.000000E+00  0.000000E+00
221  1.02013448E+00 -7.472483E+00 -6.363735E+00  1.349659E-03 -6.831172E-05  0.000000E+00  0.000000E+00  0.000000E+00  0.000000E+00  0.000000E+00  0.000000E+00
222  1.06685790E+00 -6.950938E+00 -5.890751E+00  7.730478E-04 -3.902618E-05  0.000000E+00  0.000000E+00  0.000000E+00  0.000000E+00  0.000000E+00  0.000000E+00
223  1.11514904E+00 -6.462342E+00 -5.448094E+00  4.335175E-04 -2.182581E-05  0.000000E+00  0.000000E+00  0.000000E+00  0.000000E+00  0.000000E+00  0.000000E+00
224  1.16503557E+00 -6.005141E+00 -5.034371E+00  2.379758E-04 -1.194689E-05  0.000000E+00  0.000000E+00  0.000000E+00  0.000000E+00  0.000000E+00  0.000000E+00
225  1.21654493E+00 -5.577872E+00 -4.648269E+00  1.278468E-04 -6.399127E-06  0.000000E+00  0.000000E+00  0.000000E+00  0.000000E+00  0.000000E+00  0.000000E+00
226  1.26970431E+00 -5.179138E+00 -4.288532E+00  6.720180E-05 -3.353330E-06  0.000000E+00  0.000000E+00  0.000000E+00  0.000000E+00  0.000000E+00  0.000000E+00
227  1.32454062E+00 -4.807584E+00 -3.953936E+00  3.455466E-05 -1.718802E-06  0.000000E+00  0.000000E+00  0.000000E+00  0.000000E+00  0.000000E+00  0.000000E+00
228  1.38108053E+00 -4.461881E+00 -3.643274E+00  1.737665E-05 -8.615300E-07  0.000000E+00  0.000000E+00  0.000000E+00  0.000000E+00  0.000000E+00  0.000000E+00
229  1.43935041E+00 -4.140715E+00 -3.355346E+00  8.543904E-06 -4.221904E-07  0.000000E+00  0.000000E+00  0.000000E+00  0.000000E+00  0.000000E+00  0.000000E+00
230  1.49937637E+00 -3.842783E+00 -3.088959E+00  4.106511E-06 -2.022251E-07  0.000000E+00  0.000000E+00  0.000000E+00  0.000000E+00  0.000000E+00  0.000000E+00
231  1.56118423E+00 -3.566793E+00 -2.842917E+00  1.928900E-06 -9.465490E-08  0.000000E+00  0.000000E+00  0.000000E+00  0.000000E+00  0.000000E+00  0.000000E+00
232  1.62479950E+00 -3.311462E+00 -2.616034E+00  8.852366E-07 -4.328356E-08  0.000000E+00  0.000000E+00  0.000000E+00  0.000000E+00  0.000000E+00  0.000000E+00
233  1.69024742E+00 -3.075526E+00 -2.407132E+00  3.968376E-07 -1.933136E-08  0.000000E+00  0.000000E+00  0.000000E+00  0.000000E+00  0.000000E+00  0.000000E+00
234  1.75755291E+00 -2.857739E+00 -2.215047E+00  1.737240E-07 -8.430375E-09  0.000000E+00  0.000000E+00  0.000000E+00  0.000000E+00  0.000000E+00  0.000000E+00
235  1.82674061E+00 -2.656886E+00 -2.038641E+00  7.424881E-08 -3.588886E-09  0.000000E+00  0.000000E+00  0.000000E+00  0.000000E+00  0.000000E+00  0.000000E+00
236  1.89783484E+00 -2.471784E+00 -1.876803E+00  3.097340E-08 -1.491014E-09  0.000000E+00  0.000000E+00  0.000000E+00  0.000000E+00  0.000000E+00  0.000000E+00
237  1.97085962E+00 -2.301291E+00 -1.728457E+00  1.260796E-08 -6.043545E-10  0.000000E+00  0.000000E+00  0.000000E+00  0.000000E+00  0.000000E+00  0.000000E+00
238  2.04583867E+00 -2.144310E+00 -1.592570E+00  5.006593E-09 -2.389277E-10  0.000000E+00  0.000000E+00  0.000000E+00  0.000000E+00  0.000000E+00  0.000000E+00
239  2.12279537E+00 -1.999794E+00 -1.468153E+00  1.938949E-09 -9.210444E-11  0.000000E+00  0.000000E+00  0.000000E+00  0.000000E+00  0.000000E+00  0.000000E+00
240  2.20175283E+00 -1.866752E+00 -1.354272E+00  7.321507E-10 -3.801544E-11  0.000000E+00  0.000000E+00  0.000000E+00  0.000000E+00  0.000000E+00  0.000000E+00
241  2.28273382E+00 -1.744252E+00 -1.250045E+00  2.694807E-10 -4.153966E-12  0.000000E+00  0.000000E+00  0.000000E+00  0.000000E+00  0.000000E+00  0.000000E+00
