#      n =  4
#  kappa =  1
# energy = -2.91133729E+03
#zenergy =  0.00000000E+00
#     dn =  3.93190394E+00
# qrnorm =  1.00365427E+00
#SelfEne =  2.72113860E+32
#     vc = -1.41909182E+04
#     vr = -9.60493319E+03
#  ilast =  237
#    ifm =    0
#    cfm =  0.00000000E+00
#    xfm =  0.00000000E+00
#    rfn =  3.01031089E-02
#    pdx =  1.99449941E+00
#   bqp0 =  2.94151166E+04
#   bqp1 =  0.00000000E+00
#    idx = 10
# LEPTON = 0
#   MASS =  1.00000000E+00
# CHARGE =  1.00000000E+00
#  EUNIT =  2.72113860E+01
#  RUNIT =  4.13413733E+16
#  LUNIT =  5.29177211E-01
#    AMU =  1.82288849E+03
#    FSC =  7.29735257E-03


0    1.15188851E-08 -1.353336E-02  9.766636E+07  3.491611E-10  1.025720E-05  0.000000E+00  0.000000E+00  0.000000E+00  0.000000E+00  0.000000E+00  0.000000E+00
1    1.26324944E-08 -1.484172E-02  8.905667E+07  4.197229E-10  1.124913E-05  0.000000E+00  0.000000E+00  0.000000E+00  0.000000E+00  0.000000E+00  0.000000E+00
2    1.38537398E-08 -1.627655E-02  8.120611E+07  5.046056E-10  1.233655E-05  0.000000E+00  0.000000E+00  0.000000E+00  0.000000E+00  0.000000E+00  0.000000E+00
3    1.51930753E-08 -1.785011E-02  7.404746E+07  6.067110E-10  1.352912E-05  0.000000E+00  0.000000E+00  0.000000E+00  0.000000E+00  0.000000E+00  0.000000E+00
4    1.66618647E-08 -1.957577E-02  6.751999E+07  7.295273E-10  1.483719E-05  0.000000E+00  0.000000E+00  0.000000E+00  0.000000E+00  0.000000E+00  0.000000E+00
5    1.82726173E-08 -2.146822E-02  6.156805E+07  8.772507E-10  1.627150E-05  0.000000E+00  0.000000E+00  0.000000E+00  0.000000E+00  0.000000E+00  0.000000E+00
6    2.00391211E-08 -2.354366E-02  5.614068E+07  1.054930E-09  1.784442E-05  0.000000E+00  0.000000E+00  0.000000E+00  0.000000E+00  0.000000E+00  0.000000E+00
7    2.19763633E-08 -2.581969E-02  5.119183E+07  1.268633E-09  1.956966E-05  0.000000E+00  0.000000E+00  0.000000E+00  0.000000E+00  0.000000E+00  0.000000E+00
8    2.41008426E-08 -2.831571E-02  4.667931E+07  1.525659E-09  2.146153E-05  0.000000E+00  0.000000E+00  0.000000E+00  0.000000E+00  0.000000E+00  0.000000E+00
9    2.64306977E-08 -3.105302E-02  4.256457E+07  1.834790E-09  2.353613E-05  0.000000E+00  0.000000E+00  0.000000E+00  0.000000E+00  0.000000E+00  0.000000E+00
10   2.89857824E-08 -3.405495E-02  3.881254E+07  2.206585E-09  2.581142E-05  0.000000E+00  0.000000E+00  0.000000E+00  0.000000E+00  0.000000E+00  0.000000E+00
11   3.17878148E-08 -3.734702E-02  3.539131E+07  2.653741E-09  2.830665E-05  0.000000E+00  0.000000E+00  0.000000E+00  0.000000E+00  0.000000E+00  0.000000E+00
12   3.48607173E-08 -4.095732E-02  3.227165E+07  3.191532E-09  3.104283E-05  0.000000E+00  0.000000E+00  0.000000E+00  0.000000E+00  0.000000E+00  0.000000E+00
13   3.82306748E-08 -4.491663E-02  2.942698E+07  3.838326E-09  3.404367E-05  0.000000E+00  0.000000E+00  0.000000E+00  0.000000E+00  0.000000E+00  0.000000E+00
14   4.19263305E-08 -4.925860E-02  2.683311E+07  4.616210E-09  3.733480E-05  0.000000E+00  0.000000E+00  0.000000E+00  0.000000E+00  0.000000E+00  0.000000E+00
15   4.59791553E-08 -5.402020E-02  2.446793E+07  5.551747E-09  4.094378E-05  0.000000E+00  0.000000E+00  0.000000E+00  0.000000E+00  0.000000E+00  0.000000E+00
16   5.04237480E-08 -5.924209E-02  2.231122E+07  6.676891E-09  4.490159E-05  0.000000E+00  0.000000E+00  0.000000E+00  0.000000E+00  0.000000E+00  0.000000E+00
17   5.52978827E-08 -6.496863E-02  2.034465E+07  8.030059E-09  4.924193E-05  0.000000E+00  0.000000E+00  0.000000E+00  0.000000E+00  0.000000E+00  0.000000E+00
18   6.06431682E-08 -7.124872E-02  1.855142E+07  9.657464E-09  5.400168E-05  0.000000E+00  0.000000E+00  0.000000E+00  0.000000E+00  0.000000E+00  0.000000E+00
19   6.65050319E-08 -7.813574E-02  1.691628E+07  1.161467E-08  5.922186E-05  0.000000E+00  0.000000E+00  0.000000E+00  0.000000E+00  0.000000E+00  0.000000E+00
20   7.29333857E-08 -8.568831E-02  1.542529E+07  1.396851E-08  6.494614E-05  0.000000E+00  0.000000E+00  0.000000E+00  0.000000E+00  0.000000E+00  0.000000E+00
21   7.99831019E-08 -9.397091E-02  1.406571E+07  1.679935E-08  7.122357E-05  0.000000E+00  0.000000E+00  0.000000E+00  0.000000E+00  0.000000E+00  0.000000E+00
22   8.77140888E-08 -1.030539E-01  1.282599E+07  2.020384E-08  7.810819E-05  0.000000E+00  0.000000E+00  0.000000E+00  0.000000E+00  0.000000E+00  0.000000E+00
23   9.61921683E-08 -1.130147E-01  1.169556E+07  2.429822E-08  8.565750E-05  0.000000E+00  0.000000E+00  0.000000E+00  0.000000E+00  0.000000E+00  0.000000E+00
24   1.05489704E-07 -1.239382E-01  1.066476E+07  2.922229E-08  9.393690E-05  0.000000E+00  0.000000E+00  0.000000E+00  0.000000E+00  0.000000E+00  0.000000E+00
25   1.15685498E-07 -1.359171E-01  9.724841E+06  3.514409E-08  1.030165E-04  0.000000E+00  0.000000E+00  0.000000E+00  0.000000E+00  0.000000E+00  0.000000E+00
26   1.26866736E-07 -1.490537E-01  8.867763E+06  4.226583E-08  1.129726E-04  0.000000E+00  0.000000E+00  0.000000E+00  0.000000E+00  0.000000E+00  0.000000E+00
27   1.39128422E-07 -1.634598E-01  8.086236E+06  5.083060E-08  1.238915E-04  0.000000E+00  0.000000E+00  0.000000E+00  0.000000E+00  0.000000E+00  0.000000E+00
28   1.52574936E-07 -1.792579E-01  7.373600E+06  6.113074E-08  1.358653E-04  0.000000E+00  0.000000E+00  0.000000E+00  0.000000E+00  0.000000E+00  0.000000E+00
29   1.67320740E-07 -1.965825E-01  6.723779E+06  7.351782E-08  1.489971E-04  0.000000E+00  0.000000E+00  0.000000E+00  0.000000E+00  0.000000E+00  0.000000E+00
30   1.83491034E-07 -2.155807E-01  6.131248E+06  8.841452E-08  1.633968E-04  0.000000E+00  0.000000E+00  0.000000E+00  0.000000E+00  0.000000E+00  0.000000E+00
31   2.01224065E-07 -2.364149E-01  5.590934E+06  1.063294E-07  1.791863E-04  0.000000E+00  0.000000E+00  0.000000E+00  0.000000E+00  0.000000E+00  0.000000E+00
32   2.20670476E-07 -2.592622E-01  5.098244E+06  1.278738E-07  1.965036E-04  0.000000E+00  0.000000E+00  0.000000E+00  0.000000E+00  0.000000E+00  0.000000E+00
33   2.41995359E-07 -2.843164E-01  4.648987E+06  1.537827E-07  2.154941E-04  0.000000E+00  0.000000E+00  0.000000E+00  0.000000E+00  0.000000E+00  0.000000E+00
34   2.65380548E-07 -3.117912E-01  4.239327E+06  1.849404E-07  2.363176E-04  0.000000E+00  0.000000E+00  0.000000E+00  0.000000E+00  0.000000E+00  0.000000E+00
35   2.91025055E-07 -3.419204E-01  3.865772E+06  2.224099E-07  2.591525E-04  0.000000E+00  0.000000E+00  0.000000E+00  0.000000E+00  0.000000E+00  0.000000E+00
36   3.19147112E-07 -3.749604E-01  3.525140E+06  2.674696E-07  2.841947E-04  0.000000E+00  0.000000E+00  0.000000E+00  0.000000E+00  0.000000E+00  0.000000E+00
37   3.49985415E-07 -4.111917E-01  3.214534E+06  3.216566E-07  3.116557E-04  0.000000E+00  0.000000E+00  0.000000E+00  0.000000E+00  0.000000E+00  0.000000E+00
38   3.83802870E-07 -4.509230E-01  2.931302E+06  3.868194E-07  3.417687E-04  0.000000E+00  0.000000E+00  0.000000E+00  0.000000E+00  0.000000E+00  0.000000E+00
39   4.20886484E-07 -4.944916E-01  2.673034E+06  4.651806E-07  3.747927E-04  0.000000E+00  0.000000E+00  0.000000E+00  0.000000E+00  0.000000E+00  0.000000E+00
40   4.61551568E-07 -5.422680E-01  2.437531E+06  5.594125E-07  4.110031E-04  0.000000E+00  0.000000E+00  0.000000E+00  0.000000E+00  0.000000E+00  0.000000E+00
41   5.06144738E-07 -5.946592E-01  2.222780E+06  6.727294E-07  4.507132E-04  0.000000E+00  0.000000E+00  0.000000E+00  0.000000E+00  0.000000E+00  0.000000E+00
42   5.55043416E-07 -6.521087E-01  2.026960E+06  8.089942E-07  4.942584E-04  0.000000E+00  0.000000E+00  0.000000E+00  0.000000E+00  0.000000E+00  0.000000E+00
43   6.08665140E-07 -7.151070E-01  1.848394E+06  9.728542E-07  5.420042E-04  0.000000E+00  0.000000E+00  0.000000E+00  0.000000E+00  0.000000E+00  0.000000E+00
44   6.67464839E-07 -7.841884E-01  1.685565E+06  1.169895E-06  5.943638E-04  0.000000E+00  0.000000E+00  0.000000E+00  0.000000E+00  0.000000E+00  0.000000E+00
45   7.31942298E-07 -8.599402E-01  1.537086E+06  1.406835E-06  6.517774E-04  0.000000E+00  0.000000E+00  0.000000E+00  0.000000E+00  0.000000E+00  0.000000E+00
46   8.02645521E-07 -9.430059E-01  1.401691E+06  1.691749E-06  7.147378E-04  0.000000E+00  0.000000E+00  0.000000E+00  0.000000E+00  0.000000E+00  0.000000E+00
47   8.80173851E-07 -1.034090E+00  1.278229E+06  2.034345E-06  7.837765E-04  0.000000E+00  0.000000E+00  0.000000E+00  0.000000E+00  0.000000E+00  0.000000E+00
48   9.65187363E-07 -1.133966E+00  1.165645E+06  2.446301E-06  8.594725E-04  0.000000E+00  0.000000E+00  0.000000E+00  0.000000E+00  0.000000E+00  0.000000E+00
49   1.05840841E-06 -1.243485E+00  1.062982E+06  2.941652E-06  9.424811E-04  0.000000E+00  0.000000E+00  0.000000E+00  0.000000E+00  0.000000E+00  0.000000E+00
50   1.16062649E-06 -1.363572E+00  9.693663E+05  3.537270E-06  1.033504E-03  0.000000E+00  0.000000E+00  0.000000E+00  0.000000E+00  0.000000E+00  0.000000E+00
51   1.27271098E-06 -1.495249E+00  8.839907E+05  4.253444E-06  1.133303E-03  0.000000E+00  0.000000E+00  0.000000E+00  0.000000E+00  0.000000E+00  0.000000E+00
52   1.39561366E-06 -1.639632E+00  8.061630E+05  5.114564E-06  1.242738E-03  0.000000E+00  0.000000E+00  0.000000E+00  0.000000E+00  0.000000E+00  0.000000E+00
53   1.53037545E-06 -1.797945E+00  7.351755E+05  6.149947E-06  1.362736E-03  0.000000E+00  0.000000E+00  0.000000E+00  0.000000E+00  0.000000E+00  0.000000E+00
54   1.67814121E-06 -1.971531E+00  6.704370E+05  7.394842E-06  1.494307E-03  0.000000E+00  0.000000E+00  0.000000E+00  0.000000E+00  0.000000E+00  0.000000E+00
55   1.84016332E-06 -2.161859E+00  6.114075E+05  8.891614E-06  1.638566E-03  0.000000E+00  0.000000E+00  0.000000E+00  0.000000E+00  0.000000E+00  0.000000E+00
56   2.01781791E-06 -2.370544E+00  5.575869E+05  1.069120E-05  1.796741E-03  0.000000E+00  0.000000E+00  0.000000E+00  0.000000E+00  0.000000E+00  0.000000E+00
57   2.21260837E-06 -2.599349E+00  5.084982E+05  1.285481E-05  1.970174E-03  0.000000E+00  0.000000E+00  0.000000E+00  0.000000E+00  0.000000E+00  0.000000E+00
58   2.42618768E-06 -2.850213E+00  4.637333E+05  1.545603E-05  2.160319E-03  0.000000E+00  0.000000E+00  0.000000E+00  0.000000E+00  0.000000E+00  0.000000E+00
59   2.66036608E-06 -3.125258E+00  4.229220E+05  1.858330E-05  2.368797E-03  0.000000E+00  0.000000E+00  0.000000E+00  0.000000E+00  0.000000E+00  0.000000E+00
60   2.91712608E-06 -3.426805E+00  3.856994E+05  2.234291E-05  2.597376E-03  0.000000E+00  0.000000E+00  0.000000E+00  0.000000E+00  0.000000E+00  0.000000E+00
61   3.19864172E-06 -3.757400E+00  3.517540E+05  2.686258E-05  2.847971E-03  0.000000E+00  0.000000E+00  0.000000E+00  0.000000E+00  0.000000E+00  0.000000E+00
62   3.50729895E-06 -4.119834E+00  3.208026E+05  3.229584E-05  3.122707E-03  0.000000E+00  0.000000E+00  0.000000E+00  0.000000E+00  0.000000E+00  0.000000E+00
63   3.84570703E-06 -4.517158E+00  2.925752E+05  3.882710E-05  3.423901E-03  0.000000E+00  0.000000E+00  0.000000E+00  0.000000E+00  0.000000E+00  0.000000E+00
64   4.21673218E-06 -4.952718E+00  2.668349E+05  4.667799E-05  3.754086E-03  0.000000E+00  0.000000E+00  0.000000E+00  0.000000E+00  0.000000E+00  0.000000E+00
65   4.62351027E-06 -5.430172E+00  2.433622E+05  5.611474E-05  4.116050E-03  0.000000E+00  0.000000E+00  0.000000E+00  0.000000E+00  0.000000E+00  0.000000E+00
66   5.06948188E-06 -5.953526E+00  2.219560E+05  6.745717E-05  4.512826E-03  0.000000E+00  0.000000E+00  0.000000E+00  0.000000E+00  0.000000E+00  0.000000E+00
67   5.55841513E-06 -6.527161E+00  2.024353E+05  8.108941E-05  4.947747E-03  0.000000E+00  0.000000E+00  0.000000E+00  0.000000E+00  0.000000E+00  0.000000E+00
68   6.09444194E-06 -7.155870E+00  1.846339E+05  9.747279E-05  5.424453E-03  0.000000E+00  0.000000E+00  0.000000E+00  0.000000E+00  0.000000E+00  0.000000E+00
69   6.68208796E-06 -7.844888E+00  1.684005E+05  1.171612E-04  5.946932E-03  0.000000E+00  0.000000E+00  0.000000E+00  0.000000E+00  0.000000E+00  0.000000E+00
70   7.32631387E-06 -8.599937E+00  1.535965E+05  1.408196E-04  6.519539E-03  0.000000E+00  0.000000E+00  0.000000E+00  0.000000E+00  0.000000E+00  0.000000E+00
71   8.03255410E-06 -9.427259E+00  1.400960E+05  1.692460E-04  7.147031E-03  0.000000E+00  0.000000E+00  0.000000E+00  0.000000E+00  0.000000E+00  0.000000E+00
72   8.80676514E-06 -1.033367E+01  1.277847E+05  2.033979E-04  7.834600E-03  0.000000E+00  0.000000E+00  0.000000E+00  0.000000E+00  0.000000E+00  0.000000E+00
73   9.65547241E-06 -1.132658E+01  1.165575E+05  2.444239E-04  8.587924E-03  0.000000E+00  0.000000E+00  0.000000E+00  0.000000E+00  0.000000E+00  0.000000E+00
74   1.05858245E-05 -1.241408E+01  1.063190E+05  2.937010E-04  9.413176E-03  0.000000E+00  0.000000E+00  0.000000E+00  0.000000E+00  0.000000E+00  0.000000E+00
75   1.16056565E-05 -1.360495E+01  9.698251E+04  3.528796E-04  1.031709E-02  0.000000E+00  0.000000E+00  0.000000E+00  0.000000E+00  0.000000E+00  0.000000E+00
76   1.27235477E-05 -1.490870E+01  8.846828E+04  4.239362E-04  1.130699E-02  0.000000E+00  0.000000E+00  0.000000E+00  0.000000E+00  0.000000E+00  0.000000E+00
77   1.39489005E-05 -1.633564E+01  8.070432E+04  5.092372E-04  1.239081E-02  0.000000E+00  0.000000E+00  0.000000E+00  0.000000E+00  0.000000E+00  0.000000E+00
78   1.52920125E-05 -1.789690E+01  7.362474E+04  6.116124E-04  1.357719E-02  0.000000E+00  0.000000E+00  0.000000E+00  0.000000E+00  0.000000E+00  0.000000E+00
79   1.67641622E-05 -1.960446E+01  6.716918E+04  7.344439E-04  1.487543E-02  0.000000E+00  0.000000E+00  0.000000E+00  0.000000E+00  0.000000E+00  0.000000E+00
80   1.83777068E-05 -2.147114E+01  6.128328E+04  8.817684E-04  1.629558E-02  0.000000E+00  0.000000E+00  0.000000E+00  0.000000E+00  0.000000E+00  0.000000E+00
81   2.01461771E-05 -2.351063E+01  5.591720E+04  1.058398E-03  1.784843E-02  0.000000E+00  0.000000E+00  0.000000E+00  0.000000E+00  0.000000E+00  0.000000E+00
82   2.20843934E-05 -2.573743E+01  5.102560E+04  1.270060E-03  1.954554E-02  0.000000E+00  0.000000E+00  0.000000E+00  0.000000E+00  0.000000E+00  0.000000E+00
83   2.42085847E-05 -2.816676E+01  4.656739E+04  1.523559E-03  2.139922E-02  0.000000E+00  0.000000E+00  0.000000E+00  0.000000E+00  0.000000E+00  0.000000E+00
84   2.65365232E-05 -3.081444E+01  4.250522E+04  1.826957E-03  2.342248E-02  0.000000E+00  0.000000E+00  0.000000E+00  0.000000E+00  0.000000E+00  0.000000E+00
85   2.90876670E-05 -3.369668E+01  3.880530E+04  2.189783E-03  2.562899E-02  0.000000E+00  0.000000E+00  0.000000E+00  0.000000E+00  0.000000E+00  0.000000E+00
86   3.18833230E-05 -3.682977E+01  3.543717E+04  2.623261E-03  2.803296E-02  0.000000E+00  0.000000E+00  0.000000E+00  0.000000E+00  0.000000E+00  0.000000E+00
87   3.49468144E-05 -4.022959E+01  3.237346E+04  3.140556E-03  3.064896E-02  0.000000E+00  0.000000E+00  0.000000E+00  0.000000E+00  0.000000E+00  0.000000E+00
88   3.83036760E-05 -4.391097E+01  2.958974E+04  3.757027E-03  3.349169E-02  0.000000E+00  0.000000E+00  0.000000E+00  0.000000E+00  0.000000E+00  0.000000E+00
89   4.19818574E-05 -4.788683E+01  2.706459E+04  4.490488E-03  3.657568E-02  0.000000E+00  0.000000E+00  0.000000E+00  0.000000E+00  0.000000E+00  0.000000E+00
90   4.60119519E-05 -5.216689E+01  2.477949E+04  5.361429E-03  3.991485E-02  0.000000E+00  0.000000E+00  0.000000E+00  0.000000E+00  0.000000E+00  0.000000E+00
91   5.04274360E-05 -5.675600E+01  2.271879E+04  6.393193E-03  4.352195E-02  0.000000E+00  0.000000E+00  0.000000E+00  0.000000E+00  0.000000E+00  0.000000E+00
92   5.52649487E-05 -6.165187E+01  2.087004E+04  7.612034E-03  4.740787E-02  0.000000E+00  0.000000E+00  0.000000E+00  0.000000E+00  0.000000E+00  0.000000E+00
93   6.05645780E-05 -6.684200E+01  1.922435E+04  9.047004E-03  5.158091E-02  0.000000E+00  0.000000E+00  0.000000E+00  0.000000E+00  0.000000E+00  0.000000E+00
94   6.63701859E-05 -7.229958E+01  1.777685E+04  1.072955E-02  5.604581E-02  0.000000E+00  0.000000E+00  0.000000E+00  0.000000E+00  0.000000E+00  0.000000E+00
95   7.27297511E-05 -7.797809E+01  1.652732E+04  1.269272E-02  6.080284E-02  0.000000E+00  0.000000E+00  0.000000E+00  0.000000E+00  0.000000E+00  0.000000E+00
96   7.96957573E-05 -8.380408E+01  1.548138E+04  1.496974E-02  6.584696E-02  0.000000E+00  0.000000E+00  0.000000E+00  0.000000E+00  0.000000E+00  0.000000E+00
97   8.73256081E-05 -8.966790E+01  1.465150E+04  1.759181E-02  7.116738E-02  0.000000E+00  0.000000E+00  0.000000E+00  0.000000E+00  0.000000E+00  0.000000E+00
98   9.56820770E-05 -9.541187E+01  1.405729E+04  2.058481E-02  7.674811E-02  0.000000E+00  0.000000E+00  0.000000E+00  0.000000E+00  0.000000E+00  0.000000E+00
99   1.04833802E-04 -1.008169E+02  1.371929E+04  2.396476E-02  8.257095E-02  0.000000E+00  0.000000E+00  0.000000E+00  0.000000E+00  0.000000E+00  0.000000E+00
100  1.14855823E-04 -1.055924E+02  1.360631E+04  2.773193E-02  8.861643E-02  0.000000E+00  0.000000E+00  0.000000E+00  0.000000E+00  0.000000E+00  0.000000E+00
101  1.25830168E-04 -1.093919E+02  1.346000E+04  3.186351E-02  9.484401E-02  0.000000E+00  0.000000E+00  0.000000E+00  0.000000E+00  0.000000E+00  0.000000E+00
102  1.37846491E-04 -1.119206E+02  1.278424E+04  3.630691E-02  1.012275E-01  0.000000E+00  0.000000E+00  0.000000E+00  0.000000E+00  0.000000E+00  0.000000E+00
103  1.51002766E-04 -1.131972E+02  1.142935E+04  4.099270E-02  1.078567E-01  0.000000E+00  0.000000E+00  0.000000E+00  0.000000E+00  0.000000E+00  0.000000E+00
104  1.65406038E-04 -1.136590E+02  9.922926E+03  4.587101E-02  1.147824E-01  0.000000E+00  0.000000E+00  0.000000E+00  0.000000E+00  0.000000E+00  0.000000E+00
105  1.81173246E-04 -1.137779E+02  8.749379E+03  5.091813E-02  1.219237E-01  0.000000E+00  0.000000E+00  0.000000E+00  0.000000E+00  0.000000E+00  0.000000E+00
106  1.98432114E-04 -1.137914E+02  7.876953E+03  5.612998E-02  1.292845E-01  0.000000E+00  0.000000E+00  0.000000E+00  0.000000E+00  0.000000E+00  0.000000E+00
107  2.17322125E-04 -1.137778E+02  7.142048E+03  6.151818E-02  1.369301E-01  0.000000E+00  0.000000E+00  0.000000E+00  0.000000E+00  0.000000E+00  0.000000E+00
108  2.37995561E-04 -1.137570E+02  6.482216E+03  6.710058E-02  1.448782E-01  0.000000E+00  0.000000E+00  0.000000E+00  0.000000E+00  0.000000E+00  0.000000E+00
109  2.60618662E-04 -1.137331E+02  5.881899E+03  7.289676E-02  1.531327E-01  0.000000E+00  0.000000E+00  0.000000E+00  0.000000E+00  0.000000E+00  0.000000E+00
110  2.85372849E-04 -1.137068E+02  5.334669E+03  7.892743E-02  1.617014E-01  0.000000E+00  0.000000E+00  0.000000E+00  0.000000E+00  0.000000E+00  0.000000E+00
111  3.12456082E-04 -1.136780E+02  4.835803E+03  8.521459E-02  1.705936E-01  0.000000E+00  0.000000E+00  0.000000E+00  0.000000E+00  0.000000E+00  0.000000E+00
112  3.42084307E-04 -1.136464E+02  4.381099E+03  9.178175E-02  1.798181E-01  0.000000E+00  0.000000E+00  0.000000E+00  0.000000E+00  0.000000E+00  0.000000E+00
113  3.74493042E-04 -1.136117E+02  3.966720E+03  9.865408E-02  1.893832E-01  0.000000E+00  0.000000E+00  0.000000E+00  0.000000E+00  0.000000E+00  0.000000E+00
114  4.09939081E-04 -1.135737E+02  3.589165E+03  1.058586E-01  1.992956E-01  0.000000E+00  0.000000E+00  0.000000E+00  0.000000E+00  0.000000E+00  0.000000E+00
115  4.48702349E-04 -1.135321E+02  3.245236E+03  1.134245E-01  2.095607E-01  0.000000E+00  0.000000E+00  0.000000E+00  0.000000E+00  0.000000E+00  0.000000E+00
116  4.91087899E-04 -1.134865E+02  2.932020E+03  1.213830E-01  2.201820E-01  0.000000E+00  0.000000E+00  0.000000E+00  0.000000E+00  0.000000E+00  0.000000E+00
117  5.37428074E-04 -1.134367E+02  2.646856E+03  1.297681E-01  2.311607E-01  0.000000E+00  0.000000E+00  0.000000E+00  0.000000E+00  0.000000E+00  0.000000E+00
118  5.88084848E-04 -1.133823E+02  2.387317E+03  1.386161E-01  2.424958E-01  0.000000E+00  0.000000E+00  0.000000E+00  0.000000E+00  0.000000E+00  0.000000E+00
119  6.43452337E-04 -1.133228E+02  2.151190E+03  1.479667E-01  2.541830E-01  0.000000E+00  0.000000E+00  0.000000E+00  0.000000E+00  0.000000E+00  0.000000E+00
120  7.03959529E-04 -1.132578E+02  1.936450E+03  1.578624E-01  2.662148E-01  0.000000E+00  0.000000E+00  0.000000E+00  0.000000E+00  0.000000E+00  0.000000E+00
121  7.70073203E-04 -1.131870E+02  1.741252E+03  1.683494E-01  2.785796E-01  0.000000E+00  0.000000E+00  0.000000E+00  0.000000E+00  0.000000E+00  0.000000E+00
122  8.42301095E-04 -1.131097E+02  1.563906E+03  1.794773E-01  2.912613E-01  0.000000E+00  0.000000E+00  0.000000E+00  0.000000E+00  0.000000E+00  0.000000E+00
123  9.21195286E-04 -1.130255E+02  1.402869E+03  1.912998E-01  3.042386E-01  0.000000E+00  0.000000E+00  0.000000E+00  0.000000E+00  0.000000E+00  0.000000E+00
124  1.00735585E-03 -1.129337E+02  1.256730E+03  2.038746E-01  3.174844E-01  0.000000E+00  0.000000E+00  0.000000E+00  0.000000E+00  0.000000E+00  0.000000E+00
125  1.10143478E-03 -1.128340E+02  1.124197E+03  2.172635E-01  3.309648E-01  0.000000E+00  0.000000E+00  0.000000E+00  0.000000E+00  0.000000E+00  0.000000E+00
126  1.20414020E-03 -1.127255E+02  1.004086E+03  2.315327E-01  3.446384E-01  0.000000E+00  0.000000E+00  0.000000E+00  0.000000E+00  0.000000E+00  0.000000E+00
127  1.31624086E-03 -1.126077E+02  8.953134E+02  2.467530E-01  3.584556E-01  0.000000E+00  0.000000E+00  0.000000E+00  0.000000E+00  0.000000E+00  0.000000E+00
128  1.43857096E-03 -1.124799E+02  7.968848E+02  2.629989E-01  3.723573E-01  0.000000E+00  0.000000E+00  0.000000E+00  0.000000E+00  0.000000E+00  0.000000E+00
129  1.57203535E-03 -1.123413E+02  7.078881E+02  2.803493E-01  3.862742E-01  0.000000E+00  0.000000E+00  0.000000E+00  0.000000E+00  0.000000E+00  0.000000E+00
130  1.71761502E-03 -1.121912E+02  6.274861E+02  2.988865E-01  4.001255E-01  0.000000E+00  0.000000E+00  0.000000E+00  0.000000E+00  0.000000E+00  0.000000E+00
131  1.87637300E-03 -1.120288E+02  5.549101E+02  3.186954E-01  4.138181E-01  0.000000E+00  0.000000E+00  0.000000E+00  0.000000E+00  0.000000E+00  0.000000E+00
132  2.04946065E-03 -1.118533E+02  4.894543E+02  3.398629E-01  4.272458E-01  0.000000E+00  0.000000E+00  0.000000E+00  0.000000E+00  0.000000E+00  0.000000E+00
133  2.23812432E-03 -1.116638E+02  4.304705E+02  3.624762E-01  4.402876E-01  0.000000E+00  0.000000E+00  0.000000E+00  0.000000E+00  0.000000E+00  0.000000E+00
134  2.44371250E-03 -1.114595E+02  3.773634E+02  3.866211E-01  4.528076E-01  0.000000E+00  0.000000E+00  0.000000E+00  0.000000E+00  0.000000E+00  0.000000E+00
135  2.66768335E-03 -1.112395E+02  3.295868E+02  4.123793E-01  4.646535E-01  0.000000E+00  0.000000E+00  0.000000E+00  0.000000E+00  0.000000E+00  0.000000E+00
136  2.91161270E-03 -1.110028E+02  2.866398E+02  4.398255E-01  4.756566E-01  0.000000E+00  0.000000E+00  0.000000E+00  0.000000E+00  0.000000E+00  0.000000E+00
137  3.17720252E-03 -1.107484E+02  2.480633E+02  4.690233E-01  4.856311E-01  0.000000E+00  0.000000E+00  0.000000E+00  0.000000E+00  0.000000E+00  0.000000E+00
138  3.46628990E-03 -1.104753E+02  2.134372E+02  5.000205E-01  4.943743E-01  0.000000E+00  0.000000E+00  0.000000E+00  0.000000E+00  0.000000E+00  0.000000E+00
139  3.78085648E-03 -1.101826E+02  1.823776E+02  5.328427E-01  5.016669E-01  0.000000E+00  0.000000E+00  0.000000E+00  0.000000E+00  0.000000E+00  0.000000E+00
140  4.12303844E-03 -1.098691E+02  1.545342E+02  5.674868E-01  5.072738E-01  0.000000E+00  0.000000E+00  0.000000E+00  0.000000E+00  0.000000E+00  0.000000E+00
141  4.49513692E-03 -1.095338E+02  1.295879E+02  6.039119E-01  5.109461E-01  0.000000E+00  0.000000E+00  0.000000E+00  0.000000E+00  0.000000E+00  0.000000E+00
142  4.89962906E-03 -1.091754E+02  1.072487E+02  6.420297E-01  5.124234E-01  0.000000E+00  0.000000E+00  0.000000E+00  0.000000E+00  0.000000E+00  0.000000E+00
143  5.33917949E-03 -1.087927E+02  8.725353E+01  6.816930E-01  5.114369E-01  0.000000E+00  0.000000E+00  0.000000E+00  0.000000E+00  0.000000E+00  0.000000E+00
144  5.81665237E-03 -1.083845E+02  6.936433E+01  7.226828E-01  5.077141E-01  0.000000E+00  0.000000E+00  0.000000E+00  0.000000E+00  0.000000E+00  0.000000E+00
145  6.33512396E-03 -1.079495E+02  5.336597E+01  7.646939E-01  5.009842E-01  0.000000E+00  0.000000E+00  0.000000E+00  0.000000E+00  0.000000E+00  0.000000E+00
146  6.89789567E-03 -1.074861E+02  3.906469E+01  8.073193E-01  4.909854E-01  0.000000E+00  0.000000E+00  0.000000E+00  0.000000E+00  0.000000E+00  0.000000E+00
147  7.50850767E-03 -1.069930E+02  2.628621E+01  8.500341E-01  4.774728E-01  0.000000E+00  0.000000E+00  0.000000E+00  0.000000E+00  0.000000E+00  0.000000E+00
148  8.17075289E-03 -1.064685E+02  1.487423E+01  8.921786E-01  4.602286E-01  0.000000E+00  0.000000E+00  0.000000E+00  0.000000E+00  0.000000E+00  0.000000E+00
149  8.88869163E-03 -1.059110E+02  4.688729E+00  9.329419E-01  4.390730E-01  0.000000E+00  0.000000E+00  0.000000E+00  0.000000E+00  0.000000E+00  0.000000E+00
150  9.66666647E-03 -1.053189E+02 -4.395410E+00  9.713475E-01  4.138772E-01  0.000000E+00  0.000000E+00  0.000000E+00  0.000000E+00  0.000000E+00  0.000000E+00
151  1.05093177E-02 -1.046905E+02 -1.248973E+01  1.006241E+00  3.845765E-01  0.000000E+00  0.000000E+00  0.000000E+00  0.000000E+00  0.000000E+00  0.000000E+00
152  1.14215990E-02 -1.040242E+02 -1.969364E+01  1.036283E+00  3.511859E-01  0.000000E+00  0.000000E+00  0.000000E+00  0.000000E+00  0.000000E+00  0.000000E+00
153  1.24087937E-02 -1.033181E+02 -2.609560E+01  1.059950E+00  3.138146E-01  0.000000E+00  0.000000E+00  0.000000E+00  0.000000E+00  0.000000E+00  0.000000E+00
154  1.34765309E-02 -1.025707E+02 -3.177424E+01  1.075538E+00  2.726795E-01  0.000000E+00  0.000000E+00  0.000000E+00  0.000000E+00  0.000000E+00  0.000000E+00
155  1.46308026E-02 -1.017804E+02 -3.679949E+01  1.081190E+00  2.281195E-01  0.000000E+00  0.000000E+00  0.000000E+00  0.000000E+00  0.000000E+00  0.000000E+00
156  1.58779799E-02 -1.009455E+02 -4.123355E+01  1.074923E+00  1.806071E-01  0.000000E+00  0.000000E+00  0.000000E+00  0.000000E+00  0.000000E+00  0.000000E+00
157  1.72248302E-02 -1.000645E+02 -4.513171E+01  1.054684E+00  1.307557E-01  0.000000E+00  0.000000E+00  0.000000E+00  0.000000E+00  0.000000E+00  0.000000E+00
158  1.86785343E-02 -9.913609E+01 -4.854319E+01  1.018419E+00  7.932316E-02  0.000000E+00  0.000000E+00  0.000000E+00  0.000000E+00  0.000000E+00  0.000000E+00
159  2.02467030E-02 -9.815894E+01 -5.151178E+01  9.641666E-01  2.720940E-02  0.000000E+00  0.000000E+00  0.000000E+00  0.000000E+00  0.000000E+00  0.000000E+00
160  2.19373944E-02 -9.713212E+01 -5.407651E+01  8.901733E-01 -2.455382E-02  0.000000E+00  0.000000E+00  0.000000E+00  0.000000E+00  0.000000E+00  0.000000E+00
161  2.37591298E-02 -9.605492E+01 -5.627230E+01  7.950293E-01 -7.482106E-02  0.000000E+00  0.000000E+00  0.000000E+00  0.000000E+00  0.000000E+00  0.000000E+00
162  2.57209106E-02 -9.492688E+01 -5.813036E+01  6.778248E-01 -1.223608E-01  0.000000E+00  0.000000E+00  0.000000E+00  0.000000E+00  0.000000E+00  0.000000E+00
163  2.78322341E-02 -9.374774E+01 -5.967869E+01  5.383196E-01 -1.658929E-01  0.000000E+00  0.000000E+00  0.000000E+00  0.000000E+00  0.000000E+00  0.000000E+00
164  3.01031089E-02 -9.251730E+01 -6.094235E+01  3.771187E-01 -2.041351E-01  0.000000E+00  0.000000E+00  0.000000E+00  0.000000E+00  0.000000E+00  0.000000E+00
165  3.25440695E-02 -9.123541E+01 -6.194375E+01  1.958439E-01 -2.358587E-01  0.000000E+00  0.000000E+00  0.000000E+00  0.000000E+00  0.000000E+00  0.000000E+00
166  3.51661910E-02 -8.990181E+01 -6.270287E+01 -2.715279E-03 -2.599509E-01  0.000000E+00  0.000000E+00  0.000000E+00  0.000000E+00  0.000000E+00  0.000000E+00
167  3.79811020E-02 -8.851615E+01 -6.323751E+01 -2.144857E-01 -2.754810E-01  0.000000E+00  0.000000E+00  0.000000E+00  0.000000E+00  0.000000E+00  0.000000E+00
168  4.10009974E-02 -8.707813E+01 -6.356360E+01 -4.340511E-01 -2.817674E-01  0.000000E+00  0.000000E+00  0.000000E+00  0.000000E+00  0.000000E+00  0.000000E+00
169  4.42386497E-02 -8.558753E+01 -6.369548E+01 -6.546681E-01 -2.784401E-01  0.000000E+00  0.000000E+00  0.000000E+00  0.000000E+00  0.000000E+00  0.000000E+00
170  4.77074197E-02 -8.404448E+01 -6.364633E+01 -8.683757E-01 -2.654932E-01  0.000000E+00  0.000000E+00  0.000000E+00  0.000000E+00  0.000000E+00  0.000000E+00
171  5.14212654E-02 -8.244954E+01 -6.342834E+01 -1.066215E+00 -2.433222E-01  0.000000E+00  0.000000E+00  0.000000E+00  0.000000E+00  0.000000E+00  0.000000E+00
172  5.53947501E-02 -8.080373E+01 -6.305302E+01 -1.238563E+00 -2.127404E-01  0.000000E+00  0.000000E+00  0.000000E+00  0.000000E+00  0.000000E+00  0.000000E+00
173  5.96430493E-02 -7.910857E+01 -6.253144E+01 -1.375589E+00 -1.749689E-01  0.000000E+00  0.000000E+00  0.000000E+00  0.000000E+00  0.000000E+00  0.000000E+00
174  6.41819554E-02 -7.736619E+01 -6.187428E+01 -1.467803E+00 -1.315995E-01  0.000000E+00  0.000000E+00  0.000000E+00  0.000000E+00  0.000000E+00  0.000000E+00
175  6.90278820E-02 -7.557975E+01 -6.109241E+01 -1.506691E+00 -8.452735E-02  0.000000E+00  0.000000E+00  0.000000E+00  0.000000E+00  0.000000E+00  0.000000E+00
176  7.41978654E-02 -7.375302E+01 -6.019656E+01 -1.485382E+00 -3.585654E-02  0.000000E+00  0.000000E+00  0.000000E+00  0.000000E+00  0.000000E+00  0.000000E+00
177  7.97095656E-02 -7.189106E+01 -5.919800E+01 -1.399296E+00  1.221585E-02  0.000000E+00  0.000000E+00  0.000000E+00  0.000000E+00  0.000000E+00  0.000000E+00
178  8.55812653E-02 -6.999914E+01 -5.810756E+01 -1.246722E+00  5.753018E-02  0.000000E+00  0.000000E+00  0.000000E+00  0.000000E+00  0.000000E+00  0.000000E+00
179  9.18318667E-02 -6.808254E+01 -5.693559E+01 -1.029250E+00  9.809778E-02  0.000000E+00  0.000000E+00  0.000000E+00  0.000000E+00  0.000000E+00  0.000000E+00
180  9.84808874E-02 -6.614581E+01 -5.569121E+01 -7.520124E-01  1.322272E-01  0.000000E+00  0.000000E+00  0.000000E+00  0.000000E+00  0.000000E+00  0.000000E+00
181  1.05548454E-01 -6.419250E+01 -5.438215E+01 -4.236776E-01  1.586319E-01  0.000000E+00  0.000000E+00  0.000000E+00  0.000000E+00  0.000000E+00  0.000000E+00
182  1.13055295E-01 -6.222482E+01 -5.301443E+01 -5.616922E-02  1.765103E-01  0.000000E+00  0.000000E+00  0.000000E+00  0.000000E+00  0.000000E+00  0.000000E+00
183  1.21022731E-01 -6.024497E+01 -5.159368E+01  3.358933E-01  1.855896E-01  0.000000E+00  0.000000E+00  0.000000E+00  0.000000E+00  0.000000E+00  0.000000E+00
184  1.29472662E-01 -5.825457E+01 -5.012468E+01  7.360128E-01  1.861300E-01  0.000000E+00  0.000000E+00  0.000000E+00  0.000000E+00  0.000000E+00  0.000000E+00
185  1.38427558E-01 -5.625649E+01 -4.861312E+01  1.126838E+00  1.788856E-01  0.000000E+00  0.000000E+00  0.000000E+00  0.000000E+00  0.000000E+00  0.000000E+00
186  1.47910441E-01 -5.425416E+01 -4.706501E+01  1.491312E+00  1.650262E-01  0.000000E+00  0.000000E+00  0.000000E+00  0.000000E+00  0.000000E+00  0.000000E+00
187  1.57944873E-01 -5.225194E+01 -4.548713E+01  1.813837E+00  1.460270E-01  0.000000E+00  0.000000E+00  0.000000E+00  0.000000E+00  0.000000E+00  0.000000E+00
188  1.68554937E-01 -5.025543E+01 -4.388727E+01  2.081353E+00  1.235377E-01  0.000000E+00  0.000000E+00  0.000000E+00  0.000000E+00  0.000000E+00  0.000000E+00
189  1.79765217E-01 -4.827134E+01 -4.227418E+01  2.284207E+00  9.924355E-02  0.000000E+00  0.000000E+00  0.000000E+00  0.000000E+00  0.000000E+00  0.000000E+00
190  1.91600782E-01 -4.630822E+01 -4.065822E+01  2.416739E+00  7.473371E-02  0.000000E+00  0.000000E+00  0.000000E+00  0.000000E+00  0.000000E+00  0.000000E+00
191  2.04087162E-01 -4.437525E+01 -3.905024E+01  2.477506E+00  5.138983E-02  0.000000E+00  0.000000E+00  0.000000E+00  0.000000E+00  0.000000E+00  0.000000E+00
192  2.17250328E-01 -4.248130E+01 -3.746063E+01  2.469151E+00  3.030577E-02  0.000000E+00  0.000000E+00  0.000000E+00  0.000000E+00  0.000000E+00  0.000000E+00
193  2.31116670E-01 -4.063356E+01 -3.589795E+01  2.397928E+00  1.224451E-02  0.000000E+00  0.000000E+00  0.000000E+00  0.000000E+00  0.000000E+00  0.000000E+00
194  2.45712970E-01 -3.883639E+01 -3.436787E+01  2.272968E+00 -2.367758E-03  0.000000E+00  0.000000E+00  0.000000E+00  0.000000E+00  0.000000E+00  0.000000E+00
195  2.61066381E-01 -3.709080E+01 -3.287258E+01  2.105379E+00 -1.341547E-02  0.000000E+00  0.000000E+00  0.000000E+00  0.000000E+00  0.000000E+00  0.000000E+00
196  2.77204402E-01 -3.539522E+01 -3.141162E+01  1.907270E+00 -2.104461E-02  0.000000E+00  0.000000E+00  0.000000E+00  0.000000E+00  0.000000E+00  0.000000E+00
197  2.94154851E-01 -3.374603E+01 -2.998241E+01  1.690824E+00 -2.560003E-02  0.000000E+00  0.000000E+00  0.000000E+00  0.000000E+00  0.000000E+00  0.000000E+00
198  3.11945839E-01 -3.213938E+01 -2.858206E+01  1.467468E+00 -2.755824E-02  0.000000E+00  0.000000E+00  0.000000E+00  0.000000E+00  0.000000E+00  0.000000E+00
199  3.30605749E-01 -3.057208E+01 -2.720827E+01  1.247219E+00 -2.746284E-02  0.000000E+00  0.000000E+00  0.000000E+00  0.000000E+00  0.000000E+00  0.000000E+00
200  3.50163201E-01 -2.904191E+01 -2.585964E+01  1.038232E+00 -2.586748E-02  0.000000E+00  0.000000E+00  0.000000E+00  0.000000E+00  0.000000E+00  0.000000E+00
201  3.70647037E-01 -2.754772E+01 -2.453581E+01  8.465723E-01 -2.329000E-02  0.000000E+00  0.000000E+00  0.000000E+00  0.000000E+00  0.000000E+00  0.000000E+00
202  3.92086284E-01 -2.608909E+01 -2.323709E+01  6.761838E-01 -2.017992E-02  0.000000E+00  0.000000E+00  0.000000E+00  0.000000E+00  0.000000E+00  0.000000E+00
203  4.14510136E-01 -2.466664E+01 -2.196479E+01  5.290420E-01 -1.689966E-02  0.000000E+00  0.000000E+00  0.000000E+00  0.000000E+00  0.000000E+00  0.000000E+00
204  4.37947926E-01 -2.328187E+01 -2.072107E+01  4.054332E-01 -1.371838E-02  0.000000E+00  0.000000E+00  0.000000E+00  0.000000E+00  0.000000E+00  0.000000E+00
205  4.62429099E-01 -2.193809E+01 -1.950983E+01  3.043134E-01 -1.081610E-02  0.000000E+00  0.000000E+00  0.000000E+00  0.000000E+00  0.000000E+00  0.000000E+00
206  4.87983189E-01 -2.063931E+01 -1.833564E+01  2.236954E-01 -8.294911E-03  0.000000E+00  0.000000E+00  0.000000E+00  0.000000E+00  0.000000E+00  0.000000E+00
207  5.14639796E-01 -1.938985E+01 -1.720333E+01  1.610212E-01 -6.194266E-03  0.000000E+00  0.000000E+00  0.000000E+00  0.000000E+00  0.000000E+00  0.000000E+00
208  5.42428559E-01 -1.819359E+01 -1.611726E+01  1.134880E-01 -4.507679E-03  0.000000E+00  0.000000E+00  0.000000E+00  0.000000E+00  0.000000E+00  0.000000E+00
209  5.71379134E-01 -1.705338E+01 -1.508073E+01  7.830729E-02 -3.198630E-03  0.000000E+00  0.000000E+00  0.000000E+00  0.000000E+00  0.000000E+00  0.000000E+00
210  6.01521174E-01 -1.597077E+01 -1.409571E+01  5.289073E-02 -2.214219E-03  0.000000E+00  0.000000E+00  0.000000E+00  0.000000E+00  0.000000E+00  0.000000E+00
211  6.32884304E-01 -1.494599E+01 -1.316283E+01  3.496348E-02 -1.495780E-03  0.000000E+00  0.000000E+00  0.000000E+00  0.000000E+00  0.000000E+00  0.000000E+00
212  6.65498101E-01 -1.397835E+01 -1.228174E+01  2.261691E-02 -9.862973E-04  0.000000E+00  0.000000E+00  0.000000E+00  0.000000E+00  0.000000E+00  0.000000E+00
213  6.99392074E-01 -1.306612E+01 -1.145106E+01  1.431378E-02 -6.349022E-04  0.000000E+00  0.000000E+00  0.000000E+00  0.000000E+00  0.000000E+00  0.000000E+00
214  7.34595647E-01 -1.220709E+01 -1.066889E+01  8.861156E-03 -3.990247E-04  0.000000E+00  0.000000E+00  0.000000E+00  0.000000E+00  0.000000E+00  0.000000E+00
215  7.71138136E-01 -1.139885E+01 -9.933134E+00  5.364716E-03 -2.448474E-04  0.000000E+00  0.000000E+00  0.000000E+00  0.000000E+00  0.000000E+00  0.000000E+00
216  8.09048735E-01 -1.063870E+01 -9.241342E+00  3.175582E-03 -1.466832E-04  0.000000E+00  0.000000E+00  0.000000E+00  0.000000E+00  0.000000E+00  0.000000E+00
217  8.48356497E-01 -9.924027E+00 -8.591182E+00  1.837444E-03 -8.578707E-05  0.000000E+00  0.000000E+00  0.000000E+00  0.000000E+00  0.000000E+00  0.000000E+00
218  8.89090320E-01 -9.252337E+00 -7.980389E+00  1.038984E-03 -4.897455E-05  0.000000E+00  0.000000E+00  0.000000E+00  0.000000E+00  0.000000E+00  0.000000E+00
219  9.31278931E-01 -8.621272E+00 -7.406833E+00  5.739744E-04 -2.728746E-05  0.000000E+00  0.000000E+00  0.000000E+00  0.000000E+00  0.000000E+00  0.000000E+00
220  9.74950871E-01 -8.028653E+00 -6.868549E+00  3.097035E-04 -1.483627E-05  0.000000E+00  0.000000E+00  0.000000E+00  0.000000E+00  0.000000E+00  0.000000E+00
221  1.02013448E+00 -7.472483E+00 -6.363735E+00  1.631728E-04 -7.869916E-06  0.000000E+00  0.000000E+00  0.000000E+00  0.000000E+00  0.000000E+00  0.000000E+00
222  1.06685790E+00 -6.950938E+00 -5.890751E+00  8.392142E-05 -4.071976E-06  0.000000E+00  0.000000E+00  0.000000E+00  0.000000E+00  0.000000E+00  0.000000E+00
223  1.11514904E+00 -6.462342E+00 -5.448094E+00  4.212050E-05 -2.054606E-06  0.000000E+00  0.000000E+00  0.000000E+00  0.000000E+00  0.000000E+00  0.000000E+00
224  1.16503557E+00 -6.005141E+00 -5.034371E+00  2.062436E-05 -1.010722E-06  0.000000E+00  0.000000E+00  0.000000E+00  0.000000E+00  0.000000E+00  0.000000E+00
225  1.21654493E+00 -5.577872E+00 -4.648269E+00  9.849223E-06 -4.846192E-07  0.000000E+00  0.000000E+00  0.000000E+00  0.000000E+00  0.000000E+00  0.000000E+00
226  1.26970431E+00 -5.179138E+00 -4.288532E+00  4.585903E-06 -2.264207E-07  0.000000E+00  0.000000E+00  0.000000E+00  0.000000E+00  0.000000E+00  0.000000E+00
227  1.32454062E+00 -4.807584E+00 -3.953936E+00  2.081201E-06 -1.030514E-07  0.000000E+00  0.000000E+00  0.000000E+00  0.000000E+00  0.000000E+00  0.000000E+00
228  1.38108053E+00 -4.461881E+00 -3.643274E+00  9.203080E-07 -4.567575E-08  0.000000E+00  0.000000E+00  0.000000E+00  0.000000E+00  0.000000E+00  0.000000E+00
229  1.43935041E+00 -4.140715E+00 -3.355346E+00  3.964097E-07 -1.970963E-08  0.000000E+00  0.000000E+00  0.000000E+00  0.000000E+00  0.000000E+00  0.000000E+00
230  1.49937637E+00 -3.842783E+00 -3.088959E+00  1.662677E-07 -8.277435E-09  0.000000E+00  0.000000E+00  0.000000E+00  0.000000E+00  0.000000E+00  0.000000E+00
231  1.56118423E+00 -3.566793E+00 -2.842917E+00  6.788651E-08 -3.382180E-09  0.000000E+00  0.000000E+00  0.000000E+00  0.000000E+00  0.000000E+00  0.000000E+00
232  1.62479950E+00 -3.311462E+00 -2.616034E+00  2.697299E-08 -1.344116E-09  0.000000E+00  0.000000E+00  0.000000E+00  0.000000E+00  0.000000E+00  0.000000E+00
233  1.69024742E+00 -3.075526E+00 -2.407132E+00  1.042560E-08 -5.193583E-10  0.000000E+00  0.000000E+00  0.000000E+00  0.000000E+00  0.000000E+00  0.000000E+00
234  1.75755291E+00 -2.857739E+00 -2.215047E+00  3.918820E-09 -1.950453E-10  0.000000E+00  0.000000E+00  0.000000E+00  0.000000E+00  0.000000E+00  0.000000E+00
235  1.82674061E+00 -2.656886E+00 -2.038641E+00  1.432008E-09 -7.116813E-11  0.000000E+00  0.000000E+00  0.000000E+00  0.000000E+00  0.000000E+00  0.000000E+00
236  1.89783484E+00 -2.471784E+00 -1.876803E+00  5.085391E-10 -2.898000E-11  0.000000E+00  0.000000E+00  0.000000E+00  0.000000E+00  0.000000E+00  0.000000E+00
237  1.97085962E+00 -2.301291E+00 -1.728457E+00  1.754460E-10  8.031799E-13  0.000000E+00  0.000000E+00  0.000000E+00  0.000000E+00  0.000000E+00  0.000000E+00
