#      n =  5
#  kappa =  1
# energy = -7.18042010E+02
#zenergy =  0.00000000E+00
#     dn =  4.86246557E+00
# qrnorm =  1.00135620E+00
#SelfEne =  2.72113860E+32
#     vc = -4.62739627E+03
#     vr = -6.15900258E+03
#  ilast =  257
#    ifm =    0
#    cfm =  0.00000000E+00
#    xfm =  0.00000000E+00
#    rfn =  3.01031089E-02
#    pdx =  1.99449941E+00
#   bqp0 =  2.94131626E+04
#   bqp1 =  0.00000000E+00
#    idx = 17
# LEPTON = 0
#   MASS =  1.00000000E+00
# CHARGE =  1.00000000E+00
#  EUNIT =  2.72113860E+01
#  RUNIT =  4.13413733E+16
#  LUNIT =  5.29177211E-01
#    AMU =  1.82288849E+03
#    FSC =  7.29735257E-03


0    1.15188851E-08 -1.353336E-02  9.766636E+07  1.900386E-10  5.582335E-06  0.000000E+00  0.000000E+00  0.000000E+00  0.000000E+00  0.000000E+00  0.000000E+00
1    1.26324944E-08 -1.484172E-02  8.905667E+07  2.284435E-10  6.122179E-06  0.000000E+00  0.000000E+00  0.000000E+00  0.000000E+00  0.000000E+00  0.000000E+00
2    1.38537398E-08 -1.627655E-02  8.120611E+07  2.746428E-10  6.713995E-06  0.000000E+00  0.000000E+00  0.000000E+00  0.000000E+00  0.000000E+00  0.000000E+00
3    1.51930753E-08 -1.785011E-02  7.404746E+07  3.302159E-10  7.363036E-06  0.000000E+00  0.000000E+00  0.000000E+00  0.000000E+00  0.000000E+00  0.000000E+00
4    1.66618647E-08 -1.957577E-02  6.751999E+07  3.970614E-10  8.074933E-06  0.000000E+00  0.000000E+00  0.000000E+00  0.000000E+00  0.000000E+00  0.000000E+00
5    1.82726173E-08 -2.146822E-02  6.156805E+07  4.774631E-10  8.855534E-06  0.000000E+00  0.000000E+00  0.000000E+00  0.000000E+00  0.000000E+00  0.000000E+00
6    2.00391211E-08 -2.354366E-02  5.614068E+07  5.741689E-10  9.711578E-06  0.000000E+00  0.000000E+00  0.000000E+00  0.000000E+00  0.000000E+00  0.000000E+00
7    2.19763633E-08 -2.581969E-02  5.119183E+07  6.904814E-10  1.065051E-05  0.000000E+00  0.000000E+00  0.000000E+00  0.000000E+00  0.000000E+00  0.000000E+00
8    2.41008426E-08 -2.831571E-02  4.667931E+07  8.303739E-10  1.168014E-05  0.000000E+00  0.000000E+00  0.000000E+00  0.000000E+00  0.000000E+00  0.000000E+00
9    2.64306977E-08 -3.105302E-02  4.256457E+07  9.986254E-10  1.280921E-05  0.000000E+00  0.000000E+00  0.000000E+00  0.000000E+00  0.000000E+00  0.000000E+00
10   2.89857824E-08 -3.405495E-02  3.881254E+07  1.200983E-09  1.404750E-05  0.000000E+00  0.000000E+00  0.000000E+00  0.000000E+00  0.000000E+00  0.000000E+00
11   3.17878148E-08 -3.734702E-02  3.539131E+07  1.444357E-09  1.540550E-05  0.000000E+00  0.000000E+00  0.000000E+00  0.000000E+00  0.000000E+00  0.000000E+00
12   3.48607173E-08 -4.095732E-02  3.227165E+07  1.737062E-09  1.689463E-05  0.000000E+00  0.000000E+00  0.000000E+00  0.000000E+00  0.000000E+00  0.000000E+00
13   3.82306748E-08 -4.491663E-02  2.942698E+07  2.089094E-09  1.852779E-05  0.000000E+00  0.000000E+00  0.000000E+00  0.000000E+00  0.000000E+00  0.000000E+00
14   4.19263305E-08 -4.925860E-02  2.683311E+07  2.512474E-09  2.031894E-05  0.000000E+00  0.000000E+00  0.000000E+00  0.000000E+00  0.000000E+00  0.000000E+00
15   4.59791553E-08 -5.402020E-02  2.446793E+07  3.021661E-09  2.228308E-05  0.000000E+00  0.000000E+00  0.000000E+00  0.000000E+00  0.000000E+00  0.000000E+00
16   5.04237480E-08 -5.924209E-02  2.231122E+07  3.634046E-09  2.443706E-05  0.000000E+00  0.000000E+00  0.000000E+00  0.000000E+00  0.000000E+00  0.000000E+00
17   5.52978827E-08 -6.496863E-02  2.034465E+07  4.370537E-09  2.679923E-05  0.000000E+00  0.000000E+00  0.000000E+00  0.000000E+00  0.000000E+00  0.000000E+00
18   6.06431682E-08 -7.124872E-02  1.855142E+07  5.256289E-09  2.938966E-05  0.000000E+00  0.000000E+00  0.000000E+00  0.000000E+00  0.000000E+00  0.000000E+00
19   6.65050319E-08 -7.813574E-02  1.691628E+07  6.321542E-09  3.223067E-05  0.000000E+00  0.000000E+00  0.000000E+00  0.000000E+00  0.000000E+00  0.000000E+00
20   7.29333857E-08 -8.568831E-02  1.542529E+07  7.602669E-09  3.534603E-05  0.000000E+00  0.000000E+00  0.000000E+00  0.000000E+00  0.000000E+00  0.000000E+00
21   7.99831019E-08 -9.397091E-02  1.406571E+07  9.143418E-09  3.876243E-05  0.000000E+00  0.000000E+00  0.000000E+00  0.000000E+00  0.000000E+00  0.000000E+00
22   8.77140888E-08 -1.030539E-01  1.282599E+07  1.099639E-08  4.250929E-05  0.000000E+00  0.000000E+00  0.000000E+00  0.000000E+00  0.000000E+00  0.000000E+00
23   9.61921683E-08 -1.130147E-01  1.169556E+07  1.322485E-08  4.661789E-05  0.000000E+00  0.000000E+00  0.000000E+00  0.000000E+00  0.000000E+00  0.000000E+00
24   1.05489704E-07 -1.239382E-01  1.066476E+07  1.590488E-08  5.112384E-05  0.000000E+00  0.000000E+00  0.000000E+00  0.000000E+00  0.000000E+00  0.000000E+00
25   1.15685498E-07 -1.359171E-01  9.724841E+06  1.912795E-08  5.606528E-05  0.000000E+00  0.000000E+00  0.000000E+00  0.000000E+00  0.000000E+00  0.000000E+00
26   1.26866736E-07 -1.490537E-01  8.867763E+06  2.300412E-08  6.148374E-05  0.000000E+00  0.000000E+00  0.000000E+00  0.000000E+00  0.000000E+00  0.000000E+00
27   1.39128422E-07 -1.634598E-01  8.086236E+06  2.766568E-08  6.742622E-05  0.000000E+00  0.000000E+00  0.000000E+00  0.000000E+00  0.000000E+00  0.000000E+00
28   1.52574936E-07 -1.792579E-01  7.373600E+06  3.327176E-08  7.394279E-05  0.000000E+00  0.000000E+00  0.000000E+00  0.000000E+00  0.000000E+00  0.000000E+00
29   1.67320740E-07 -1.965825E-01  6.723779E+06  4.001370E-08  8.108956E-05  0.000000E+00  0.000000E+00  0.000000E+00  0.000000E+00  0.000000E+00  0.000000E+00
30   1.83491034E-07 -2.155807E-01  6.131248E+06  4.812156E-08  8.892639E-05  0.000000E+00  0.000000E+00  0.000000E+00  0.000000E+00  0.000000E+00  0.000000E+00
31   2.01224065E-07 -2.364149E-01  5.590934E+06  5.787214E-08  9.751961E-05  0.000000E+00  0.000000E+00  0.000000E+00  0.000000E+00  0.000000E+00  0.000000E+00
32   2.20670476E-07 -2.592622E-01  5.098244E+06  6.959814E-08  1.069443E-04  0.000000E+00  0.000000E+00  0.000000E+00  0.000000E+00  0.000000E+00  0.000000E+00
33   2.41995359E-07 -2.843164E-01  4.648987E+06  8.369965E-08  1.172796E-04  0.000000E+00  0.000000E+00  0.000000E+00  0.000000E+00  0.000000E+00  0.000000E+00
34   2.65380548E-07 -3.117912E-01  4.239327E+06  1.006579E-07  1.286125E-04  0.000000E+00  0.000000E+00  0.000000E+00  0.000000E+00  0.000000E+00  0.000000E+00
35   2.91025055E-07 -3.419204E-01  3.865772E+06  1.210515E-07  1.410401E-04  0.000000E+00  0.000000E+00  0.000000E+00  0.000000E+00  0.000000E+00  0.000000E+00
36   3.19147112E-07 -3.749604E-01  3.525140E+06  1.455763E-07  1.546690E-04  0.000000E+00  0.000000E+00  0.000000E+00  0.000000E+00  0.000000E+00  0.000000E+00
37   3.49985415E-07 -4.111917E-01  3.214534E+06  1.750687E-07  1.696143E-04  0.000000E+00  0.000000E+00  0.000000E+00  0.000000E+00  0.000000E+00  0.000000E+00
38   3.83802870E-07 -4.509230E-01  2.931302E+06  2.105350E-07  1.860028E-04  0.000000E+00  0.000000E+00  0.000000E+00  0.000000E+00  0.000000E+00  0.000000E+00
39   4.20886484E-07 -4.944916E-01  2.673034E+06  2.531848E-07  2.039757E-04  0.000000E+00  0.000000E+00  0.000000E+00  0.000000E+00  0.000000E+00  0.000000E+00
40   4.61551568E-07 -5.422680E-01  2.437531E+06  3.044727E-07  2.236827E-04  0.000000E+00  0.000000E+00  0.000000E+00  0.000000E+00  0.000000E+00  0.000000E+00
41   5.06144738E-07 -5.946592E-01  2.222780E+06  3.661479E-07  2.452943E-04  0.000000E+00  0.000000E+00  0.000000E+00  0.000000E+00  0.000000E+00  0.000000E+00
42   5.55043416E-07 -6.521087E-01  2.026960E+06  4.403130E-07  2.689932E-04  0.000000E+00  0.000000E+00  0.000000E+00  0.000000E+00  0.000000E+00  0.000000E+00
43   6.08665140E-07 -7.151070E-01  1.848394E+06  5.294975E-07  2.949782E-04  0.000000E+00  0.000000E+00  0.000000E+00  0.000000E+00  0.000000E+00  0.000000E+00
44   6.67464839E-07 -7.841884E-01  1.685565E+06  6.367415E-07  3.234741E-04  0.000000E+00  0.000000E+00  0.000000E+00  0.000000E+00  0.000000E+00  0.000000E+00
45   7.31942298E-07 -8.599402E-01  1.537086E+06  7.657011E-07  3.547207E-04  0.000000E+00  0.000000E+00  0.000000E+00  0.000000E+00  0.000000E+00  0.000000E+00
46   8.02645521E-07 -9.430059E-01  1.401691E+06  9.207717E-07  3.889860E-04  0.000000E+00  0.000000E+00  0.000000E+00  0.000000E+00  0.000000E+00  0.000000E+00
47   8.80173851E-07 -1.034090E+00  1.278229E+06  1.107238E-06  4.265593E-04  0.000000E+00  0.000000E+00  0.000000E+00  0.000000E+00  0.000000E+00  0.000000E+00
48   9.65187363E-07 -1.133966E+00  1.165645E+06  1.331454E-06  4.677559E-04  0.000000E+00  0.000000E+00  0.000000E+00  0.000000E+00  0.000000E+00  0.000000E+00
49   1.05840841E-06 -1.243485E+00  1.062982E+06  1.601059E-06  5.129321E-04  0.000000E+00  0.000000E+00  0.000000E+00  0.000000E+00  0.000000E+00  0.000000E+00
50   1.16062649E-06 -1.363572E+00  9.693663E+05  1.925237E-06  5.624699E-04  0.000000E+00  0.000000E+00  0.000000E+00  0.000000E+00  0.000000E+00  0.000000E+00
51   1.27271098E-06 -1.495249E+00  8.839907E+05  2.315031E-06  6.167842E-04  0.000000E+00  0.000000E+00  0.000000E+00  0.000000E+00  0.000000E+00  0.000000E+00
52   1.39561366E-06 -1.639632E+00  8.061630E+05  2.783715E-06  6.763429E-04  0.000000E+00  0.000000E+00  0.000000E+00  0.000000E+00  0.000000E+00  0.000000E+00
53   1.53037545E-06 -1.797945E+00  7.351755E+05  3.347245E-06  7.416499E-04  0.000000E+00  0.000000E+00  0.000000E+00  0.000000E+00  0.000000E+00  0.000000E+00
54   1.67814121E-06 -1.971531E+00  6.704370E+05  4.024807E-06  8.132555E-04  0.000000E+00  0.000000E+00  0.000000E+00  0.000000E+00  0.000000E+00  0.000000E+00
55   1.84016332E-06 -2.161859E+00  6.114075E+05  4.839458E-06  8.917665E-04  0.000000E+00  0.000000E+00  0.000000E+00  0.000000E+00  0.000000E+00  0.000000E+00
56   2.01781791E-06 -2.370544E+00  5.575869E+05  5.818922E-06  9.778509E-04  0.000000E+00  0.000000E+00  0.000000E+00  0.000000E+00  0.000000E+00  0.000000E+00
57   2.21260837E-06 -2.599349E+00  5.084982E+05  6.996515E-06  1.072239E-03  0.000000E+00  0.000000E+00  0.000000E+00  0.000000E+00  0.000000E+00  0.000000E+00
58   2.42618768E-06 -2.850213E+00  4.637333E+05  8.412287E-06  1.175723E-03  0.000000E+00  0.000000E+00  0.000000E+00  0.000000E+00  0.000000E+00  0.000000E+00
59   2.66036608E-06 -3.125258E+00  4.229220E+05  1.011437E-05  1.289185E-03  0.000000E+00  0.000000E+00  0.000000E+00  0.000000E+00  0.000000E+00  0.000000E+00
60   2.91712608E-06 -3.426805E+00  3.856994E+05  1.216062E-05  1.413585E-03  0.000000E+00  0.000000E+00  0.000000E+00  0.000000E+00  0.000000E+00  0.000000E+00
61   3.19864172E-06 -3.757400E+00  3.517540E+05  1.462056E-05  1.549968E-03  0.000000E+00  0.000000E+00  0.000000E+00  0.000000E+00  0.000000E+00  0.000000E+00
62   3.50729895E-06 -4.119834E+00  3.208026E+05  1.757772E-05  1.699489E-03  0.000000E+00  0.000000E+00  0.000000E+00  0.000000E+00  0.000000E+00  0.000000E+00
63   3.84570703E-06 -4.517158E+00  2.925752E+05  2.113251E-05  1.863410E-03  0.000000E+00  0.000000E+00  0.000000E+00  0.000000E+00  0.000000E+00  0.000000E+00
64   4.21673218E-06 -4.952718E+00  2.668349E+05  2.540553E-05  2.043109E-03  0.000000E+00  0.000000E+00  0.000000E+00  0.000000E+00  0.000000E+00  0.000000E+00
65   4.62351027E-06 -5.430172E+00  2.433622E+05  3.054169E-05  2.240102E-03  0.000000E+00  0.000000E+00  0.000000E+00  0.000000E+00  0.000000E+00  0.000000E+00
66   5.06948188E-06 -5.953526E+00  2.219560E+05  3.671506E-05  2.456042E-03  0.000000E+00  0.000000E+00  0.000000E+00  0.000000E+00  0.000000E+00  0.000000E+00
67   5.55841513E-06 -6.527161E+00  2.024353E+05  4.413471E-05  2.692742E-03  0.000000E+00  0.000000E+00  0.000000E+00  0.000000E+00  0.000000E+00  0.000000E+00
68   6.09444194E-06 -7.155870E+00  1.846339E+05  5.305173E-05  2.952182E-03  0.000000E+00  0.000000E+00  0.000000E+00  0.000000E+00  0.000000E+00  0.000000E+00
69   6.68208796E-06 -7.844888E+00  1.684005E+05  6.376758E-05  3.236534E-03  0.000000E+00  0.000000E+00  0.000000E+00  0.000000E+00  0.000000E+00  0.000000E+00
70   7.32631387E-06 -8.599937E+00  1.535965E+05  7.664417E-05  3.548167E-03  0.000000E+00  0.000000E+00  0.000000E+00  0.000000E+00  0.000000E+00  0.000000E+00
71   8.03255410E-06 -9.427259E+00  1.400960E+05  9.211586E-05  3.889671E-03  0.000000E+00  0.000000E+00  0.000000E+00  0.000000E+00  0.000000E+00  0.000000E+00
72   8.80676514E-06 -1.033367E+01  1.277847E+05  1.107038E-04  4.263871E-03  0.000000E+00  0.000000E+00  0.000000E+00  0.000000E+00  0.000000E+00  0.000000E+00
73   9.65547241E-06 -1.132658E+01  1.165575E+05  1.330331E-04  4.673856E-03  0.000000E+00  0.000000E+00  0.000000E+00  0.000000E+00  0.000000E+00  0.000000E+00
74   1.05858245E-05 -1.241408E+01  1.063190E+05  1.598533E-04  5.122988E-03  0.000000E+00  0.000000E+00  0.000000E+00  0.000000E+00  0.000000E+00  0.000000E+00
75   1.16056565E-05 -1.360495E+01  9.698251E+04  1.920625E-04  5.614930E-03  0.000000E+00  0.000000E+00  0.000000E+00  0.000000E+00  0.000000E+00  0.000000E+00
76   1.27235477E-05 -1.490870E+01  8.846828E+04  2.307367E-04  6.153668E-03  0.000000E+00  0.000000E+00  0.000000E+00  0.000000E+00  0.000000E+00  0.000000E+00
77   1.39489005E-05 -1.633564E+01  8.070432E+04  2.771636E-04  6.743524E-03  0.000000E+00  0.000000E+00  0.000000E+00  0.000000E+00  0.000000E+00  0.000000E+00
78   1.52920125E-05 -1.789690E+01  7.362474E+04  3.328836E-04  7.389193E-03  0.000000E+00  0.000000E+00  0.000000E+00  0.000000E+00  0.000000E+00  0.000000E+00
79   1.67641622E-05 -1.960446E+01  6.716918E+04  3.997373E-04  8.095741E-03  0.000000E+00  0.000000E+00  0.000000E+00  0.000000E+00  0.000000E+00  0.000000E+00
80   1.83777068E-05 -2.147114E+01  6.128328E+04  4.799219E-04  8.868633E-03  0.000000E+00  0.000000E+00  0.000000E+00  0.000000E+00  0.000000E+00  0.000000E+00
81   2.01461771E-05 -2.351063E+01  5.591720E+04  5.760565E-04  9.713750E-03  0.000000E+00  0.000000E+00  0.000000E+00  0.000000E+00  0.000000E+00  0.000000E+00
82   2.20843934E-05 -2.573743E+01  5.102560E+04  6.912584E-04  1.063738E-02  0.000000E+00  0.000000E+00  0.000000E+00  0.000000E+00  0.000000E+00  0.000000E+00
83   2.42085847E-05 -2.816676E+01  4.656739E+04  8.292305E-04  1.164621E-02  0.000000E+00  0.000000E+00  0.000000E+00  0.000000E+00  0.000000E+00  0.000000E+00
84   2.65365232E-05 -3.081444E+01  4.250522E+04  9.943613E-04  1.274734E-02  0.000000E+00  0.000000E+00  0.000000E+00  0.000000E+00  0.000000E+00  0.000000E+00
85   2.90876670E-05 -3.369668E+01  3.880530E+04  1.191837E-03  1.394820E-02  0.000000E+00  0.000000E+00  0.000000E+00  0.000000E+00  0.000000E+00  0.000000E+00
86   3.18833230E-05 -3.682977E+01  3.543717E+04  1.427768E-03  1.525652E-02  0.000000E+00  0.000000E+00  0.000000E+00  0.000000E+00  0.000000E+00  0.000000E+00
87   3.49468144E-05 -4.022959E+01  3.237346E+04  1.709316E-03  1.668023E-02  0.000000E+00  0.000000E+00  0.000000E+00  0.000000E+00  0.000000E+00  0.000000E+00
88   3.83036760E-05 -4.391097E+01  2.958974E+04  2.044844E-03  1.822734E-02  0.000000E+00  0.000000E+00  0.000000E+00  0.000000E+00  0.000000E+00  0.000000E+00
89   4.19818574E-05 -4.788683E+01  2.706459E+04  2.444046E-03  1.990574E-02  0.000000E+00  0.000000E+00  0.000000E+00  0.000000E+00  0.000000E+00  0.000000E+00
90   4.60119519E-05 -5.216689E+01  2.477949E+04  2.918074E-03  2.172302E-02  0.000000E+00  0.000000E+00  0.000000E+00  0.000000E+00  0.000000E+00  0.000000E+00
91   5.04274360E-05 -5.675600E+01  2.271879E+04  3.479634E-03  2.368611E-02  0.000000E+00  0.000000E+00  0.000000E+00  0.000000E+00  0.000000E+00  0.000000E+00
92   5.52649487E-05 -6.165187E+01  2.087004E+04  4.143014E-03  2.580094E-02  0.000000E+00  0.000000E+00  0.000000E+00  0.000000E+00  0.000000E+00  0.000000E+00
93   6.05645780E-05 -6.684200E+01  1.922435E+04  4.924026E-03  2.807201E-02  0.000000E+00  0.000000E+00  0.000000E+00  0.000000E+00  0.000000E+00  0.000000E+00
94   6.63701859E-05 -7.229958E+01  1.777685E+04  5.839789E-03  3.050192E-02  0.000000E+00  0.000000E+00  0.000000E+00  0.000000E+00  0.000000E+00  0.000000E+00
95   7.27297511E-05 -7.797809E+01  1.652732E+04  6.908285E-03  3.309080E-02  0.000000E+00  0.000000E+00  0.000000E+00  0.000000E+00  0.000000E+00  0.000000E+00
96   7.96957573E-05 -8.380408E+01  1.548138E+04  8.147597E-03  3.583590E-02  0.000000E+00  0.000000E+00  0.000000E+00  0.000000E+00  0.000000E+00  0.000000E+00
97   8.73256081E-05 -8.966790E+01  1.465150E+04  9.574707E-03  3.873135E-02  0.000000E+00  0.000000E+00  0.000000E+00  0.000000E+00  0.000000E+00  0.000000E+00
98   9.56820770E-05 -9.541187E+01  1.405729E+04  1.120371E-02  4.176844E-02  0.000000E+00  0.000000E+00  0.000000E+00  0.000000E+00  0.000000E+00  0.000000E+00
99   1.04833802E-04 -1.008169E+02  1.371929E+04  1.304332E-02  4.493726E-02  0.000000E+00  0.000000E+00  0.000000E+00  0.000000E+00  0.000000E+00  0.000000E+00
100  1.14855823E-04 -1.055924E+02  1.360631E+04  1.509367E-02  4.822720E-02  0.000000E+00  0.000000E+00  0.000000E+00  0.000000E+00  0.000000E+00  0.000000E+00
101  1.25830168E-04 -1.093919E+02  1.346000E+04  1.734236E-02  5.161618E-02  0.000000E+00  0.000000E+00  0.000000E+00  0.000000E+00  0.000000E+00  0.000000E+00
102  1.37846491E-04 -1.119206E+02  1.278424E+04  1.976078E-02  5.508997E-02  0.000000E+00  0.000000E+00  0.000000E+00  0.000000E+00  0.000000E+00  0.000000E+00
103  1.51002766E-04 -1.131972E+02  1.142935E+04  2.231112E-02  5.869738E-02  0.000000E+00  0.000000E+00  0.000000E+00  0.000000E+00  0.000000E+00  0.000000E+00
104  1.65406038E-04 -1.136590E+02  9.922926E+03  2.496626E-02  6.246607E-02  0.000000E+00  0.000000E+00  0.000000E+00  0.000000E+00  0.000000E+00  0.000000E+00
105  1.81173246E-04 -1.137779E+02  8.749379E+03  2.771329E-02  6.635197E-02  0.000000E+00  0.000000E+00  0.000000E+00  0.000000E+00  0.000000E+00  0.000000E+00
106  1.98432114E-04 -1.137914E+02  7.876953E+03  3.054999E-02  7.035720E-02  0.000000E+00  0.000000E+00  0.000000E+00  0.000000E+00  0.000000E+00  0.000000E+00
107  2.17322125E-04 -1.137778E+02  7.142048E+03  3.348268E-02  7.451726E-02  0.000000E+00  0.000000E+00  0.000000E+00  0.000000E+00  0.000000E+00  0.000000E+00
108  2.37995561E-04 -1.137570E+02  6.482216E+03  3.652109E-02  7.884180E-02  0.000000E+00  0.000000E+00  0.000000E+00  0.000000E+00  0.000000E+00  0.000000E+00
109  2.60618662E-04 -1.137331E+02  5.881899E+03  3.967586E-02  8.333290E-02  0.000000E+00  0.000000E+00  0.000000E+00  0.000000E+00  0.000000E+00  0.000000E+00
110  2.85372849E-04 -1.137068E+02  5.334669E+03  4.295827E-02  8.799473E-02  0.000000E+00  0.000000E+00  0.000000E+00  0.000000E+00  0.000000E+00  0.000000E+00
111  3.12456082E-04 -1.136780E+02  4.835803E+03  4.638030E-02  9.283227E-02  0.000000E+00  0.000000E+00  0.000000E+00  0.000000E+00  0.000000E+00  0.000000E+00
112  3.42084307E-04 -1.136464E+02  4.381099E+03  4.995472E-02  9.785041E-02  0.000000E+00  0.000000E+00  0.000000E+00  0.000000E+00  0.000000E+00  0.000000E+00
113  3.74493042E-04 -1.136117E+02  3.966720E+03  5.369524E-02  1.030535E-01  0.000000E+00  0.000000E+00  0.000000E+00  0.000000E+00  0.000000E+00  0.000000E+00
114  4.09939081E-04 -1.135737E+02  3.589165E+03  5.761658E-02  1.084451E-01  0.000000E+00  0.000000E+00  0.000000E+00  0.000000E+00  0.000000E+00  0.000000E+00
115  4.48702349E-04 -1.135321E+02  3.245236E+03  6.173456E-02  1.140282E-01  0.000000E+00  0.000000E+00  0.000000E+00  0.000000E+00  0.000000E+00  0.000000E+00
116  4.91087899E-04 -1.134865E+02  2.932020E+03  6.606624E-02  1.198045E-01  0.000000E+00  0.000000E+00  0.000000E+00  0.000000E+00  0.000000E+00  0.000000E+00
117  5.37428074E-04 -1.134367E+02  2.646856E+03  7.063003E-02  1.257747E-01  0.000000E+00  0.000000E+00  0.000000E+00  0.000000E+00  0.000000E+00  0.000000E+00
118  5.88084848E-04 -1.133823E+02  2.387317E+03  7.544578E-02  1.319380E-01  0.000000E+00  0.000000E+00  0.000000E+00  0.000000E+00  0.000000E+00  0.000000E+00
119  6.43452337E-04 -1.133228E+02  2.151190E+03  8.053496E-02  1.382920E-01  0.000000E+00  0.000000E+00  0.000000E+00  0.000000E+00  0.000000E+00  0.000000E+00
120  7.03959529E-04 -1.132578E+02  1.936450E+03  8.592076E-02  1.448325E-01  0.000000E+00  0.000000E+00  0.000000E+00  0.000000E+00  0.000000E+00  0.000000E+00
121  7.70073203E-04 -1.131870E+02  1.741252E+03  9.162821E-02  1.515529E-01  0.000000E+00  0.000000E+00  0.000000E+00  0.000000E+00  0.000000E+00  0.000000E+00
122  8.42301095E-04 -1.131097E+02  1.563906E+03  9.768432E-02  1.584444E-01  0.000000E+00  0.000000E+00  0.000000E+00  0.000000E+00  0.000000E+00  0.000000E+00
123  9.21195286E-04 -1.130255E+02  1.402869E+03  1.041182E-01  1.654952E-01  0.000000E+00  0.000000E+00  0.000000E+00  0.000000E+00  0.000000E+00  0.000000E+00
124  1.00735585E-03 -1.129337E+02  1.256730E+03  1.109612E-01  1.726901E-01  0.000000E+00  0.000000E+00  0.000000E+00  0.000000E+00  0.000000E+00  0.000000E+00
125  1.10143478E-03 -1.128340E+02  1.124197E+03  1.182469E-01  1.800107E-01  0.000000E+00  0.000000E+00  0.000000E+00  0.000000E+00  0.000000E+00  0.000000E+00
126  1.20414020E-03 -1.127255E+02  1.004086E+03  1.260113E-01  1.874339E-01  0.000000E+00  0.000000E+00  0.000000E+00  0.000000E+00  0.000000E+00  0.000000E+00
127  1.31624086E-03 -1.126077E+02  8.953134E+02  1.342925E-01  1.949324E-01  0.000000E+00  0.000000E+00  0.000000E+00  0.000000E+00  0.000000E+00  0.000000E+00
128  1.43857096E-03 -1.124799E+02  7.968848E+02  1.431310E-01  2.024737E-01  0.000000E+00  0.000000E+00  0.000000E+00  0.000000E+00  0.000000E+00  0.000000E+00
129  1.57203535E-03 -1.123413E+02  7.078881E+02  1.525695E-01  2.100196E-01  0.000000E+00  0.000000E+00  0.000000E+00  0.000000E+00  0.000000E+00  0.000000E+00
130  1.71761502E-03 -1.121912E+02  6.274861E+02  1.626525E-01  2.175256E-01  0.000000E+00  0.000000E+00  0.000000E+00  0.000000E+00  0.000000E+00  0.000000E+00
131  1.87637300E-03 -1.120288E+02  5.549101E+02  1.734257E-01  2.249406E-01  0.000000E+00  0.000000E+00  0.000000E+00  0.000000E+00  0.000000E+00  0.000000E+00
132  2.04946065E-03 -1.118533E+02  4.894543E+02  1.849361E-01  2.322059E-01  0.000000E+00  0.000000E+00  0.000000E+00  0.000000E+00  0.000000E+00  0.000000E+00
133  2.23812432E-03 -1.116638E+02  4.304705E+02  1.972303E-01  2.392551E-01  0.000000E+00  0.000000E+00  0.000000E+00  0.000000E+00  0.000000E+00  0.000000E+00
134  2.44371250E-03 -1.114595E+02  3.773634E+02  2.103545E-01  2.460134E-01  0.000000E+00  0.000000E+00  0.000000E+00  0.000000E+00  0.000000E+00  0.000000E+00
135  2.66768335E-03 -1.112395E+02  3.295868E+02  2.243520E-01  2.523970E-01  0.000000E+00  0.000000E+00  0.000000E+00  0.000000E+00  0.000000E+00  0.000000E+00
136  2.91161270E-03 -1.110028E+02  2.866398E+02  2.392624E-01  2.583131E-01  0.000000E+00  0.000000E+00  0.000000E+00  0.000000E+00  0.000000E+00  0.000000E+00
137  3.17720252E-03 -1.107484E+02  2.480633E+02  2.551190E-01  2.636595E-01  0.000000E+00  0.000000E+00  0.000000E+00  0.000000E+00  0.000000E+00  0.000000E+00
138  3.46628990E-03 -1.104753E+02  2.134372E+02  2.719458E-01  2.683248E-01  0.000000E+00  0.000000E+00  0.000000E+00  0.000000E+00  0.000000E+00  0.000000E+00
139  3.78085648E-03 -1.101826E+02  1.823776E+02  2.897549E-01  2.721883E-01  0.000000E+00  0.000000E+00  0.000000E+00  0.000000E+00  0.000000E+00  0.000000E+00
140  4.12303844E-03 -1.098691E+02  1.545342E+02  3.085419E-01  2.751207E-01  0.000000E+00  0.000000E+00  0.000000E+00  0.000000E+00  0.000000E+00  0.000000E+00
141  4.49513692E-03 -1.095338E+02  1.295879E+02  3.282813E-01  2.769851E-01  0.000000E+00  0.000000E+00  0.000000E+00  0.000000E+00  0.000000E+00  0.000000E+00
142  4.89962906E-03 -1.091754E+02  1.072487E+02  3.489215E-01  2.776383E-01  0.000000E+00  0.000000E+00  0.000000E+00  0.000000E+00  0.000000E+00  0.000000E+00
143  5.33917949E-03 -1.087927E+02  8.725353E+01  3.703776E-01  2.769325E-01  0.000000E+00  0.000000E+00  0.000000E+00  0.000000E+00  0.000000E+00  0.000000E+00
144  5.81665237E-03 -1.083845E+02  6.936433E+01  3.925252E-01  2.747180E-01  0.000000E+00  0.000000E+00  0.000000E+00  0.000000E+00  0.000000E+00  0.000000E+00
145  6.33512396E-03 -1.079495E+02  5.336597E+01  4.151916E-01  2.708458E-01  0.000000E+00  0.000000E+00  0.000000E+00  0.000000E+00  0.000000E+00  0.000000E+00
146  6.89789567E-03 -1.074861E+02  3.906469E+01  4.381478E-01  2.651723E-01  0.000000E+00  0.000000E+00  0.000000E+00  0.000000E+00  0.000000E+00  0.000000E+00
147  7.50850767E-03 -1.069930E+02  2.628621E+01  4.610993E-01  2.575632E-01  0.000000E+00  0.000000E+00  0.000000E+00  0.000000E+00  0.000000E+00  0.000000E+00
148  8.17075289E-03 -1.064685E+02  1.487423E+01  4.836769E-01  2.478992E-01  0.000000E+00  0.000000E+00  0.000000E+00  0.000000E+00  0.000000E+00  0.000000E+00
149  8.88869163E-03 -1.059110E+02  4.688729E+00  5.054274E-01  2.360824E-01  0.000000E+00  0.000000E+00  0.000000E+00  0.000000E+00  0.000000E+00  0.000000E+00
150  9.66666647E-03 -1.053189E+02 -4.395410E+00  5.258064E-01  2.220434E-01  0.000000E+00  0.000000E+00  0.000000E+00  0.000000E+00  0.000000E+00  0.000000E+00
151  1.05093177E-02 -1.046905E+02 -1.248973E+01  5.441710E-01  2.057484E-01  0.000000E+00  0.000000E+00  0.000000E+00  0.000000E+00  0.000000E+00  0.000000E+00
152  1.14215990E-02 -1.040242E+02 -1.969364E+01  5.597764E-01  1.872084E-01  0.000000E+00  0.000000E+00  0.000000E+00  0.000000E+00  0.000000E+00  0.000000E+00
153  1.24087937E-02 -1.033181E+02 -2.609560E+01  5.717762E-01  1.664872E-01  0.000000E+00  0.000000E+00  0.000000E+00  0.000000E+00  0.000000E+00  0.000000E+00
154  1.34765309E-02 -1.025707E+02 -3.177424E+01  5.792271E-01  1.437089E-01  0.000000E+00  0.000000E+00  0.000000E+00  0.000000E+00  0.000000E+00  0.000000E+00
155  1.46308026E-02 -1.017804E+02 -3.679949E+01  5.811007E-01  1.190666E-01  0.000000E+00  0.000000E+00  0.000000E+00  0.000000E+00  0.000000E+00  0.000000E+00
156  1.58779799E-02 -1.009455E+02 -4.123355E+01  5.763037E-01  9.282824E-02  0.000000E+00  0.000000E+00  0.000000E+00  0.000000E+00  0.000000E+00  0.000000E+00
157  1.72248302E-02 -1.000645E+02 -4.513171E+01  5.637076E-01  6.534180E-02  0.000000E+00  0.000000E+00  0.000000E+00  0.000000E+00  0.000000E+00  0.000000E+00
158  1.86785343E-02 -9.913609E+01 -4.854319E+01  5.421897E-01  3.703704E-02  0.000000E+00  0.000000E+00  0.000000E+00  0.000000E+00  0.000000E+00  0.000000E+00
159  2.02467030E-02 -9.815894E+01 -5.151178E+01  5.106867E-01  8.424464E-03  0.000000E+00  0.000000E+00  0.000000E+00  0.000000E+00  0.000000E+00  0.000000E+00
160  2.19373944E-02 -9.713212E+01 -5.407651E+01  4.682612E-01 -1.991007E-02  0.000000E+00  0.000000E+00  0.000000E+00  0.000000E+00  0.000000E+00  0.000000E+00
161  2.37591298E-02 -9.605492E+01 -5.627230E+01  4.141805E-01 -4.731544E-02  0.000000E+00  0.000000E+00  0.000000E+00  0.000000E+00  0.000000E+00  0.000000E+00
162  2.57209106E-02 -9.492688E+01 -5.813036E+01  3.480067E-01 -7.309079E-02  0.000000E+00  0.000000E+00  0.000000E+00  0.000000E+00  0.000000E+00  0.000000E+00
163  2.78322341E-02 -9.374774E+01 -5.967869E+01  2.696954E-01 -9.650666E-02  0.000000E+00  0.000000E+00  0.000000E+00  0.000000E+00  0.000000E+00  0.000000E+00
164  3.01031089E-02 -9.251730E+01 -6.094235E+01  1.796972E-01 -1.168318E-01  0.000000E+00  0.000000E+00  0.000000E+00  0.000000E+00  0.000000E+00  0.000000E+00
165  3.25440695E-02 -9.123541E+01 -6.194375E+01  7.905753E-02 -1.333652E-01  0.000000E+00  0.000000E+00  0.000000E+00  0.000000E+00  0.000000E+00  0.000000E+00
166  3.51661910E-02 -8.990181E+01 -6.270287E+01 -3.049591E-02 -1.454725E-01  0.000000E+00  0.000000E+00  0.000000E+00  0.000000E+00  0.000000E+00  0.000000E+00
167  3.79811020E-02 -8.851615E+01 -6.323751E+01 -1.464866E-01 -1.526251E-01  0.000000E+00  0.000000E+00  0.000000E+00  0.000000E+00  0.000000E+00  0.000000E+00
168  4.10009974E-02 -8.707813E+01 -6.356360E+01 -2.656561E-01 -1.544406E-01  0.000000E+00  0.000000E+00  0.000000E+00  0.000000E+00  0.000000E+00  0.000000E+00
169  4.42386497E-02 -8.558753E+01 -6.369548E+01 -3.839771E-01 -1.507202E-01  0.000000E+00  0.000000E+00  0.000000E+00  0.000000E+00  0.000000E+00  0.000000E+00
170  4.77074197E-02 -8.404448E+01 -6.364633E+01 -4.967235E-01 -1.414822E-01  0.000000E+00  0.000000E+00  0.000000E+00  0.000000E+00  0.000000E+00  0.000000E+00
171  5.14212654E-02 -8.244954E+01 -6.342834E+01 -5.986080E-01 -1.269860E-01  0.000000E+00  0.000000E+00  0.000000E+00  0.000000E+00  0.000000E+00  0.000000E+00
172  5.53947501E-02 -8.080373E+01 -6.305302E+01 -6.839938E-01 -1.077446E-01  0.000000E+00  0.000000E+00  0.000000E+00  0.000000E+00  0.000000E+00  0.000000E+00
173  5.96430493E-02 -7.910857E+01 -6.253144E+01 -7.471796E-01 -8.452157E-02  0.000000E+00  0.000000E+00  0.000000E+00  0.000000E+00  0.000000E+00  0.000000E+00
174  6.41819554E-02 -7.736619E+01 -6.187428E+01 -7.827532E-01 -5.831162E-02  0.000000E+00  0.000000E+00  0.000000E+00  0.000000E+00  0.000000E+00  0.000000E+00
175  6.90278820E-02 -7.557975E+01 -6.109241E+01 -7.859968E-01 -3.030201E-02  0.000000E+00  0.000000E+00  0.000000E+00  0.000000E+00  0.000000E+00  0.000000E+00
176  7.41978654E-02 -7.375302E+01 -6.019656E+01 -7.533214E-01 -1.817074E-03  0.000000E+00  0.000000E+00  0.000000E+00  0.000000E+00  0.000000E+00  0.000000E+00
177  7.97095656E-02 -7.189106E+01 -5.919800E+01 -6.826973E-01  2.575261E-02  0.000000E+00  0.000000E+00  0.000000E+00  0.000000E+00  0.000000E+00  0.000000E+00
178  8.55812653E-02 -6.999914E+01 -5.810756E+01 -5.740408E-01  5.103185E-02  0.000000E+00  0.000000E+00  0.000000E+00  0.000000E+00  0.000000E+00  0.000000E+00
179  9.18318667E-02 -6.808254E+01 -5.693559E+01 -4.295163E-01  7.274722E-02  0.000000E+00  0.000000E+00  0.000000E+00  0.000000E+00  0.000000E+00  0.000000E+00
180  9.84808874E-02 -6.614581E+01 -5.569121E+01 -2.537112E-01  8.981175E-02  0.000000E+00  0.000000E+00  0.000000E+00  0.000000E+00  0.000000E+00  0.000000E+00
181  1.05548454E-01 -6.419250E+01 -5.438215E+01 -5.364576E-02  1.014010E-01  0.000000E+00  0.000000E+00  0.000000E+00  0.000000E+00  0.000000E+00  0.000000E+00
182  1.13055295E-01 -6.222482E+01 -5.301443E+01  1.614079E-01  1.070135E-01  0.000000E+00  0.000000E+00  0.000000E+00  0.000000E+00  0.000000E+00  0.000000E+00
183  1.21022731E-01 -6.024497E+01 -5.159368E+01  3.803125E-01  1.065103E-01  0.000000E+00  0.000000E+00  0.000000E+00  0.000000E+00  0.000000E+00  0.000000E+00
184  1.29472662E-01 -5.825457E+01 -5.012468E+01  5.906516E-01  1.001277E-01  0.000000E+00  0.000000E+00  0.000000E+00  0.000000E+00  0.000000E+00  0.000000E+00
185  1.38427558E-01 -5.625649E+01 -4.861312E+01  7.794861E-01  8.846113E-02  0.000000E+00  0.000000E+00  0.000000E+00  0.000000E+00  0.000000E+00  0.000000E+00
186  1.47910441E-01 -5.425416E+01 -4.706501E+01  9.342309E-01  7.242023E-02  0.000000E+00  0.000000E+00  0.000000E+00  0.000000E+00  0.000000E+00  0.000000E+00
187  1.57944873E-01 -5.225194E+01 -4.548713E+01  1.043581E+00  5.315751E-02  0.000000E+00  0.000000E+00  0.000000E+00  0.000000E+00  0.000000E+00  0.000000E+00
188  1.68554937E-01 -5.025543E+01 -4.388727E+01  1.098402E+00  3.197792E-02  0.000000E+00  0.000000E+00  0.000000E+00  0.000000E+00  0.000000E+00  0.000000E+00
189  1.79765217E-01 -4.827134E+01 -4.227418E+01  1.092498E+00  1.023731E-02  0.000000E+00  0.000000E+00  0.000000E+00  0.000000E+00  0.000000E+00  0.000000E+00
190  1.91600782E-01 -4.630822E+01 -4.065822E+01  1.023176E+00 -1.076013E-02  0.000000E+00  0.000000E+00  0.000000E+00  0.000000E+00  0.000000E+00  0.000000E+00
191  2.04087162E-01 -4.437525E+01 -3.905024E+01  8.915433E-01 -2.985491E-02  0.000000E+00  0.000000E+00  0.000000E+00  0.000000E+00  0.000000E+00  0.000000E+00
192  2.17250328E-01 -4.248130E+01 -3.746063E+01  7.025073E-01 -4.610649E-02  0.000000E+00  0.000000E+00  0.000000E+00  0.000000E+00  0.000000E+00  0.000000E+00
193  2.31116670E-01 -4.063356E+01 -3.589795E+01  4.644691E-01 -5.884293E-02  0.000000E+00  0.000000E+00  0.000000E+00  0.000000E+00  0.000000E+00  0.000000E+00
194  2.45712970E-01 -3.883639E+01 -3.436787E+01  1.887505E-01 -6.768366E-02  0.000000E+00  0.000000E+00  0.000000E+00  0.000000E+00  0.000000E+00  0.000000E+00
195  2.61066381E-01 -3.709080E+01 -3.287258E+01 -1.111967E-01 -7.253692E-02  0.000000E+00  0.000000E+00  0.000000E+00  0.000000E+00  0.000000E+00  0.000000E+00
196  2.77204402E-01 -3.539522E+01 -3.141162E+01 -4.207288E-01 -7.357555E-02  0.000000E+00  0.000000E+00  0.000000E+00  0.000000E+00  0.000000E+00  0.000000E+00
197  2.94154851E-01 -3.374603E+01 -2.998241E+01 -7.250170E-01 -7.119584E-02  0.000000E+00  0.000000E+00  0.000000E+00  0.000000E+00  0.000000E+00  0.000000E+00
198  3.11945839E-01 -3.213938E+01 -2.858206E+01 -1.010041E+00 -6.596426E-02  0.000000E+00  0.000000E+00  0.000000E+00  0.000000E+00  0.000000E+00  0.000000E+00
199  3.30605749E-01 -3.057208E+01 -2.720827E+01 -1.263487E+00 -5.855693E-02  0.000000E+00  0.000000E+00  0.000000E+00  0.000000E+00  0.000000E+00  0.000000E+00
200  3.50163201E-01 -2.904191E+01 -2.585964E+01 -1.475483E+00 -4.969709E-02  0.000000E+00  0.000000E+00  0.000000E+00  0.000000E+00  0.000000E+00  0.000000E+00
201  3.70647037E-01 -2.754772E+01 -2.453581E+01 -1.639098E+00 -4.009621E-02  0.000000E+00  0.000000E+00  0.000000E+00  0.000000E+00  0.000000E+00  0.000000E+00
202  3.92086284E-01 -2.608909E+01 -2.323709E+01 -1.750594E+00 -3.040357E-02  0.000000E+00  0.000000E+00  0.000000E+00  0.000000E+00  0.000000E+00  0.000000E+00
203  4.14510136E-01 -2.466664E+01 -2.196479E+01 -1.809405E+00 -2.116790E-02  0.000000E+00  0.000000E+00  0.000000E+00  0.000000E+00  0.000000E+00  0.000000E+00
204  4.37947926E-01 -2.328187E+01 -2.072107E+01 -1.817877E+00 -1.281292E-02  0.000000E+00  0.000000E+00  0.000000E+00  0.000000E+00  0.000000E+00  0.000000E+00
205  4.62429099E-01 -2.193809E+01 -1.950983E+01 -1.780805E+00 -5.626864E-03  0.000000E+00  0.000000E+00  0.000000E+00  0.000000E+00  0.000000E+00  0.000000E+00
206  4.87983189E-01 -2.063931E+01 -1.833564E+01 -1.704829E+00  2.348490E-04  0.000000E+00  0.000000E+00  0.000000E+00  0.000000E+00  0.000000E+00  0.000000E+00
207  5.14639796E-01 -1.938985E+01 -1.720333E+01 -1.597761E+00  4.735605E-03  0.000000E+00  0.000000E+00  0.000000E+00  0.000000E+00  0.000000E+00  0.000000E+00
208  5.42428559E-01 -1.819359E+01 -1.611726E+01 -1.467907E+00  7.935794E-03  0.000000E+00  0.000000E+00  0.000000E+00  0.000000E+00  0.000000E+00  0.000000E+00
209  5.71379134E-01 -1.705338E+01 -1.508073E+01 -1.323464E+00  9.966807E-03  0.000000E+00  0.000000E+00  0.000000E+00  0.000000E+00  0.000000E+00  0.000000E+00
210  6.01521174E-01 -1.597077E+01 -1.409571E+01 -1.172017E+00  1.100454E-02  0.000000E+00  0.000000E+00  0.000000E+00  0.000000E+00  0.000000E+00  0.000000E+00
211  6.32884304E-01 -1.494599E+01 -1.316283E+01 -1.020179E+00  1.124528E-02  0.000000E+00  0.000000E+00  0.000000E+00  0.000000E+00  0.000000E+00  0.000000E+00
212  6.65498101E-01 -1.397835E+01 -1.228174E+01 -8.733649E-01  1.088598E-02  0.000000E+00  0.000000E+00  0.000000E+00  0.000000E+00  0.000000E+00  0.000000E+00
213  6.99392074E-01 -1.306612E+01 -1.145106E+01 -7.357060E-01  1.010957E-02  0.000000E+00  0.000000E+00  0.000000E+00  0.000000E+00  0.000000E+00  0.000000E+00
214  7.34595647E-01 -1.220709E+01 -1.066889E+01 -6.100662E-01  9.075403E-03  0.000000E+00  0.000000E+00  0.000000E+00  0.000000E+00  0.000000E+00  0.000000E+00
215  7.71138136E-01 -1.139885E+01 -9.933134E+00 -4.981473E-01  7.914347E-03  0.000000E+00  0.000000E+00  0.000000E+00  0.000000E+00  0.000000E+00  0.000000E+00
216  8.09048735E-01 -1.063870E+01 -9.241342E+00 -4.006502E-01  6.727533E-03  0.000000E+00  0.000000E+00  0.000000E+00  0.000000E+00  0.000000E+00  0.000000E+00
217  8.48356497E-01 -9.924027E+00 -8.591182E+00 -3.174653E-01  5.587830E-03  0.000000E+00  0.000000E+00  0.000000E+00  0.000000E+00  0.000000E+00  0.000000E+00
218  8.89090320E-01 -9.252337E+00 -7.980389E+00 -2.478729E-01  4.543132E-03  0.000000E+00  0.000000E+00  0.000000E+00  0.000000E+00  0.000000E+00  0.000000E+00
219  9.31278931E-01 -8.621272E+00 -7.406833E+00 -1.907334E-01  3.620597E-03  0.000000E+00  0.000000E+00  0.000000E+00  0.000000E+00  0.000000E+00  0.000000E+00
220  9.74950871E-01 -8.028653E+00 -6.868549E+00 -1.446569E-01  2.831197E-03  0.000000E+00  0.000000E+00  0.000000E+00  0.000000E+00  0.000000E+00  0.000000E+00
221  1.02013448E+00 -7.472483E+00 -6.363735E+00 -1.081445E-01  2.174095E-03  0.000000E+00  0.000000E+00  0.000000E+00  0.000000E+00  0.000000E+00  0.000000E+00
222  1.06685790E+00 -6.950938E+00 -5.890751E+00 -7.969876E-02  1.640531E-03  0.000000E+00  0.000000E+00  0.000000E+00  0.000000E+00  0.000000E+00  0.000000E+00
223  1.11514904E+00 -6.462342E+00 -5.448094E+00 -5.790292E-02  1.217056E-03  0.000000E+00  0.000000E+00  0.000000E+00  0.000000E+00  0.000000E+00  0.000000E+00
224  1.16503557E+00 -6.005141E+00 -5.034371E+00 -4.147287E-02  8.880437E-04  0.000000E+00  0.000000E+00  0.000000E+00  0.000000E+00  0.000000E+00  0.000000E+00
225  1.21654493E+00 -5.577872E+00 -4.648269E+00 -2.928522E-02  6.375275E-04  0.000000E+00  0.000000E+00  0.000000E+00  0.000000E+00  0.000000E+00  0.000000E+00
226  1.26970431E+00 -5.179138E+00 -4.288532E+00 -2.038704E-02  4.504211E-04  0.000000E+00  0.000000E+00  0.000000E+00  0.000000E+00  0.000000E+00  0.000000E+00
227  1.32454062E+00 -4.807584E+00 -3.953936E+00 -1.399188E-02  3.132456E-04  0.000000E+00  0.000000E+00  0.000000E+00  0.000000E+00  0.000000E+00  0.000000E+00
228  1.38108053E+00 -4.461881E+00 -3.643274E+00 -9.466821E-03  2.144715E-04  0.000000E+00  0.000000E+00  0.000000E+00  0.000000E+00  0.000000E+00  0.000000E+00
229  1.43935041E+00 -4.140715E+00 -3.355346E+00 -6.314285E-03  1.445866E-04  0.000000E+00  0.000000E+00  0.000000E+00  0.000000E+00  0.000000E+00  0.000000E+00
230  1.49937637E+00 -3.842783E+00 -3.088959E+00 -4.151619E-03  9.598478E-05  0.000000E+00  0.000000E+00  0.000000E+00  0.000000E+00  0.000000E+00  0.000000E+00
231  1.56118423E+00 -3.566793E+00 -2.842917E+00 -2.690679E-03  6.275117E-05  0.000000E+00  0.000000E+00  0.000000E+00  0.000000E+00  0.000000E+00  0.000000E+00
232  1.62479950E+00 -3.311462E+00 -2.616034E+00 -1.718823E-03  4.040226E-05  0.000000E+00  0.000000E+00  0.000000E+00  0.000000E+00  0.000000E+00  0.000000E+00
233  1.69024742E+00 -3.075526E+00 -2.407132E+00 -1.082171E-03  2.561910E-05  0.000000E+00  0.000000E+00  0.000000E+00  0.000000E+00  0.000000E+00  0.000000E+00
234  1.75755291E+00 -2.857739E+00 -2.215047E+00 -6.714655E-04  1.599920E-05  0.000000E+00  0.000000E+00  0.000000E+00  0.000000E+00  0.000000E+00  0.000000E+00
235  1.82674061E+00 -2.656886E+00 -2.038641E+00 -4.105626E-04  9.840192E-06  0.000000E+00  0.000000E+00  0.000000E+00  0.000000E+00  0.000000E+00  0.000000E+00
236  1.89783484E+00 -2.471784E+00 -1.876803E+00 -2.473574E-04  5.960297E-06  0.000000E+00  0.000000E+00  0.000000E+00  0.000000E+00  0.000000E+00  0.000000E+00
237  1.97085962E+00 -2.301291E+00 -1.728457E+00 -1.468317E-04  3.555279E-06  0.000000E+00  0.000000E+00  0.000000E+00  0.000000E+00  0.000000E+00  0.000000E+00
238  2.04583867E+00 -2.144310E+00 -1.592570E+00 -8.586604E-05  2.088327E-06  0.000000E+00  0.000000E+00  0.000000E+00  0.000000E+00  0.000000E+00  0.000000E+00
239  2.12279537E+00 -1.999794E+00 -1.468153E+00 -4.946357E-05  1.207856E-06  0.000000E+00  0.000000E+00  0.000000E+00  0.000000E+00  0.000000E+00  0.000000E+00
240  2.20175283E+00 -1.866752E+00 -1.354272E+00 -2.806504E-05  6.878482E-07  0.000000E+00  0.000000E+00  0.000000E+00  0.000000E+00  0.000000E+00  0.000000E+00
241  2.28273382E+00 -1.744252E+00 -1.250045E+00 -1.568248E-05  3.856517E-07  0.000000E+00  0.000000E+00  0.000000E+00  0.000000E+00  0.000000E+00  0.000000E+00
242  2.36576082E+00 -1.631423E+00 -1.154653E+00 -8.629495E-06  2.128543E-07  0.000000E+00  0.000000E+00  0.000000E+00  0.000000E+00  0.000000E+00  0.000000E+00
243  2.45085600E+00 -1.530740E+00 -1.070614E+00 -4.675569E-06  1.156412E-07  0.000000E+00  0.000000E+00  0.000000E+00  0.000000E+00  0.000000E+00  0.000000E+00
244  2.53804119E+00 -1.444212E+00 -9.999773E-01 -2.494141E-06  6.183751E-08  0.000000E+00  0.000000E+00  0.000000E+00  0.000000E+00  0.000000E+00  0.000000E+00
245  2.62733796E+00 -1.370192E+00 -9.411374E-01 -1.309790E-06  3.254399E-08  0.000000E+00  0.000000E+00  0.000000E+00  0.000000E+00  0.000000E+00  0.000000E+00
246  2.71876755E+00 -1.307166E+00 -8.926194E-01 -6.770651E-07  1.685519E-08  0.000000E+00  0.000000E+00  0.000000E+00  0.000000E+00  0.000000E+00  0.000000E+00
247  2.81235087E+00 -1.253752E+00 -8.530768E-01 -3.444764E-07  8.590155E-09  0.000000E+00  0.000000E+00  0.000000E+00  0.000000E+00  0.000000E+00  0.000000E+00
248  2.90810858E+00 -1.208698E+00 -8.212907E-01 -1.724800E-07  4.307546E-09  0.000000E+00  0.000000E+00  0.000000E+00  0.000000E+00  0.000000E+00  0.000000E+00
249  3.00606100E+00 -1.170877E+00 -7.961645E-01 -8.497995E-08  2.125075E-09  0.000000E+00  0.000000E+00  0.000000E+00  0.000000E+00  0.000000E+00  0.000000E+00
250  3.10622816E+00 -1.139278E+00 -7.767190E-01 -4.119454E-08  1.031302E-09  0.000000E+00  0.000000E+00  0.000000E+00  0.000000E+00  0.000000E+00  0.000000E+00
251  3.20862980E+00 -1.113006E+00 -7.620852E-01 -1.964510E-08  4.922820E-10  0.000000E+00  0.000000E+00  0.000000E+00  0.000000E+00  0.000000E+00  0.000000E+00
252  3.31328536E+00 -1.091269E+00 -7.514975E-01 -9.215211E-09  2.311034E-10  0.000000E+00  0.000000E+00  0.000000E+00  0.000000E+00  0.000000E+00  0.000000E+00
253  3.42021400E+00 -1.073372E+00 -7.442857E-01 -4.251450E-09  1.066864E-10  0.000000E+00  0.000000E+00  0.000000E+00  0.000000E+00  0.000000E+00  0.000000E+00
254  3.52943457E+00 -1.058709E+00 -7.398672E-01 -1.928828E-09  4.842476E-11  0.000000E+00  0.000000E+00  0.000000E+00  0.000000E+00  0.000000E+00  0.000000E+00
255  3.64096566E+00 -1.046755E+00 -7.377389E-01 -8.604349E-10  2.160854E-11  0.000000E+00  0.000000E+00  0.000000E+00  0.000000E+00  0.000000E+00  0.000000E+00
256  3.75482556E+00 -1.037059E+00 -7.374696E-01 -3.773586E-10  9.962107E-12  0.000000E+00  0.000000E+00  0.000000E+00  0.000000E+00  0.000000E+00  0.000000E+00
257  3.87103229E+00 -1.029233E+00 -7.386920E-01 -1.626842E-10  2.895337E-12  0.000000E+00  0.000000E+00  0.000000E+00  0.000000E+00  0.000000E+00  0.000000E+00
