#      n =  6
#  kappa = -1
# energy = -1.54522263E+02
#zenergy =  0.00000000E+00
#     dn =  5.70330839E+00
# qrnorm =  1.00042447E+00
#SelfEne =  2.72113860E+32
#     vc = -1.31871402E+03
#     vr = -3.61509723E+03
#  ilast =  285
#    ifm =    0
#    cfm =  0.00000000E+00
#    xfm =  0.00000000E+00
#    rfn =  8.88869163E-03
#    pdx =  9.99815004E-01
#   bqp0 = -3.29466297E-05
#   bqp1 =  0.00000000E+00
#    idx = 23
# LEPTON = 0
#   MASS =  1.00000000E+00
# CHARGE =  1.00000000E+00
#  EUNIT =  2.72113860E+01
#  RUNIT =  4.13413733E+16
#  LUNIT =  5.29177211E-01
#    AMU =  1.82288849E+03
#    FSC =  7.29735257E-03


0    1.15188851E-08 -1.353336E-02  9.766636E+07  5.553188E-06 -1.832051E-10  0.000000E+00  0.000000E+00  0.000000E+00  0.000000E+00  0.000000E+00  0.000000E+00
1    1.26324944E-08 -1.484172E-02  8.905667E+07  6.089949E-06 -2.202955E-10  0.000000E+00  0.000000E+00  0.000000E+00  0.000000E+00  0.000000E+00  0.000000E+00
2    1.38537398E-08 -1.627655E-02  8.120611E+07  6.678594E-06 -2.649062E-10  0.000000E+00  0.000000E+00  0.000000E+00  0.000000E+00  0.000000E+00  0.000000E+00
3    1.51930753E-08 -1.785011E-02  7.404746E+07  7.324151E-06 -3.185632E-10  0.000000E+00  0.000000E+00  0.000000E+00  0.000000E+00  0.000000E+00  0.000000E+00
4    1.66618647E-08 -1.957577E-02  6.751999E+07  8.032110E-06 -3.830973E-10  0.000000E+00  0.000000E+00  0.000000E+00  0.000000E+00  0.000000E+00  0.000000E+00
5    1.82726173E-08 -2.146822E-02  6.156805E+07  8.808500E-06 -4.607126E-10  0.000000E+00  0.000000E+00  0.000000E+00  0.000000E+00  0.000000E+00  0.000000E+00
6    2.00391211E-08 -2.354366E-02  5.614068E+07  9.659951E-06 -5.540635E-10  0.000000E+00  0.000000E+00  0.000000E+00  0.000000E+00  0.000000E+00  0.000000E+00
7    2.19763633E-08 -2.581969E-02  5.119183E+07  1.059370E-05 -6.663352E-10  0.000000E+00  0.000000E+00  0.000000E+00  0.000000E+00  0.000000E+00  0.000000E+00
8    2.41008426E-08 -2.831571E-02  4.667931E+07  1.161771E-05 -8.013618E-10  0.000000E+00  0.000000E+00  0.000000E+00  0.000000E+00  0.000000E+00  0.000000E+00
9    2.64306977E-08 -3.105302E-02  4.256457E+07  1.274071E-05 -9.637575E-10  0.000000E+00  0.000000E+00  0.000000E+00  0.000000E+00  0.000000E+00  0.000000E+00
10   2.89857824E-08 -3.405495E-02  3.881254E+07  1.397226E-05 -1.159069E-09  0.000000E+00  0.000000E+00  0.000000E+00  0.000000E+00  0.000000E+00  0.000000E+00
11   3.17878148E-08 -3.734702E-02  3.539131E+07  1.532285E-05 -1.393964E-09  0.000000E+00  0.000000E+00  0.000000E+00  0.000000E+00  0.000000E+00  0.000000E+00
12   3.48607173E-08 -4.095732E-02  3.227165E+07  1.680399E-05 -1.676468E-09  0.000000E+00  0.000000E+00  0.000000E+00  0.000000E+00  0.000000E+00  0.000000E+00
13   3.82306748E-08 -4.491663E-02  2.942698E+07  1.842831E-05 -2.016230E-09  0.000000E+00  0.000000E+00  0.000000E+00  0.000000E+00  0.000000E+00  0.000000E+00
14   4.19263305E-08 -4.925860E-02  2.683311E+07  2.020961E-05 -2.424847E-09  0.000000E+00  0.000000E+00  0.000000E+00  0.000000E+00  0.000000E+00  0.000000E+00
15   4.59791553E-08 -5.402020E-02  2.446793E+07  2.216309E-05 -2.916272E-09  0.000000E+00  0.000000E+00  0.000000E+00  0.000000E+00  0.000000E+00  0.000000E+00
16   5.04237480E-08 -5.924209E-02  2.231122E+07  2.430539E-05 -3.507295E-09  0.000000E+00  0.000000E+00  0.000000E+00  0.000000E+00  0.000000E+00  0.000000E+00
17   5.52978827E-08 -6.496863E-02  2.034465E+07  2.665473E-05 -4.218088E-09  0.000000E+00  0.000000E+00  0.000000E+00  0.000000E+00  0.000000E+00  0.000000E+00
18   6.06431682E-08 -7.124872E-02  1.855142E+07  2.923116E-05 -5.072936E-09  0.000000E+00  0.000000E+00  0.000000E+00  0.000000E+00  0.000000E+00  0.000000E+00
19   6.65050319E-08 -7.813574E-02  1.691628E+07  3.205659E-05 -6.101013E-09  0.000000E+00  0.000000E+00  0.000000E+00  0.000000E+00  0.000000E+00  0.000000E+00
20   7.29333857E-08 -8.568831E-02  1.542529E+07  3.515507E-05 -7.337421E-09  0.000000E+00  0.000000E+00  0.000000E+00  0.000000E+00  0.000000E+00  0.000000E+00
21   7.99831019E-08 -9.397091E-02  1.406571E+07  3.855304E-05 -8.824398E-09  0.000000E+00  0.000000E+00  0.000000E+00  0.000000E+00  0.000000E+00  0.000000E+00
22   8.77140888E-08 -1.030539E-01  1.282599E+07  4.227938E-05 -1.061269E-08  0.000000E+00  0.000000E+00  0.000000E+00  0.000000E+00  0.000000E+00  0.000000E+00
23   9.61921683E-08 -1.130147E-01  1.169556E+07  4.636584E-05 -1.276335E-08  0.000000E+00  0.000000E+00  0.000000E+00  0.000000E+00  0.000000E+00  0.000000E+00
24   1.05489704E-07 -1.239382E-01  1.066476E+07  5.084724E-05 -1.534984E-08  0.000000E+00  0.000000E+00  0.000000E+00  0.000000E+00  0.000000E+00  0.000000E+00
25   1.15685498E-07 -1.359171E-01  9.724841E+06  5.576165E-05 -1.846036E-08  0.000000E+00  0.000000E+00  0.000000E+00  0.000000E+00  0.000000E+00  0.000000E+00
26   1.26866736E-07 -1.490537E-01  8.867763E+06  6.115101E-05 -2.220121E-08  0.000000E+00  0.000000E+00  0.000000E+00  0.000000E+00  0.000000E+00  0.000000E+00
27   1.39128422E-07 -1.634598E-01  8.086236E+06  6.706115E-05 -2.670003E-08  0.000000E+00  0.000000E+00  0.000000E+00  0.000000E+00  0.000000E+00  0.000000E+00
28   1.52574936E-07 -1.792579E-01  7.373600E+06  7.354238E-05 -3.211038E-08  0.000000E+00  0.000000E+00  0.000000E+00  0.000000E+00  0.000000E+00  0.000000E+00
29   1.67320740E-07 -1.965825E-01  6.723779E+06  8.064987E-05 -3.861693E-08  0.000000E+00  0.000000E+00  0.000000E+00  0.000000E+00  0.000000E+00  0.000000E+00
30   1.83491034E-07 -2.155807E-01  6.131248E+06  8.844403E-05 -4.644159E-08  0.000000E+00  0.000000E+00  0.000000E+00  0.000000E+00  0.000000E+00  0.000000E+00
31   2.01224065E-07 -2.364149E-01  5.590934E+06  9.699135E-05 -5.585171E-08  0.000000E+00  0.000000E+00  0.000000E+00  0.000000E+00  0.000000E+00  0.000000E+00
32   2.20670476E-07 -2.592622E-01  5.098244E+06  1.063645E-04 -6.716831E-08  0.000000E+00  0.000000E+00  0.000000E+00  0.000000E+00  0.000000E+00  0.000000E+00
33   2.41995359E-07 -2.843164E-01  4.648987E+06  1.166432E-04 -8.077731E-08  0.000000E+00  0.000000E+00  0.000000E+00  0.000000E+00  0.000000E+00  0.000000E+00
34   2.65380548E-07 -3.117912E-01  4.239327E+06  1.279149E-04 -9.714332E-08  0.000000E+00  0.000000E+00  0.000000E+00  0.000000E+00  0.000000E+00  0.000000E+00
35   2.91025055E-07 -3.419204E-01  3.865772E+06  1.402755E-04 -1.168248E-07  0.000000E+00  0.000000E+00  0.000000E+00  0.000000E+00  0.000000E+00  0.000000E+00
36   3.19147112E-07 -3.749604E-01  3.525140E+06  1.538303E-04 -1.404933E-07  0.000000E+00  0.000000E+00  0.000000E+00  0.000000E+00  0.000000E+00  0.000000E+00
37   3.49985415E-07 -4.111917E-01  3.214534E+06  1.686944E-04 -1.689557E-07  0.000000E+00  0.000000E+00  0.000000E+00  0.000000E+00  0.000000E+00  0.000000E+00
38   3.83802870E-07 -4.509230E-01  2.931302E+06  1.849943E-04 -2.031837E-07  0.000000E+00  0.000000E+00  0.000000E+00  0.000000E+00  0.000000E+00  0.000000E+00
39   4.20886484E-07 -4.944916E-01  2.673034E+06  2.028685E-04 -2.443441E-07  0.000000E+00  0.000000E+00  0.000000E+00  0.000000E+00  0.000000E+00  0.000000E+00
40   4.61551568E-07 -5.422680E-01  2.437531E+06  2.224691E-04 -2.938406E-07  0.000000E+00  0.000000E+00  0.000000E+00  0.000000E+00  0.000000E+00  0.000000E+00
41   5.06144738E-07 -5.946592E-01  2.222780E+06  2.439628E-04 -3.533623E-07  0.000000E+00  0.000000E+00  0.000000E+00  0.000000E+00  0.000000E+00  0.000000E+00
42   5.55043416E-07 -6.521087E-01  2.026960E+06  2.675320E-04 -4.249365E-07  0.000000E+00  0.000000E+00  0.000000E+00  0.000000E+00  0.000000E+00  0.000000E+00
43   6.08665140E-07 -7.151070E-01  1.848394E+06  2.933774E-04 -5.110064E-07  0.000000E+00  0.000000E+00  0.000000E+00  0.000000E+00  0.000000E+00  0.000000E+00
44   6.67464839E-07 -7.841884E-01  1.685565E+06  3.217186E-04 -6.145051E-07  0.000000E+00  0.000000E+00  0.000000E+00  0.000000E+00  0.000000E+00  0.000000E+00
45   7.31942298E-07 -8.599402E-01  1.537086E+06  3.527962E-04 -7.389610E-07  0.000000E+00  0.000000E+00  0.000000E+00  0.000000E+00  0.000000E+00  0.000000E+00
46   8.02645521E-07 -9.430059E-01  1.401691E+06  3.868745E-04 -8.886166E-07  0.000000E+00  0.000000E+00  0.000000E+00  0.000000E+00  0.000000E+00  0.000000E+00
47   8.80173851E-07 -1.034090E+00  1.278229E+06  4.242424E-04 -1.068569E-06  0.000000E+00  0.000000E+00  0.000000E+00  0.000000E+00  0.000000E+00  0.000000E+00
48   9.65187363E-07 -1.133966E+00  1.165645E+06  4.652178E-04 -1.284954E-06  0.000000E+00  0.000000E+00  0.000000E+00  0.000000E+00  0.000000E+00  0.000000E+00
49   1.05840841E-06 -1.243485E+00  1.062982E+06  5.101486E-04 -1.545146E-06  0.000000E+00  0.000000E+00  0.000000E+00  0.000000E+00  0.000000E+00  0.000000E+00
50   1.16062649E-06 -1.363572E+00  9.693663E+05  5.594157E-04 -1.858001E-06  0.000000E+00  0.000000E+00  0.000000E+00  0.000000E+00  0.000000E+00  0.000000E+00
51   1.27271098E-06 -1.495249E+00  8.839907E+05  6.134375E-04 -2.234181E-06  0.000000E+00  0.000000E+00  0.000000E+00  0.000000E+00  0.000000E+00  0.000000E+00
52   1.39561366E-06 -1.639632E+00  8.061630E+05  6.726725E-04 -2.686499E-06  0.000000E+00  0.000000E+00  0.000000E+00  0.000000E+00  0.000000E+00  0.000000E+00
53   1.53037545E-06 -1.797945E+00  7.351755E+05  7.376227E-04 -3.230346E-06  0.000000E+00  0.000000E+00  0.000000E+00  0.000000E+00  0.000000E+00  0.000000E+00
54   1.67814121E-06 -1.971531E+00  6.704370E+05  8.088392E-04 -3.884243E-06  0.000000E+00  0.000000E+00  0.000000E+00  0.000000E+00  0.000000E+00  0.000000E+00
55   1.84016332E-06 -2.161859E+00  6.114075E+05  8.869251E-04 -4.670439E-06  0.000000E+00  0.000000E+00  0.000000E+00  0.000000E+00  0.000000E+00  0.000000E+00
56   2.01781791E-06 -2.370544E+00  5.575869E+05  9.725426E-04 -5.615696E-06  0.000000E+00  0.000000E+00  0.000000E+00  0.000000E+00  0.000000E+00  0.000000E+00
57   2.21260837E-06 -2.599349E+00  5.084982E+05  1.066416E-03 -6.752155E-06  0.000000E+00  0.000000E+00  0.000000E+00  0.000000E+00  0.000000E+00  0.000000E+00
58   2.42618768E-06 -2.850213E+00  4.637333E+05  1.169341E-03 -8.118476E-06  0.000000E+00  0.000000E+00  0.000000E+00  0.000000E+00  0.000000E+00  0.000000E+00
59   2.66036608E-06 -3.125258E+00  4.229220E+05  1.282187E-03 -9.761115E-06  0.000000E+00  0.000000E+00  0.000000E+00  0.000000E+00  0.000000E+00  0.000000E+00
60   2.91712608E-06 -3.426805E+00  3.856994E+05  1.405910E-03 -1.173589E-05  0.000000E+00  0.000000E+00  0.000000E+00  0.000000E+00  0.000000E+00  0.000000E+00
61   3.19864172E-06 -3.757400E+00  3.517540E+05  1.541553E-03 -1.410989E-05  0.000000E+00  0.000000E+00  0.000000E+00  0.000000E+00  0.000000E+00  0.000000E+00
62   3.50729895E-06 -4.119834E+00  3.208026E+05  1.690262E-03 -1.696377E-05  0.000000E+00  0.000000E+00  0.000000E+00  0.000000E+00  0.000000E+00  0.000000E+00
63   3.84570703E-06 -4.517158E+00  2.925752E+05  1.853292E-03 -2.039436E-05  0.000000E+00  0.000000E+00  0.000000E+00  0.000000E+00  0.000000E+00  0.000000E+00
64   4.21673218E-06 -4.952718E+00  2.668349E+05  2.032017E-03 -2.451811E-05  0.000000E+00  0.000000E+00  0.000000E+00  0.000000E+00  0.000000E+00  0.000000E+00
65   4.62351027E-06 -5.430172E+00  2.433622E+05  2.227939E-03 -2.947482E-05  0.000000E+00  0.000000E+00  0.000000E+00  0.000000E+00  0.000000E+00  0.000000E+00
66   5.06948188E-06 -5.953526E+00  2.219560E+05  2.442707E-03 -3.543250E-05  0.000000E+00  0.000000E+00  0.000000E+00  0.000000E+00  0.000000E+00  0.000000E+00
67   5.55841513E-06 -6.527161E+00  2.024353E+05  2.678121E-03 -4.259288E-05  0.000000E+00  0.000000E+00  0.000000E+00  0.000000E+00  0.000000E+00  0.000000E+00
68   6.09444194E-06 -7.155870E+00  1.846339E+05  2.936154E-03 -5.119829E-05  0.000000E+00  0.000000E+00  0.000000E+00  0.000000E+00  0.000000E+00  0.000000E+00
69   6.68208796E-06 -7.844888E+00  1.684005E+05  3.218962E-03 -6.153961E-05  0.000000E+00  0.000000E+00  0.000000E+00  0.000000E+00  0.000000E+00  0.000000E+00
70   7.32631387E-06 -8.599937E+00  1.535965E+05  3.528903E-03 -7.396610E-05  0.000000E+00  0.000000E+00  0.000000E+00  0.000000E+00  0.000000E+00  0.000000E+00
71   8.03255410E-06 -9.427259E+00  1.400960E+05  3.868551E-03 -8.889687E-05  0.000000E+00  0.000000E+00  0.000000E+00  0.000000E+00  0.000000E+00  0.000000E+00
72   8.80676514E-06 -1.033367E+01  1.277847E+05  4.240720E-03 -1.068348E-04  0.000000E+00  0.000000E+00  0.000000E+00  0.000000E+00  0.000000E+00  0.000000E+00
73   9.65547241E-06 -1.132658E+01  1.165575E+05  4.648478E-03 -1.283831E-04  0.000000E+00  0.000000E+00  0.000000E+00  0.000000E+00  0.000000E+00  0.000000E+00
74   1.05858245E-05 -1.241408E+01  1.063190E+05  5.095171E-03 -1.542648E-04  0.000000E+00  0.000000E+00  0.000000E+00  0.000000E+00  0.000000E+00  0.000000E+00
75   1.16056565E-05 -1.360495E+01  9.698251E+04  5.584443E-03 -1.853466E-04  0.000000E+00  0.000000E+00  0.000000E+00  0.000000E+00  0.000000E+00  0.000000E+00
76   1.27235477E-05 -1.490870E+01  8.846828E+04  6.120254E-03 -2.226664E-04  0.000000E+00  0.000000E+00  0.000000E+00  0.000000E+00  0.000000E+00  0.000000E+00
77   1.39489005E-05 -1.633564E+01  8.070432E+04  6.706909E-03 -2.674667E-04  0.000000E+00  0.000000E+00  0.000000E+00  0.000000E+00  0.000000E+00  0.000000E+00
78   1.52920125E-05 -1.789690E+01  7.362474E+04  7.349069E-03 -3.212331E-04  0.000000E+00  0.000000E+00  0.000000E+00  0.000000E+00  0.000000E+00  0.000000E+00
79   1.67641622E-05 -1.960446E+01  6.716918E+04  8.051778E-03 -3.857410E-04  0.000000E+00  0.000000E+00  0.000000E+00  0.000000E+00  0.000000E+00  0.000000E+00
80   1.83777068E-05 -2.147114E+01  6.128328E+04  8.820473E-03 -4.631094E-04  0.000000E+00  0.000000E+00  0.000000E+00  0.000000E+00  0.000000E+00  0.000000E+00
81   2.01461771E-05 -2.351063E+01  5.591720E+04  9.660998E-03 -5.558638E-04  0.000000E+00  0.000000E+00  0.000000E+00  0.000000E+00  0.000000E+00  0.000000E+00
82   2.20843934E-05 -2.573743E+01  5.102560E+04  1.057961E-02 -6.670094E-04  0.000000E+00  0.000000E+00  0.000000E+00  0.000000E+00  0.000000E+00  0.000000E+00
83   2.42085847E-05 -2.816676E+01  4.656739E+04  1.158296E-02 -8.001154E-04  0.000000E+00  0.000000E+00  0.000000E+00  0.000000E+00  0.000000E+00  0.000000E+00
84   2.65365232E-05 -3.081444E+01  4.250522E+04  1.267810E-02 -9.594109E-04  0.000000E+00  0.000000E+00  0.000000E+00  0.000000E+00  0.000000E+00  0.000000E+00
85   2.90876670E-05 -3.369668E+01  3.880530E+04  1.387243E-02 -1.149892E-03  0.000000E+00  0.000000E+00  0.000000E+00  0.000000E+00  0.000000E+00  0.000000E+00
86   3.18833230E-05 -3.682977E+01  3.543717E+04  1.517362E-02 -1.377441E-03  0.000000E+00  0.000000E+00  0.000000E+00  0.000000E+00  0.000000E+00  0.000000E+00
87   3.49468144E-05 -4.022959E+01  3.237346E+04  1.658958E-02 -1.648952E-03  0.000000E+00  0.000000E+00  0.000000E+00  0.000000E+00  0.000000E+00  0.000000E+00
88   3.83036760E-05 -4.391097E+01  2.958974E+04  1.812825E-02 -1.972469E-03  0.000000E+00  0.000000E+00  0.000000E+00  0.000000E+00  0.000000E+00  0.000000E+00
89   4.19818574E-05 -4.788683E+01  2.706459E+04  1.979749E-02 -2.357308E-03  0.000000E+00  0.000000E+00  0.000000E+00  0.000000E+00  0.000000E+00  0.000000E+00
90   4.60119519E-05 -5.216689E+01  2.477949E+04  2.160482E-02 -2.814176E-03  0.000000E+00  0.000000E+00  0.000000E+00  0.000000E+00  0.000000E+00  0.000000E+00
91   5.04274360E-05 -5.675600E+01  2.271879E+04  2.355713E-02 -3.355256E-03  0.000000E+00  0.000000E+00  0.000000E+00  0.000000E+00  0.000000E+00  0.000000E+00
92   5.52649487E-05 -6.165187E+01  2.087004E+04  2.566031E-02 -3.994225E-03  0.000000E+00  0.000000E+00  0.000000E+00  0.000000E+00  0.000000E+00  0.000000E+00
93   6.05645780E-05 -6.684200E+01  1.922435E+04  2.791881E-02 -4.746184E-03  0.000000E+00  0.000000E+00  0.000000E+00  0.000000E+00  0.000000E+00  0.000000E+00
94   6.63701859E-05 -7.229958E+01  1.777685E+04  3.033514E-02 -5.627426E-03  0.000000E+00  0.000000E+00  0.000000E+00  0.000000E+00  0.000000E+00  0.000000E+00
95   7.27297511E-05 -7.797809E+01  1.652732E+04  3.290939E-02 -6.654985E-03  0.000000E+00  0.000000E+00  0.000000E+00  0.000000E+00  0.000000E+00  0.000000E+00
96   7.96957573E-05 -8.380408E+01  1.548138E+04  3.563870E-02 -7.845864E-03  0.000000E+00  0.000000E+00  0.000000E+00  0.000000E+00  0.000000E+00  0.000000E+00
97   8.73256081E-05 -8.966790E+01  1.465150E+04  3.851705E-02 -9.215818E-03  0.000000E+00  0.000000E+00  0.000000E+00  0.000000E+00  0.000000E+00  0.000000E+00
98   9.56820770E-05 -9.541187E+01  1.405729E+04  4.153527E-02 -1.077756E-02  0.000000E+00  0.000000E+00  0.000000E+00  0.000000E+00  0.000000E+00  0.000000E+00
99   1.04833802E-04 -1.008169E+02  1.371929E+04  4.468197E-02 -1.253823E-02  0.000000E+00  0.000000E+00  0.000000E+00  0.000000E+00  0.000000E+00  0.000000E+00
100  1.14855823E-04 -1.055924E+02  1.360631E+04  4.794560E-02 -1.449618E-02  0.000000E+00  0.000000E+00  0.000000E+00  0.000000E+00  0.000000E+00  0.000000E+00
101  1.25830168E-04 -1.093919E+02  1.346000E+04  5.131675E-02 -1.663731E-02  0.000000E+00  0.000000E+00  0.000000E+00  0.000000E+00  0.000000E+00  0.000000E+00
102  1.37846491E-04 -1.119206E+02  1.278424E+04  5.478725E-02 -1.893305E-02  0.000000E+00  0.000000E+00  0.000000E+00  0.000000E+00  0.000000E+00  0.000000E+00
103  1.51002766E-04 -1.131972E+02  1.142935E+04  5.835765E-02 -2.134503E-02  0.000000E+00  0.000000E+00  0.000000E+00  0.000000E+00  0.000000E+00  0.000000E+00
104  1.65406038E-04 -1.136590E+02  9.922926E+03  6.204774E-02 -2.383915E-02  0.000000E+00  0.000000E+00  0.000000E+00  0.000000E+00  0.000000E+00  0.000000E+00
105  1.81173246E-04 -1.137779E+02  8.749379E+03  6.586994E-02 -2.639703E-02  0.000000E+00  0.000000E+00  0.000000E+00  0.000000E+00  0.000000E+00  0.000000E+00
106  1.98432114E-04 -1.137914E+02  7.876953E+03  6.982497E-02 -2.901397E-02  0.000000E+00  0.000000E+00  0.000000E+00  0.000000E+00  0.000000E+00  0.000000E+00
107  2.17322125E-04 -1.137778E+02  7.142048E+03  7.391624E-02 -3.169163E-02  0.000000E+00  0.000000E+00  0.000000E+00  0.000000E+00  0.000000E+00  0.000000E+00
108  2.37995561E-04 -1.137570E+02  6.482216E+03  7.814828E-02 -3.443373E-02  0.000000E+00  0.000000E+00  0.000000E+00  0.000000E+00  0.000000E+00  0.000000E+00
109  2.60618662E-04 -1.137331E+02  5.881899E+03  8.252456E-02 -3.724445E-02  0.000000E+00  0.000000E+00  0.000000E+00  0.000000E+00  0.000000E+00  0.000000E+00
110  2.85372849E-04 -1.137068E+02  5.334669E+03  8.704742E-02 -4.012787E-02  0.000000E+00  0.000000E+00  0.000000E+00  0.000000E+00  0.000000E+00  0.000000E+00
111  3.12456082E-04 -1.136780E+02  4.835803E+03  9.171817E-02 -4.308783E-02  0.000000E+00  0.000000E+00  0.000000E+00  0.000000E+00  0.000000E+00  0.000000E+00
112  3.42084307E-04 -1.136464E+02  4.381099E+03  9.653698E-02 -4.612780E-02  0.000000E+00  0.000000E+00  0.000000E+00  0.000000E+00  0.000000E+00  0.000000E+00
113  3.74493042E-04 -1.136117E+02  3.966720E+03  1.015027E-01 -4.925087E-02  0.000000E+00  0.000000E+00  0.000000E+00  0.000000E+00  0.000000E+00  0.000000E+00
114  4.09939081E-04 -1.135737E+02  3.589165E+03  1.066128E-01 -5.245965E-02  0.000000E+00  0.000000E+00  0.000000E+00  0.000000E+00  0.000000E+00  0.000000E+00
115  4.48702349E-04 -1.135321E+02  3.245236E+03  1.118629E-01 -5.575618E-02  0.000000E+00  0.000000E+00  0.000000E+00  0.000000E+00  0.000000E+00  0.000000E+00
116  4.91087899E-04 -1.134865E+02  2.932020E+03  1.172465E-01 -5.914185E-02  0.000000E+00  0.000000E+00  0.000000E+00  0.000000E+00  0.000000E+00  0.000000E+00
117  5.37428074E-04 -1.134367E+02  2.646856E+03  1.227551E-01 -6.261731E-02  0.000000E+00  0.000000E+00  0.000000E+00  0.000000E+00  0.000000E+00  0.000000E+00
118  5.88084848E-04 -1.133823E+02  2.387317E+03  1.283771E-01 -6.618230E-02  0.000000E+00  0.000000E+00  0.000000E+00  0.000000E+00  0.000000E+00  0.000000E+00
119  6.43452337E-04 -1.133228E+02  2.151190E+03  1.340982E-01 -6.983560E-02  0.000000E+00  0.000000E+00  0.000000E+00  0.000000E+00  0.000000E+00  0.000000E+00
120  7.03959529E-04 -1.132578E+02  1.936450E+03  1.399004E-01 -7.357478E-02  0.000000E+00  0.000000E+00  0.000000E+00  0.000000E+00  0.000000E+00  0.000000E+00
121  7.70073203E-04 -1.131870E+02  1.741252E+03  1.457618E-01 -7.739611E-02  0.000000E+00  0.000000E+00  0.000000E+00  0.000000E+00  0.000000E+00  0.000000E+00
122  8.42301095E-04 -1.131097E+02  1.563906E+03  1.516563E-01 -8.129434E-02  0.000000E+00  0.000000E+00  0.000000E+00  0.000000E+00  0.000000E+00  0.000000E+00
123  9.21195286E-04 -1.130255E+02  1.402869E+03  1.575524E-01 -8.526252E-02  0.000000E+00  0.000000E+00  0.000000E+00  0.000000E+00  0.000000E+00  0.000000E+00
124  1.00735585E-03 -1.129337E+02  1.256730E+03  1.634134E-01 -8.929175E-02  0.000000E+00  0.000000E+00  0.000000E+00  0.000000E+00  0.000000E+00  0.000000E+00
125  1.10143478E-03 -1.128340E+02  1.124197E+03  1.691963E-01 -9.337095E-02  0.000000E+00  0.000000E+00  0.000000E+00  0.000000E+00  0.000000E+00  0.000000E+00
126  1.20414020E-03 -1.127255E+02  1.004086E+03  1.748512E-01 -9.748663E-02  0.000000E+00  0.000000E+00  0.000000E+00  0.000000E+00  0.000000E+00  0.000000E+00
127  1.31624086E-03 -1.126077E+02  8.953134E+02  1.803209E-01 -1.016226E-01  0.000000E+00  0.000000E+00  0.000000E+00  0.000000E+00  0.000000E+00  0.000000E+00
128  1.43857096E-03 -1.124799E+02  7.968848E+02  1.855401E-01 -1.057596E-01  0.000000E+00  0.000000E+00  0.000000E+00  0.000000E+00  0.000000E+00  0.000000E+00
129  1.57203535E-03 -1.123413E+02  7.078881E+02  1.904345E-01 -1.098751E-01  0.000000E+00  0.000000E+00  0.000000E+00  0.000000E+00  0.000000E+00  0.000000E+00
130  1.71761502E-03 -1.121912E+02  6.274861E+02  1.949207E-01 -1.139432E-01  0.000000E+00  0.000000E+00  0.000000E+00  0.000000E+00  0.000000E+00  0.000000E+00
131  1.87637300E-03 -1.120288E+02  5.549101E+02  1.989053E-01 -1.179338E-01  0.000000E+00  0.000000E+00  0.000000E+00  0.000000E+00  0.000000E+00  0.000000E+00
132  2.04946065E-03 -1.118533E+02  4.894543E+02  2.022844E-01 -1.218127E-01  0.000000E+00  0.000000E+00  0.000000E+00  0.000000E+00  0.000000E+00  0.000000E+00
133  2.23812432E-03 -1.116638E+02  4.304705E+02  2.049436E-01 -1.255414E-01  0.000000E+00  0.000000E+00  0.000000E+00  0.000000E+00  0.000000E+00  0.000000E+00
134  2.44371250E-03 -1.114595E+02  3.773634E+02  2.067579E-01 -1.290766E-01  0.000000E+00  0.000000E+00  0.000000E+00  0.000000E+00  0.000000E+00  0.000000E+00
135  2.66768335E-03 -1.112395E+02  3.295868E+02  2.075915E-01 -1.323700E-01  0.000000E+00  0.000000E+00  0.000000E+00  0.000000E+00  0.000000E+00  0.000000E+00
136  2.91161270E-03 -1.110028E+02  2.866398E+02  2.072989E-01 -1.353778E-01  0.000000E+00  0.000000E+00  0.000000E+00  0.000000E+00  0.000000E+00  0.000000E+00
137  3.17720252E-03 -1.107484E+02  2.480633E+02  2.057253E-01 -1.380335E-01  0.000000E+00  0.000000E+00  0.000000E+00  0.000000E+00  0.000000E+00  0.000000E+00
138  3.46628990E-03 -1.104753E+02  2.134372E+02  2.027087E-01 -1.402740E-01  0.000000E+00  0.000000E+00  0.000000E+00  0.000000E+00  0.000000E+00  0.000000E+00
139  3.78085648E-03 -1.101826E+02  1.823776E+02  1.980815E-01 -1.420317E-01  0.000000E+00  0.000000E+00  0.000000E+00  0.000000E+00  0.000000E+00  0.000000E+00
140  4.12303844E-03 -1.098691E+02  1.545342E+02  1.916740E-01 -1.432348E-01  0.000000E+00  0.000000E+00  0.000000E+00  0.000000E+00  0.000000E+00  0.000000E+00
141  4.49513692E-03 -1.095338E+02  1.295879E+02  1.833178E-01 -1.438077E-01  0.000000E+00  0.000000E+00  0.000000E+00  0.000000E+00  0.000000E+00  0.000000E+00
142  4.89962906E-03 -1.091754E+02  1.072487E+02  1.728512E-01 -1.436724E-01  0.000000E+00  0.000000E+00  0.000000E+00  0.000000E+00  0.000000E+00  0.000000E+00
143  5.33917949E-03 -1.087927E+02  8.725353E+01  1.601245E-01 -1.427495E-01  0.000000E+00  0.000000E+00  0.000000E+00  0.000000E+00  0.000000E+00  0.000000E+00
144  5.81665237E-03 -1.083845E+02  6.936433E+01  1.450082E-01 -1.409596E-01  0.000000E+00  0.000000E+00  0.000000E+00  0.000000E+00  0.000000E+00  0.000000E+00
145  6.33512396E-03 -1.079495E+02  5.336597E+01  1.274009E-01 -1.382257E-01  0.000000E+00  0.000000E+00  0.000000E+00  0.000000E+00  0.000000E+00  0.000000E+00
146  6.89789567E-03 -1.074861E+02  3.906469E+01  1.072399E-01 -1.344753E-01  0.000000E+00  0.000000E+00  0.000000E+00  0.000000E+00  0.000000E+00  0.000000E+00
147  7.50850767E-03 -1.069930E+02  2.628621E+01  8.451183E-02 -1.296430E-01  0.000000E+00  0.000000E+00  0.000000E+00  0.000000E+00  0.000000E+00  0.000000E+00
148  8.17075289E-03 -1.064685E+02  1.487423E+01  5.926595E-02 -1.236746E-01  0.000000E+00  0.000000E+00  0.000000E+00  0.000000E+00  0.000000E+00  0.000000E+00
149  8.88869163E-03 -1.059110E+02  4.688729E+00  3.162702E-02 -1.165297E-01  0.000000E+00  0.000000E+00  0.000000E+00  0.000000E+00  0.000000E+00  0.000000E+00
150  9.66666647E-03 -1.053189E+02 -4.395410E+00  1.809420E-03 -1.081868E-01  0.000000E+00  0.000000E+00  0.000000E+00  0.000000E+00  0.000000E+00  0.000000E+00
151  1.05093177E-02 -1.046905E+02 -1.248973E+01 -2.986896E-02 -9.864713E-02  0.000000E+00  0.000000E+00  0.000000E+00  0.000000E+00  0.000000E+00  0.000000E+00
152  1.14215990E-02 -1.040242E+02 -1.969364E+01 -6.297373E-02 -8.793934E-02  0.000000E+00  0.000000E+00  0.000000E+00  0.000000E+00  0.000000E+00  0.000000E+00
153  1.24087937E-02 -1.033181E+02 -2.609560E+01 -9.694285E-02 -7.612407E-02  0.000000E+00  0.000000E+00  0.000000E+00  0.000000E+00  0.000000E+00  0.000000E+00
154  1.34765309E-02 -1.025707E+02 -3.177424E+01 -1.310787E-01 -6.329824E-02  0.000000E+00  0.000000E+00  0.000000E+00  0.000000E+00  0.000000E+00  0.000000E+00
155  1.46308026E-02 -1.017804E+02 -3.679949E+01 -1.645444E-01 -4.959880E-02  0.000000E+00  0.000000E+00  0.000000E+00  0.000000E+00  0.000000E+00  0.000000E+00
156  1.58779799E-02 -1.009455E+02 -4.123355E+01 -1.963674E-01 -3.520560E-02  0.000000E+00  0.000000E+00  0.000000E+00  0.000000E+00  0.000000E+00  0.000000E+00
157  1.72248302E-02 -1.000645E+02 -4.513171E+01 -2.254497E-01 -2.034293E-02  0.000000E+00  0.000000E+00  0.000000E+00  0.000000E+00  0.000000E+00  0.000000E+00
158  1.86785343E-02 -9.913609E+01 -4.854319E+01 -2.505893E-01 -5.279418E-03  0.000000E+00  0.000000E+00  0.000000E+00  0.000000E+00  0.000000E+00  0.000000E+00
159  2.02467030E-02 -9.815894E+01 -5.151178E+01 -2.705123E-01  9.674365E-03  0.000000E+00  0.000000E+00  0.000000E+00  0.000000E+00  0.000000E+00  0.000000E+00
160  2.19373944E-02 -9.713212E+01 -5.407651E+01 -2.839190E-01  2.417082E-02  0.000000E+00  0.000000E+00  0.000000E+00  0.000000E+00  0.000000E+00  0.000000E+00
161  2.37591298E-02 -9.605492E+01 -5.627230E+01 -2.895423E-01  3.783319E-02  0.000000E+00  0.000000E+00  0.000000E+00  0.000000E+00  0.000000E+00  0.000000E+00
162  2.57209106E-02 -9.492688E+01 -5.813036E+01 -2.862212E-01  5.026667E-02  0.000000E+00  0.000000E+00  0.000000E+00  0.000000E+00  0.000000E+00  0.000000E+00
163  2.78322341E-02 -9.374774E+01 -5.967869E+01 -2.729853E-01  6.107263E-02  0.000000E+00  0.000000E+00  0.000000E+00  0.000000E+00  0.000000E+00  0.000000E+00
164  3.01031089E-02 -9.251730E+01 -6.094235E+01 -2.491499E-01  6.986601E-02  0.000000E+00  0.000000E+00  0.000000E+00  0.000000E+00  0.000000E+00  0.000000E+00
165  3.25440695E-02 -9.123541E+01 -6.194375E+01 -2.144157E-01  7.629522E-02  0.000000E+00  0.000000E+00  0.000000E+00  0.000000E+00  0.000000E+00  0.000000E+00
166  3.51661910E-02 -8.990181E+01 -6.270287E+01 -1.689677E-01  8.006398E-02  0.000000E+00  0.000000E+00  0.000000E+00  0.000000E+00  0.000000E+00  0.000000E+00
167  3.79811020E-02 -8.851615E+01 -6.323751E+01 -1.135647E-01  8.095388E-02  0.000000E+00  0.000000E+00  0.000000E+00  0.000000E+00  0.000000E+00  0.000000E+00
168  4.10009974E-02 -8.707813E+01 -6.356360E+01 -4.960990E-02  7.884633E-02  0.000000E+00  0.000000E+00  0.000000E+00  0.000000E+00  0.000000E+00  0.000000E+00
169  4.42386497E-02 -8.558753E+01 -6.369548E+01  2.080873E-02  7.374211E-02  0.000000E+00  0.000000E+00  0.000000E+00  0.000000E+00  0.000000E+00  0.000000E+00
170  4.77074197E-02 -8.404448E+01 -6.364633E+01  9.491914E-02  6.577654E-02  0.000000E+00  0.000000E+00  0.000000E+00  0.000000E+00  0.000000E+00  0.000000E+00
171  5.14212654E-02 -8.244954E+01 -6.342834E+01  1.693178E-01  5.522829E-02  0.000000E+00  0.000000E+00  0.000000E+00  0.000000E+00  0.000000E+00  0.000000E+00
172  5.53947501E-02 -8.080373E+01 -6.305302E+01  2.400820E-01  4.251983E-02  0.000000E+00  0.000000E+00  0.000000E+00  0.000000E+00  0.000000E+00  0.000000E+00
173  5.96430493E-02 -7.910857E+01 -6.253144E+01  3.029467E-01  2.820804E-02  0.000000E+00  0.000000E+00  0.000000E+00  0.000000E+00  0.000000E+00  0.000000E+00
174  6.41819554E-02 -7.736619E+01 -6.187428E+01  3.535440E-01  1.296413E-02  0.000000E+00  0.000000E+00  0.000000E+00  0.000000E+00  0.000000E+00  0.000000E+00
175  6.90278820E-02 -7.557975E+01 -6.109241E+01  3.876979E-01 -2.457270E-03  0.000000E+00  0.000000E+00  0.000000E+00  0.000000E+00  0.000000E+00  0.000000E+00
176  7.41978654E-02 -7.375302E+01 -6.019656E+01  4.017591E-01 -1.725869E-02  0.000000E+00  0.000000E+00  0.000000E+00  0.000000E+00  0.000000E+00  0.000000E+00
177  7.97095656E-02 -7.189106E+01 -5.919800E+01  3.929562E-01 -3.064800E-02  0.000000E+00  0.000000E+00  0.000000E+00  0.000000E+00  0.000000E+00  0.000000E+00
178  8.55812653E-02 -6.999914E+01 -5.810756E+01  3.597334E-01 -4.189077E-02  0.000000E+00  0.000000E+00  0.000000E+00  0.000000E+00  0.000000E+00  0.000000E+00
179  9.18318667E-02 -6.808254E+01 -5.693559E+01  3.020418E-01 -5.036265E-02  0.000000E+00  0.000000E+00  0.000000E+00  0.000000E+00  0.000000E+00  0.000000E+00
180  9.84808874E-02 -6.614581E+01 -5.569121E+01  2.215480E-01 -5.559723E-02  0.000000E+00  0.000000E+00  0.000000E+00  0.000000E+00  0.000000E+00  0.000000E+00
181  1.05548454E-01 -6.419250E+01 -5.438215E+01  1.217259E-01 -5.732510E-02  0.000000E+00  0.000000E+00  0.000000E+00  0.000000E+00  0.000000E+00  0.000000E+00
182  1.13055295E-01 -6.222482E+01 -5.301443E+01  7.806487E-03 -5.549992E-02  0.000000E+00  0.000000E+00  0.000000E+00  0.000000E+00  0.000000E+00  0.000000E+00
183  1.21022731E-01 -6.024497E+01 -5.159368E+01 -1.134332E-01 -5.030851E-02  0.000000E+00  0.000000E+00  0.000000E+00  0.000000E+00  0.000000E+00  0.000000E+00
184  1.29472662E-01 -5.825457E+01 -5.012468E+01 -2.340444E-01 -4.216288E-02  0.000000E+00  0.000000E+00  0.000000E+00  0.000000E+00  0.000000E+00  0.000000E+00
185  1.38427558E-01 -5.625649E+01 -4.861312E+01 -3.454280E-01 -3.167336E-02  0.000000E+00  0.000000E+00  0.000000E+00  0.000000E+00  0.000000E+00  0.000000E+00
186  1.47910441E-01 -5.425416E+01 -4.706501E+01 -4.389716E-01 -1.960440E-02  0.000000E+00  0.000000E+00  0.000000E+00  0.000000E+00  0.000000E+00  0.000000E+00
187  1.57944873E-01 -5.225194E+01 -4.548713E+01 -5.067497E-01 -6.816283E-03  0.000000E+00  0.000000E+00  0.000000E+00  0.000000E+00  0.000000E+00  0.000000E+00
188  1.68554937E-01 -5.025543E+01 -4.388727E+01 -5.422238E-01  5.802053E-03  0.000000E+00  0.000000E+00  0.000000E+00  0.000000E+00  0.000000E+00  0.000000E+00
189  1.79765217E-01 -4.827134E+01 -4.227418E+01 -5.408734E-01  1.740266E-02  0.000000E+00  0.000000E+00  0.000000E+00  0.000000E+00  0.000000E+00  0.000000E+00
190  1.91600782E-01 -4.630822E+01 -4.065822E+01 -5.006891E-01  2.724385E-02  0.000000E+00  0.000000E+00  0.000000E+00  0.000000E+00  0.000000E+00  0.000000E+00
191  2.04087162E-01 -4.437525E+01 -3.905024E+01 -4.224726E-01  3.474442E-02  0.000000E+00  0.000000E+00  0.000000E+00  0.000000E+00  0.000000E+00  0.000000E+00
192  2.17250328E-01 -4.248130E+01 -3.746063E+01 -3.099042E-01  3.952140E-02  0.000000E+00  0.000000E+00  0.000000E+00  0.000000E+00  0.000000E+00  0.000000E+00
193  2.31116670E-01 -4.063356E+01 -3.589795E+01 -1.693694E-01  4.140851E-02  0.000000E+00  0.000000E+00  0.000000E+00  0.000000E+00  0.000000E+00  0.000000E+00
194  2.45712970E-01 -3.883639E+01 -3.436787E+01 -9.552698E-03  4.045508E-02  0.000000E+00  0.000000E+00  0.000000E+00  0.000000E+00  0.000000E+00  0.000000E+00
195  2.61066381E-01 -3.709080E+01 -3.287258E+01  1.591649E-01  3.690751E-02  0.000000E+00  0.000000E+00  0.000000E+00  0.000000E+00  0.000000E+00  0.000000E+00
196  2.77204402E-01 -3.539522E+01 -3.141162E+01  3.254557E-01  3.117674E-02  0.000000E+00  0.000000E+00  0.000000E+00  0.000000E+00  0.000000E+00  0.000000E+00
197  2.94154851E-01 -3.374603E+01 -2.998241E+01  4.778806E-01  2.379564E-02  0.000000E+00  0.000000E+00  0.000000E+00  0.000000E+00  0.000000E+00  0.000000E+00
198  3.11945839E-01 -3.213938E+01 -2.858206E+01  6.057392E-01  1.537026E-02  0.000000E+00  0.000000E+00  0.000000E+00  0.000000E+00  0.000000E+00  0.000000E+00
199  3.30605749E-01 -3.057208E+01 -2.720827E+01  6.998607E-01  6.528945E-03  0.000000E+00  0.000000E+00  0.000000E+00  0.000000E+00  0.000000E+00  0.000000E+00
200  3.50163201E-01 -2.904191E+01 -2.585964E+01  7.532666E-01 -2.126576E-03  0.000000E+00  0.000000E+00  0.000000E+00  0.000000E+00  0.000000E+00  0.000000E+00
201  3.70647037E-01 -2.754772E+01 -2.453581E+01  7.616446E-01 -1.006397E-02  0.000000E+00  0.000000E+00  0.000000E+00  0.000000E+00  0.000000E+00  0.000000E+00
202  3.92086284E-01 -2.608909E+01 -2.323709E+01  7.235958E-01 -1.685358E-02  0.000000E+00  0.000000E+00  0.000000E+00  0.000000E+00  0.000000E+00  0.000000E+00
203  4.14510136E-01 -2.466664E+01 -2.196479E+01  6.406400E-01 -2.218997E-02  0.000000E+00  0.000000E+00  0.000000E+00  0.000000E+00  0.000000E+00  0.000000E+00
204  4.37947926E-01 -2.328187E+01 -2.072107E+01  5.169874E-01 -2.590094E-02  0.000000E+00  0.000000E+00  0.000000E+00  0.000000E+00  0.000000E+00  0.000000E+00
205  4.62429099E-01 -2.193809E+01 -1.950983E+01  3.591103E-01 -2.794440E-02  0.000000E+00  0.000000E+00  0.000000E+00  0.000000E+00  0.000000E+00  0.000000E+00
206  4.87983189E-01 -2.063931E+01 -1.833564E+01  1.751662E-01 -2.839453E-02  0.000000E+00  0.000000E+00  0.000000E+00  0.000000E+00  0.000000E+00  0.000000E+00
207  5.14639796E-01 -1.938985E+01 -1.720333E+01 -2.566338E-02 -2.741969E-02  0.000000E+00  0.000000E+00  0.000000E+00  0.000000E+00  0.000000E+00  0.000000E+00
208  5.42428559E-01 -1.819359E+01 -1.611726E+01 -2.338479E-01 -2.525563E-02  0.000000E+00  0.000000E+00  0.000000E+00  0.000000E+00  0.000000E+00  0.000000E+00
209  5.71379134E-01 -1.705338E+01 -1.508073E+01 -4.401381E-01 -2.217740E-02  0.000000E+00  0.000000E+00  0.000000E+00  0.000000E+00  0.000000E+00  0.000000E+00
210  6.01521174E-01 -1.597077E+01 -1.409571E+01 -6.361023E-01 -1.847302E-02  0.000000E+00  0.000000E+00  0.000000E+00  0.000000E+00  0.000000E+00  0.000000E+00
211  6.32884304E-01 -1.494599E+01 -1.316283E+01 -8.145393E-01 -1.442129E-02  0.000000E+00  0.000000E+00  0.000000E+00  0.000000E+00  0.000000E+00  0.000000E+00
212  6.65498101E-01 -1.397835E+01 -1.228174E+01 -9.697549E-01 -1.027466E-02  0.000000E+00  0.000000E+00  0.000000E+00  0.000000E+00  0.000000E+00  0.000000E+00
213  6.99392074E-01 -1.306612E+01 -1.145106E+01 -1.097702E+00 -6.247707E-03  0.000000E+00  0.000000E+00  0.000000E+00  0.000000E+00  0.000000E+00  0.000000E+00
214  7.34595647E-01 -1.220709E+01 -1.066889E+01 -1.195999E+00 -2.510768E-03  0.000000E+00  0.000000E+00  0.000000E+00  0.000000E+00  0.000000E+00  0.000000E+00
215  7.71138136E-01 -1.139885E+01 -9.933134E+00 -1.263841E+00  8.120430E-04  0.000000E+00  0.000000E+00  0.000000E+00  0.000000E+00  0.000000E+00  0.000000E+00
216  8.09048735E-01 -1.063870E+01 -9.241342E+00 -1.301833E+00  3.641173E-03  0.000000E+00  0.000000E+00  0.000000E+00  0.000000E+00  0.000000E+00  0.000000E+00
217  8.48356497E-01 -9.924027E+00 -8.591182E+00 -1.311762E+00  5.937402E-03  0.000000E+00  0.000000E+00  0.000000E+00  0.000000E+00  0.000000E+00  0.000000E+00
218  8.89090320E-01 -9.252337E+00 -7.980389E+00 -1.296340E+00  7.695941E-03  0.000000E+00  0.000000E+00  0.000000E+00  0.000000E+00  0.000000E+00  0.000000E+00
219  9.31278931E-01 -8.621272E+00 -7.406833E+00 -1.258936E+00  8.939619E-03  0.000000E+00  0.000000E+00  0.000000E+00  0.000000E+00  0.000000E+00  0.000000E+00
220  9.74950871E-01 -8.028653E+00 -6.868549E+00 -1.203313E+00  9.711844E-03  0.000000E+00  0.000000E+00  0.000000E+00  0.000000E+00  0.000000E+00  0.000000E+00
221  1.02013448E+00 -7.472483E+00 -6.363735E+00 -1.133389E+00  1.006986E-02  0.000000E+00  0.000000E+00  0.000000E+00  0.000000E+00  0.000000E+00  0.000000E+00
222  1.06685790E+00 -6.950938E+00 -5.890751E+00 -1.053029E+00  1.007868E-02  0.000000E+00  0.000000E+00  0.000000E+00  0.000000E+00  0.000000E+00  0.000000E+00
223  1.11514904E+00 -6.462342E+00 -5.448094E+00 -9.658840E-01  9.805904E-03  0.000000E+00  0.000000E+00  0.000000E+00  0.000000E+00  0.000000E+00  0.000000E+00
224  1.16503557E+00 -6.005141E+00 -5.034371E+00 -8.752571E-01  9.317613E-03  0.000000E+00  0.000000E+00  0.000000E+00  0.000000E+00  0.000000E+00  0.000000E+00
225  1.21654493E+00 -5.577872E+00 -4.648269E+00 -7.840251E-01  8.675251E-03  0.000000E+00  0.000000E+00  0.000000E+00  0.000000E+00  0.000000E+00  0.000000E+00
226  1.26970431E+00 -5.179138E+00 -4.288532E+00 -6.945901E-01  7.933541E-03  0.000000E+00  0.000000E+00  0.000000E+00  0.000000E+00  0.000000E+00  0.000000E+00
227  1.32454062E+00 -4.807584E+00 -3.953936E+00 -6.088658E-01  7.139279E-03  0.000000E+00  0.000000E+00  0.000000E+00  0.000000E+00  0.000000E+00  0.000000E+00
228  1.38108053E+00 -4.461881E+00 -3.643274E+00 -5.282919E-01  6.330863E-03  0.000000E+00  0.000000E+00  0.000000E+00  0.000000E+00  0.000000E+00  0.000000E+00
229  1.43935041E+00 -4.140715E+00 -3.355346E+00 -4.538676E-01  5.538412E-03  0.000000E+00  0.000000E+00  0.000000E+00  0.000000E+00  0.000000E+00  0.000000E+00
230  1.49937637E+00 -3.842783E+00 -3.088959E+00 -3.862002E-01  4.784321E-03  0.000000E+00  0.000000E+00  0.000000E+00  0.000000E+00  0.000000E+00  0.000000E+00
231  1.56118423E+00 -3.566793E+00 -2.842917E+00 -3.255615E-01  4.084091E-03  0.000000E+00  0.000000E+00  0.000000E+00  0.000000E+00  0.000000E+00  0.000000E+00
232  1.62479950E+00 -3.311462E+00 -2.616034E+00 -2.719481E-01  3.447324E-03  0.000000E+00  0.000000E+00  0.000000E+00  0.000000E+00  0.000000E+00  0.000000E+00
233  1.69024742E+00 -3.075526E+00 -2.407132E+00 -2.251410E-01  2.878773E-03  0.000000E+00  0.000000E+00  0.000000E+00  0.000000E+00  0.000000E+00  0.000000E+00
234  1.75755291E+00 -2.857739E+00 -2.215047E+00 -1.847612E-01  2.379373E-03  0.000000E+00  0.000000E+00  0.000000E+00  0.000000E+00  0.000000E+00  0.000000E+00
235  1.82674061E+00 -2.656886E+00 -2.038641E+00 -1.503200E-01  1.947191E-03  0.000000E+00  0.000000E+00  0.000000E+00  0.000000E+00  0.000000E+00  0.000000E+00
236  1.89783484E+00 -2.471784E+00 -1.876803E+00 -1.212624E-01  1.578273E-03  0.000000E+00  0.000000E+00  0.000000E+00  0.000000E+00  0.000000E+00  0.000000E+00
237  1.97085962E+00 -2.301291E+00 -1.728457E+00 -9.700301E-02  1.267355E-03  0.000000E+00  0.000000E+00  0.000000E+00  0.000000E+00  0.000000E+00  0.000000E+00
238  2.04583867E+00 -2.144310E+00 -1.592570E+00 -7.695430E-02  1.008450E-03  0.000000E+00  0.000000E+00  0.000000E+00  0.000000E+00  0.000000E+00  0.000000E+00
239  2.12279537E+00 -1.999794E+00 -1.468153E+00 -6.054842E-02  7.953017E-04  0.000000E+00  0.000000E+00  0.000000E+00  0.000000E+00  0.000000E+00  0.000000E+00
240  2.20175283E+00 -1.866752E+00 -1.354272E+00 -4.725241E-02  6.217239E-04  0.000000E+00  0.000000E+00  0.000000E+00  0.000000E+00  0.000000E+00  0.000000E+00
241  2.28273382E+00 -1.744252E+00 -1.250045E+00 -3.657820E-02  4.818426E-04  0.000000E+00  0.000000E+00  0.000000E+00  0.000000E+00  0.000000E+00  0.000000E+00
242  2.36576082E+00 -1.631423E+00 -1.154653E+00 -2.808819E-02  3.702496E-04  0.000000E+00  0.000000E+00  0.000000E+00  0.000000E+00  0.000000E+00  0.000000E+00
243  2.45085600E+00 -1.530740E+00 -1.070614E+00 -2.139718E-02  2.821012E-04  0.000000E+00  0.000000E+00  0.000000E+00  0.000000E+00  0.000000E+00  0.000000E+00
244  2.53804119E+00 -1.444212E+00 -9.999773E-01 -1.617143E-02  2.131530E-04  0.000000E+00  0.000000E+00  0.000000E+00  0.000000E+00  0.000000E+00  0.000000E+00
245  2.62733796E+00 -1.370192E+00 -9.411374E-01 -1.212609E-02  1.597395E-04  0.000000E+00  0.000000E+00  0.000000E+00  0.000000E+00  0.000000E+00  0.000000E+00
246  2.71876755E+00 -1.307166E+00 -8.926194E-01 -9.021701E-03  1.187441E-04  0.000000E+00  0.000000E+00  0.000000E+00  0.000000E+00  0.000000E+00  0.000000E+00
247  2.81235087E+00 -1.253752E+00 -8.530768E-01 -6.659779E-03  8.756385E-05  0.000000E+00  0.000000E+00  0.000000E+00  0.000000E+00  0.000000E+00  0.000000E+00
248  2.90810858E+00 -1.208698E+00 -8.212907E-01 -4.877966E-03  6.405827E-05  0.000000E+00  0.000000E+00  0.000000E+00  0.000000E+00  0.000000E+00  0.000000E+00
249  3.00606100E+00 -1.170877E+00 -7.961645E-01 -3.545069E-03  4.649217E-05  0.000000E+00  0.000000E+00  0.000000E+00  0.000000E+00  0.000000E+00  0.000000E+00
250  3.10622816E+00 -1.139278E+00 -7.767190E-01 -2.556306E-03  3.347717E-05  0.000000E+00  0.000000E+00  0.000000E+00  0.000000E+00  0.000000E+00  0.000000E+00
251  3.20862980E+00 -1.113006E+00 -7.620852E-01 -1.828924E-03  2.391584E-05  0.000000E+00  0.000000E+00  0.000000E+00  0.000000E+00  0.000000E+00  0.000000E+00
252  3.31328536E+00 -1.091269E+00 -7.514975E-01 -1.298261E-03  1.695079E-05  0.000000E+00  0.000000E+00  0.000000E+00  0.000000E+00  0.000000E+00  0.000000E+00
253  3.42021400E+00 -1.073372E+00 -7.442857E-01 -9.143217E-04  1.191945E-05  0.000000E+00  0.000000E+00  0.000000E+00  0.000000E+00  0.000000E+00  0.000000E+00
254  3.52943457E+00 -1.058709E+00 -7.398672E-01 -6.388392E-04  8.315255E-06  0.000000E+00  0.000000E+00  0.000000E+00  0.000000E+00  0.000000E+00  0.000000E+00
255  3.64096566E+00 -1.046755E+00 -7.377389E-01 -4.428155E-04  5.754881E-06  0.000000E+00  0.000000E+00  0.000000E+00  0.000000E+00  0.000000E+00  0.000000E+00
256  3.75482556E+00 -1.037059E+00 -7.374696E-01 -3.044911E-04  3.951157E-06  0.000000E+00  0.000000E+00  0.000000E+00  0.000000E+00  0.000000E+00  0.000000E+00
257  3.87103229E+00 -1.029233E+00 -7.386920E-01 -2.076959E-04  2.691059E-06  0.000000E+00  0.000000E+00  0.000000E+00  0.000000E+00  0.000000E+00  0.000000E+00
258  3.98960360E+00 -1.022948E+00 -7.410954E-01 -1.405279E-04  1.818089E-06  0.000000E+00  0.000000E+00  0.000000E+00  0.000000E+00  0.000000E+00  0.000000E+00
259  4.11055695E+00 -1.017928E+00 -7.444192E-01 -9.431007E-05  1.218375E-06  0.000000E+00  0.000000E+00  0.000000E+00  0.000000E+00  0.000000E+00  0.000000E+00
260  4.23390955E+00 -1.013937E+00 -7.484462E-01 -6.277591E-05  8.098428E-07  0.000000E+00  0.000000E+00  0.000000E+00  0.000000E+00  0.000000E+00  0.000000E+00
261  4.35967833E+00 -1.010781E+00 -7.529970E-01 -4.144250E-05  5.338920E-07  0.000000E+00  0.000000E+00  0.000000E+00  0.000000E+00  0.000000E+00  0.000000E+00
262  4.48787997E+00 -1.008299E+00 -7.579243E-01 -2.713283E-05  3.490742E-07  0.000000E+00  0.000000E+00  0.000000E+00  0.000000E+00  0.000000E+00  0.000000E+00
263  4.61853089E+00 -1.006356E+00 -7.631085E-01 -1.761647E-05  2.263455E-07  0.000000E+00  0.000000E+00  0.000000E+00  0.000000E+00  0.000000E+00  0.000000E+00
264  4.75164725E+00 -1.004844E+00 -7.684534E-01 -1.134214E-05  1.455438E-07  0.000000E+00  0.000000E+00  0.000000E+00  0.000000E+00  0.000000E+00  0.000000E+00
265  4.88724496E+00 -1.003673E+00 -7.738823E-01 -7.241060E-06  9.280288E-08  0.000000E+00  0.000000E+00  0.000000E+00  0.000000E+00  0.000000E+00  0.000000E+00
266  5.02533969E+00 -1.002770E+00 -7.793346E-01 -4.583723E-06  5.867494E-08  0.000000E+00  0.000000E+00  0.000000E+00  0.000000E+00  0.000000E+00  0.000000E+00
267  5.16594686E+00 -1.002079E+00 -7.847633E-01 -2.876882E-06  3.678285E-08  0.000000E+00  0.000000E+00  0.000000E+00  0.000000E+00  0.000000E+00  0.000000E+00
268  5.30908165E+00 -1.001552E+00 -7.901327E-01 -1.790160E-06  2.286218E-08  0.000000E+00  0.000000E+00  0.000000E+00  0.000000E+00  0.000000E+00  0.000000E+00
269  5.45475901E+00 -1.001153E+00 -7.954156E-01 -1.104350E-06  1.408794E-08  0.000000E+00  0.000000E+00  0.000000E+00  0.000000E+00  0.000000E+00  0.000000E+00
270  5.60299365E+00 -1.000852E+00 -8.005923E-01 -6.753756E-07  8.606241E-09  0.000000E+00  0.000000E+00  0.000000E+00  0.000000E+00  0.000000E+00  0.000000E+00
271  5.75380006E+00 -1.000626E+00 -8.056489E-01 -4.094373E-07  5.211878E-09  0.000000E+00  0.000000E+00  0.000000E+00  0.000000E+00  0.000000E+00  0.000000E+00
272  5.90719250E+00 -1.000458E+00 -8.105759E-01 -2.460437E-07  3.128733E-09  0.000000E+00  0.000000E+00  0.000000E+00  0.000000E+00  0.000000E+00  0.000000E+00
273  6.06318501E+00 -1.000333E+00 -8.153676E-01 -1.465547E-07  1.861725E-09  0.000000E+00  0.000000E+00  0.000000E+00  0.000000E+00  0.000000E+00  0.000000E+00
274  6.22179140E+00 -1.000241E+00 -8.200210E-01 -8.652273E-08  1.098031E-09  0.000000E+00  0.000000E+00  0.000000E+00  0.000000E+00  0.000000E+00  0.000000E+00
275  6.38302529E+00 -1.000173E+00 -8.245350E-01 -5.062717E-08  6.418673E-10  0.000000E+00  0.000000E+00  0.000000E+00  0.000000E+00  0.000000E+00  0.000000E+00
276  6.54690008E+00 -1.000124E+00 -8.289105E-01 -2.935897E-08  3.718671E-10  0.000000E+00  0.000000E+00  0.000000E+00  0.000000E+00  0.000000E+00  0.000000E+00
277  6.71342894E+00 -1.000088E+00 -8.331491E-01 -1.687262E-08  2.135119E-10  0.000000E+00  0.000000E+00  0.000000E+00  0.000000E+00  0.000000E+00  0.000000E+00
278  6.88262486E+00 -1.000063E+00 -8.372537E-01 -9.609263E-09  1.214867E-10  0.000000E+00  0.000000E+00  0.000000E+00  0.000000E+00  0.000000E+00  0.000000E+00
279  7.05450064E+00 -1.000044E+00 -8.412275E-01 -5.423066E-09  6.849971E-11  0.000000E+00  0.000000E+00  0.000000E+00  0.000000E+00  0.000000E+00  0.000000E+00
280  7.22906885E+00 -1.000031E+00 -8.450742E-01 -3.032694E-09  3.827215E-11  0.000000E+00  0.000000E+00  0.000000E+00  0.000000E+00  0.000000E+00  0.000000E+00
281  7.40634190E+00 -1.000021E+00 -8.487977E-01 -1.680440E-09  2.118812E-11  0.000000E+00  0.000000E+00  0.000000E+00  0.000000E+00  0.000000E+00  0.000000E+00
282  7.58633198E+00 -1.000015E+00 -8.524022E-01 -9.225941E-10  1.162249E-11  0.000000E+00  0.000000E+00  0.000000E+00  0.000000E+00  0.000000E+00  0.000000E+00
283  7.76905112E+00 -1.000010E+00 -8.558917E-01 -5.018499E-10  6.316622E-12  0.000000E+00  0.000000E+00  0.000000E+00  0.000000E+00  0.000000E+00  0.000000E+00
284  7.95451115E+00 -1.000007E+00 -8.592704E-01 -2.704551E-10  3.445187E-12  0.000000E+00  0.000000E+00  0.000000E+00  0.000000E+00  0.000000E+00  0.000000E+00
285  8.14272371E+00 -1.000005E+00 -8.625422E-01 -1.443968E-10  1.709607E-12  0.000000E+00  0.000000E+00  0.000000E+00  0.000000E+00  0.000000E+00  0.000000E+00
