#      n =  7
#  kappa =  1
# energy = -5.74274595E+00
#zenergy =  0.00000000E+00
#     dn =  5.46076693E+00
# qrnorm =  1.00003126E+00
#SelfEne =  2.72113860E+32
#     vc = -8.72936623E+01
#     vr = -1.17988951E+03
#  ilast =  387
#    ifm =    0
#    cfm =  0.00000000E+00
#    xfm =  0.00000000E+00
#    rfn =  3.01031089E-02
#    pdx =  1.99449941E+00
#   bqp0 =  2.94125281E+04
#   bqp1 =  0.00000000E+00
#    idx = 29
# LEPTON = 0
#   MASS =  1.00000000E+00
# CHARGE =  1.00000000E+00
#  EUNIT =  2.72113860E+01
#  RUNIT =  4.13413733E+16
#  LUNIT =  5.29177211E-01
#    AMU =  1.82288849E+03
#    FSC =  7.29735257E-03


0    1.15188851E-08 -1.353336E-02  9.766636E+07  2.359964E-11  6.932182E-07  0.000000E+00  0.000000E+00  0.000000E+00  0.000000E+00  0.000000E+00  0.000000E+00
1    1.26324944E-08 -1.484172E-02  8.905667E+07  2.836889E-11  7.602565E-07  0.000000E+00  0.000000E+00  0.000000E+00  0.000000E+00  0.000000E+00  0.000000E+00
2    1.38537398E-08 -1.627655E-02  8.120611E+07  3.410607E-11  8.337486E-07  0.000000E+00  0.000000E+00  0.000000E+00  0.000000E+00  0.000000E+00  0.000000E+00
3    1.51930753E-08 -1.785011E-02  7.404746E+07  4.100733E-11  9.143470E-07  0.000000E+00  0.000000E+00  0.000000E+00  0.000000E+00  0.000000E+00  0.000000E+00
4    1.66618647E-08 -1.957577E-02  6.751999E+07  4.930843E-11  1.002751E-06  0.000000E+00  0.000000E+00  0.000000E+00  0.000000E+00  0.000000E+00  0.000000E+00
5    1.82726173E-08 -2.146822E-02  6.156805E+07  5.929299E-11  1.099686E-06  0.000000E+00  0.000000E+00  0.000000E+00  0.000000E+00  0.000000E+00  0.000000E+00
6    2.00391211E-08 -2.354366E-02  5.614068E+07  7.130223E-11  1.205991E-06  0.000000E+00  0.000000E+00  0.000000E+00  0.000000E+00  0.000000E+00  0.000000E+00
7    2.19763633E-08 -2.581969E-02  5.119183E+07  8.574632E-11  1.322588E-06  0.000000E+00  0.000000E+00  0.000000E+00  0.000000E+00  0.000000E+00  0.000000E+00
8    2.41008426E-08 -2.831571E-02  4.667931E+07  1.031186E-10  1.450448E-06  0.000000E+00  0.000000E+00  0.000000E+00  0.000000E+00  0.000000E+00  0.000000E+00
9    2.64306977E-08 -3.105302E-02  4.256457E+07  1.240127E-10  1.590656E-06  0.000000E+00  0.000000E+00  0.000000E+00  0.000000E+00  0.000000E+00  0.000000E+00
10   2.89857824E-08 -3.405495E-02  3.881254E+07  1.491421E-10  1.744429E-06  0.000000E+00  0.000000E+00  0.000000E+00  0.000000E+00  0.000000E+00  0.000000E+00
11   3.17878148E-08 -3.734702E-02  3.539131E+07  1.793652E-10  1.913065E-06  0.000000E+00  0.000000E+00  0.000000E+00  0.000000E+00  0.000000E+00  0.000000E+00
12   3.48607173E-08 -4.095732E-02  3.227165E+07  2.157142E-10  2.097987E-06  0.000000E+00  0.000000E+00  0.000000E+00  0.000000E+00  0.000000E+00  0.000000E+00
13   3.82306748E-08 -4.491663E-02  2.942698E+07  2.594308E-10  2.300794E-06  0.000000E+00  0.000000E+00  0.000000E+00  0.000000E+00  0.000000E+00  0.000000E+00
14   4.19263305E-08 -4.925860E-02  2.683311E+07  3.120076E-10  2.523221E-06  0.000000E+00  0.000000E+00  0.000000E+00  0.000000E+00  0.000000E+00  0.000000E+00
15   4.59791553E-08 -5.402020E-02  2.446793E+07  3.752401E-10  2.767128E-06  0.000000E+00  0.000000E+00  0.000000E+00  0.000000E+00  0.000000E+00  0.000000E+00
16   5.04237480E-08 -5.924209E-02  2.231122E+07  4.512881E-10  3.034611E-06  0.000000E+00  0.000000E+00  0.000000E+00  0.000000E+00  0.000000E+00  0.000000E+00
17   5.52978827E-08 -6.496863E-02  2.034465E+07  5.427481E-10  3.327947E-06  0.000000E+00  0.000000E+00  0.000000E+00  0.000000E+00  0.000000E+00  0.000000E+00
18   6.06431682E-08 -7.124872E-02  1.855142E+07  6.527437E-10  3.649628E-06  0.000000E+00  0.000000E+00  0.000000E+00  0.000000E+00  0.000000E+00  0.000000E+00
19   6.65050319E-08 -7.813574E-02  1.691628E+07  7.850305E-10  4.002427E-06  0.000000E+00  0.000000E+00  0.000000E+00  0.000000E+00  0.000000E+00  0.000000E+00
20   7.29333857E-08 -8.568831E-02  1.542529E+07  9.441251E-10  4.389294E-06  0.000000E+00  0.000000E+00  0.000000E+00  0.000000E+00  0.000000E+00  0.000000E+00
21   7.99831019E-08 -9.397091E-02  1.406571E+07  1.135461E-09  4.813545E-06  0.000000E+00  0.000000E+00  0.000000E+00  0.000000E+00  0.000000E+00  0.000000E+00
22   8.77140888E-08 -1.030539E-01  1.282599E+07  1.365569E-09  5.278833E-06  0.000000E+00  0.000000E+00  0.000000E+00  0.000000E+00  0.000000E+00  0.000000E+00
23   9.61921683E-08 -1.130147E-01  1.169556E+07  1.642306E-09  5.789043E-06  0.000000E+00  0.000000E+00  0.000000E+00  0.000000E+00  0.000000E+00  0.000000E+00
24   1.05489704E-07 -1.239382E-01  1.066476E+07  1.975121E-09  6.348595E-06  0.000000E+00  0.000000E+00  0.000000E+00  0.000000E+00  0.000000E+00  0.000000E+00
25   1.15685498E-07 -1.359171E-01  9.724841E+06  2.375373E-09  6.962226E-06  0.000000E+00  0.000000E+00  0.000000E+00  0.000000E+00  0.000000E+00  0.000000E+00
26   1.26866736E-07 -1.490537E-01  8.867763E+06  2.856729E-09  7.635094E-06  0.000000E+00  0.000000E+00  0.000000E+00  0.000000E+00  0.000000E+00  0.000000E+00
27   1.39128422E-07 -1.634598E-01  8.086236E+06  3.435618E-09  8.373036E-06  0.000000E+00  0.000000E+00  0.000000E+00  0.000000E+00  0.000000E+00  0.000000E+00
28   1.52574936E-07 -1.792579E-01  7.373600E+06  4.131800E-09  9.182267E-06  0.000000E+00  0.000000E+00  0.000000E+00  0.000000E+00  0.000000E+00  0.000000E+00
29   1.67320740E-07 -1.965825E-01  6.723779E+06  4.969037E-09  1.006976E-05  0.000000E+00  0.000000E+00  0.000000E+00  0.000000E+00  0.000000E+00  0.000000E+00
30   1.83491034E-07 -2.155807E-01  6.131248E+06  5.975899E-09  1.104294E-05  0.000000E+00  0.000000E+00  0.000000E+00  0.000000E+00  0.000000E+00  0.000000E+00
31   2.01224065E-07 -2.364149E-01  5.590934E+06  7.186758E-09  1.211005E-05  0.000000E+00  0.000000E+00  0.000000E+00  0.000000E+00  0.000000E+00  0.000000E+00
32   2.20670476E-07 -2.592622E-01  5.098244E+06  8.642932E-09  1.328042E-05  0.000000E+00  0.000000E+00  0.000000E+00  0.000000E+00  0.000000E+00  0.000000E+00
33   2.41995359E-07 -2.843164E-01  4.648987E+06  1.039411E-08  1.456387E-05  0.000000E+00  0.000000E+00  0.000000E+00  0.000000E+00  0.000000E+00  0.000000E+00
34   2.65380548E-07 -3.117912E-01  4.239327E+06  1.250004E-08  1.597119E-05  0.000000E+00  0.000000E+00  0.000000E+00  0.000000E+00  0.000000E+00  0.000000E+00
35   2.91025055E-07 -3.419204E-01  3.865772E+06  1.503258E-08  1.751446E-05  0.000000E+00  0.000000E+00  0.000000E+00  0.000000E+00  0.000000E+00  0.000000E+00
36   3.19147112E-07 -3.749604E-01  3.525140E+06  1.807815E-08  1.920690E-05  0.000000E+00  0.000000E+00  0.000000E+00  0.000000E+00  0.000000E+00  0.000000E+00
37   3.49985415E-07 -4.111917E-01  3.214534E+06  2.174062E-08  2.106282E-05  0.000000E+00  0.000000E+00  0.000000E+00  0.000000E+00  0.000000E+00  0.000000E+00
38   3.83802870E-07 -4.509230E-01  2.931302E+06  2.614495E-08  2.309796E-05  0.000000E+00  0.000000E+00  0.000000E+00  0.000000E+00  0.000000E+00  0.000000E+00
39   4.20886484E-07 -4.944916E-01  2.673034E+06  3.144135E-08  2.532984E-05  0.000000E+00  0.000000E+00  0.000000E+00  0.000000E+00  0.000000E+00  0.000000E+00
40   4.61551568E-07 -5.422680E-01  2.437531E+06  3.781044E-08  2.777707E-05  0.000000E+00  0.000000E+00  0.000000E+00  0.000000E+00  0.000000E+00  0.000000E+00
41   5.06144738E-07 -5.946592E-01  2.222780E+06  4.546948E-08  3.046082E-05  0.000000E+00  0.000000E+00  0.000000E+00  0.000000E+00  0.000000E+00  0.000000E+00
42   5.55043416E-07 -6.521087E-01  2.026960E+06  5.467956E-08  3.340376E-05  0.000000E+00  0.000000E+00  0.000000E+00  0.000000E+00  0.000000E+00  0.000000E+00
43   6.08665140E-07 -7.151070E-01  1.848394E+06  6.575479E-08  3.663060E-05  0.000000E+00  0.000000E+00  0.000000E+00  0.000000E+00  0.000000E+00  0.000000E+00
44   6.67464839E-07 -7.841884E-01  1.685565E+06  7.907272E-08  4.016925E-05  0.000000E+00  0.000000E+00  0.000000E+00  0.000000E+00  0.000000E+00  0.000000E+00
45   7.31942298E-07 -8.599402E-01  1.537086E+06  9.508735E-08  4.404946E-05  0.000000E+00  0.000000E+00  0.000000E+00  0.000000E+00  0.000000E+00  0.000000E+00
46   8.02645521E-07 -9.430059E-01  1.401691E+06  1.143445E-07  4.830456E-05  0.000000E+00  0.000000E+00  0.000000E+00  0.000000E+00  0.000000E+00  0.000000E+00
47   8.80173851E-07 -1.034090E+00  1.278229E+06  1.375005E-07  5.297044E-05  0.000000E+00  0.000000E+00  0.000000E+00  0.000000E+00  0.000000E+00  0.000000E+00
48   9.65187363E-07 -1.133966E+00  1.165645E+06  1.653444E-07  5.808625E-05  0.000000E+00  0.000000E+00  0.000000E+00  0.000000E+00  0.000000E+00  0.000000E+00
49   1.05840841E-06 -1.243485E+00  1.062982E+06  1.988249E-07  6.369627E-05  0.000000E+00  0.000000E+00  0.000000E+00  0.000000E+00  0.000000E+00  0.000000E+00
50   1.16062649E-06 -1.363572E+00  9.693663E+05  2.390825E-07  6.984791E-05  0.000000E+00  0.000000E+00  0.000000E+00  0.000000E+00  0.000000E+00  0.000000E+00
51   1.27271098E-06 -1.495249E+00  8.839907E+05  2.874884E-07  7.659269E-05  0.000000E+00  0.000000E+00  0.000000E+00  0.000000E+00  0.000000E+00  0.000000E+00
52   1.39561366E-06 -1.639632E+00  8.061630E+05  3.456911E-07  8.398874E-05  0.000000E+00  0.000000E+00  0.000000E+00  0.000000E+00  0.000000E+00  0.000000E+00
53   1.53037545E-06 -1.797945E+00  7.351755E+05  4.156722E-07  9.209860E-05  0.000000E+00  0.000000E+00  0.000000E+00  0.000000E+00  0.000000E+00  0.000000E+00
54   1.67814121E-06 -1.971531E+00  6.704370E+05  4.998141E-07  1.009906E-04  0.000000E+00  0.000000E+00  0.000000E+00  0.000000E+00  0.000000E+00  0.000000E+00
55   1.84016332E-06 -2.161859E+00  6.114075E+05  6.009803E-07  1.107402E-04  0.000000E+00  0.000000E+00  0.000000E+00  0.000000E+00  0.000000E+00  0.000000E+00
56   2.01781791E-06 -2.370544E+00  5.575869E+05  7.226134E-07  1.214302E-04  0.000000E+00  0.000000E+00  0.000000E+00  0.000000E+00  0.000000E+00  0.000000E+00
57   2.21260837E-06 -2.599349E+00  5.084982E+05  8.688509E-07  1.331514E-04  0.000000E+00  0.000000E+00  0.000000E+00  0.000000E+00  0.000000E+00  0.000000E+00
58   2.42618768E-06 -2.850213E+00  4.637333E+05  1.044666E-06  1.460021E-04  0.000000E+00  0.000000E+00  0.000000E+00  0.000000E+00  0.000000E+00  0.000000E+00
59   2.66036608E-06 -3.125258E+00  4.229220E+05  1.256037E-06  1.600919E-04  0.000000E+00  0.000000E+00  0.000000E+00  0.000000E+00  0.000000E+00  0.000000E+00
60   2.91712608E-06 -3.426805E+00  3.856994E+05  1.510147E-06  1.755400E-04  0.000000E+00  0.000000E+00  0.000000E+00  0.000000E+00  0.000000E+00  0.000000E+00
61   3.19864172E-06 -3.757400E+00  3.517540E+05  1.815630E-06  1.924761E-04  0.000000E+00  0.000000E+00  0.000000E+00  0.000000E+00  0.000000E+00  0.000000E+00
62   3.50729895E-06 -4.119834E+00  3.208026E+05  2.182861E-06  2.110438E-04  0.000000E+00  0.000000E+00  0.000000E+00  0.000000E+00  0.000000E+00  0.000000E+00
63   3.84570703E-06 -4.517158E+00  2.925752E+05  2.624306E-06  2.313996E-04  0.000000E+00  0.000000E+00  0.000000E+00  0.000000E+00  0.000000E+00  0.000000E+00
64   4.21673218E-06 -4.952718E+00  2.668349E+05  3.154944E-06  2.537147E-04  0.000000E+00  0.000000E+00  0.000000E+00  0.000000E+00  0.000000E+00  0.000000E+00
65   4.62351027E-06 -5.430172E+00  2.433622E+05  3.792770E-06  2.781775E-04  0.000000E+00  0.000000E+00  0.000000E+00  0.000000E+00  0.000000E+00  0.000000E+00
66   5.06948188E-06 -5.953526E+00  2.219560E+05  4.559400E-06  3.049930E-04  0.000000E+00  0.000000E+00  0.000000E+00  0.000000E+00  0.000000E+00  0.000000E+00
67   5.55841513E-06 -6.527161E+00  2.024353E+05  5.480798E-06  3.343866E-04  0.000000E+00  0.000000E+00  0.000000E+00  0.000000E+00  0.000000E+00  0.000000E+00
68   6.09444194E-06 -7.155870E+00  1.846339E+05  6.588143E-06  3.666041E-04  0.000000E+00  0.000000E+00  0.000000E+00  0.000000E+00  0.000000E+00  0.000000E+00
69   6.68208796E-06 -7.844888E+00  1.684005E+05  7.918873E-06  4.019151E-04  0.000000E+00  0.000000E+00  0.000000E+00  0.000000E+00  0.000000E+00  0.000000E+00
70   7.32631387E-06 -8.599937E+00  1.535965E+05  9.517932E-06  4.406139E-04  0.000000E+00  0.000000E+00  0.000000E+00  0.000000E+00  0.000000E+00  0.000000E+00
71   8.03255410E-06 -9.427259E+00  1.400960E+05  1.143926E-05  4.830220E-04  0.000000E+00  0.000000E+00  0.000000E+00  0.000000E+00  0.000000E+00  0.000000E+00
72   8.80676514E-06 -1.033367E+01  1.277847E+05  1.374757E-05  5.294904E-04  0.000000E+00  0.000000E+00  0.000000E+00  0.000000E+00  0.000000E+00  0.000000E+00
73   9.65547241E-06 -1.132658E+01  1.165575E+05  1.652050E-05  5.804027E-04  0.000000E+00  0.000000E+00  0.000000E+00  0.000000E+00  0.000000E+00  0.000000E+00
74   1.05858245E-05 -1.241408E+01  1.063190E+05  1.985112E-05  6.361762E-04  0.000000E+00  0.000000E+00  0.000000E+00  0.000000E+00  0.000000E+00  0.000000E+00
75   1.16056565E-05 -1.360495E+01  9.698251E+04  2.385097E-05  6.972659E-04  0.000000E+00  0.000000E+00  0.000000E+00  0.000000E+00  0.000000E+00  0.000000E+00
76   1.27235477E-05 -1.490870E+01  8.846828E+04  2.865366E-05  7.641667E-04  0.000000E+00  0.000000E+00  0.000000E+00  0.000000E+00  0.000000E+00  0.000000E+00
77   1.39489005E-05 -1.633564E+01  8.070432E+04  3.441911E-05  8.374154E-04  0.000000E+00  0.000000E+00  0.000000E+00  0.000000E+00  0.000000E+00  0.000000E+00
78   1.52920125E-05 -1.789690E+01  7.362474E+04  4.133861E-05  9.175950E-04  0.000000E+00  0.000000E+00  0.000000E+00  0.000000E+00  0.000000E+00  0.000000E+00
79   1.67641622E-05 -1.960446E+01  6.716918E+04  4.964073E-05  1.005335E-03  0.000000E+00  0.000000E+00  0.000000E+00  0.000000E+00  0.000000E+00  0.000000E+00
80   1.83777068E-05 -2.147114E+01  6.128328E+04  5.959833E-05  1.101313E-03  0.000000E+00  0.000000E+00  0.000000E+00  0.000000E+00  0.000000E+00  0.000000E+00
81   2.01461771E-05 -2.351063E+01  5.591720E+04  7.153665E-05  1.206260E-03  0.000000E+00  0.000000E+00  0.000000E+00  0.000000E+00  0.000000E+00  0.000000E+00
82   2.20843934E-05 -2.573743E+01  5.102560E+04  8.584280E-05  1.320957E-03  0.000000E+00  0.000000E+00  0.000000E+00  0.000000E+00  0.000000E+00  0.000000E+00
83   2.42085847E-05 -2.816676E+01  4.656739E+04  1.029766E-04  1.446234E-03  0.000000E+00  0.000000E+00  0.000000E+00  0.000000E+00  0.000000E+00  0.000000E+00
84   2.65365232E-05 -3.081444E+01  4.250522E+04  1.234831E-04  1.582973E-03  0.000000E+00  0.000000E+00  0.000000E+00  0.000000E+00  0.000000E+00  0.000000E+00
85   2.90876670E-05 -3.369668E+01  3.880530E+04  1.480064E-04  1.732096E-03  0.000000E+00  0.000000E+00  0.000000E+00  0.000000E+00  0.000000E+00  0.000000E+00
86   3.18833230E-05 -3.682977E+01  3.543717E+04  1.773050E-04  1.894564E-03  0.000000E+00  0.000000E+00  0.000000E+00  0.000000E+00  0.000000E+00  0.000000E+00
87   3.49468144E-05 -4.022959E+01  3.237346E+04  2.122686E-04  2.071361E-03  0.000000E+00  0.000000E+00  0.000000E+00  0.000000E+00  0.000000E+00  0.000000E+00
88   3.83036760E-05 -4.391097E+01  2.958974E+04  2.539356E-04  2.263482E-03  0.000000E+00  0.000000E+00  0.000000E+00  0.000000E+00  0.000000E+00  0.000000E+00
89   4.19818574E-05 -4.788683E+01  2.706459E+04  3.035098E-04  2.471907E-03  0.000000E+00  0.000000E+00  0.000000E+00  0.000000E+00  0.000000E+00  0.000000E+00
90   4.60119519E-05 -5.216689E+01  2.477949E+04  3.623763E-04  2.697577E-03  0.000000E+00  0.000000E+00  0.000000E+00  0.000000E+00  0.000000E+00  0.000000E+00
91   5.04274360E-05 -5.675600E+01  2.271879E+04  4.321125E-04  2.941353E-03  0.000000E+00  0.000000E+00  0.000000E+00  0.000000E+00  0.000000E+00  0.000000E+00
92   5.52649487E-05 -6.165187E+01  2.087004E+04  5.144933E-04  3.203973E-03  0.000000E+00  0.000000E+00  0.000000E+00  0.000000E+00  0.000000E+00  0.000000E+00
93   6.05645780E-05 -6.684200E+01  1.922435E+04  6.114820E-04  3.485995E-03  0.000000E+00  0.000000E+00  0.000000E+00  0.000000E+00  0.000000E+00  0.000000E+00
94   6.63701859E-05 -7.229958E+01  1.777685E+04  7.252044E-04  3.787740E-03  0.000000E+00  0.000000E+00  0.000000E+00  0.000000E+00  0.000000E+00  0.000000E+00
95   7.27297511E-05 -7.797809E+01  1.652732E+04  8.578937E-04  4.109226E-03  0.000000E+00  0.000000E+00  0.000000E+00  0.000000E+00  0.000000E+00  0.000000E+00
96   7.96957573E-05 -8.380408E+01  1.548138E+04  1.011796E-03  4.450112E-03  0.000000E+00  0.000000E+00  0.000000E+00  0.000000E+00  0.000000E+00  0.000000E+00
97   8.73256081E-05 -8.966790E+01  1.465150E+04  1.189019E-03  4.809666E-03  0.000000E+00  0.000000E+00  0.000000E+00  0.000000E+00  0.000000E+00  0.000000E+00
98   9.56820770E-05 -9.541187E+01  1.405729E+04  1.391313E-03  5.186808E-03  0.000000E+00  0.000000E+00  0.000000E+00  0.000000E+00  0.000000E+00  0.000000E+00
99   1.04833802E-04 -1.008169E+02  1.371929E+04  1.619761E-03  5.580307E-03  0.000000E+00  0.000000E+00  0.000000E+00  0.000000E+00  0.000000E+00  0.000000E+00
100  1.14855823E-04 -1.055924E+02  1.360631E+04  1.874381E-03  5.988844E-03  0.000000E+00  0.000000E+00  0.000000E+00  0.000000E+00  0.000000E+00  0.000000E+00
101  1.25830168E-04 -1.093919E+02  1.346000E+04  2.153631E-03  6.409680E-03  0.000000E+00  0.000000E+00  0.000000E+00  0.000000E+00  0.000000E+00  0.000000E+00
102  1.37846491E-04 -1.119206E+02  1.278424E+04  2.453957E-03  6.841042E-03  0.000000E+00  0.000000E+00  0.000000E+00  0.000000E+00  0.000000E+00  0.000000E+00
103  1.51002766E-04 -1.131972E+02  1.142935E+04  2.770668E-03  7.288996E-03  0.000000E+00  0.000000E+00  0.000000E+00  0.000000E+00  0.000000E+00  0.000000E+00
104  1.65406038E-04 -1.136590E+02  9.922926E+03  3.100392E-03  7.756973E-03  0.000000E+00  0.000000E+00  0.000000E+00  0.000000E+00  0.000000E+00  0.000000E+00
105  1.81173246E-04 -1.137779E+02  8.749379E+03  3.441529E-03  8.239500E-03  0.000000E+00  0.000000E+00  0.000000E+00  0.000000E+00  0.000000E+00  0.000000E+00
106  1.98432114E-04 -1.137914E+02  7.876953E+03  3.793801E-03  8.736841E-03  0.000000E+00  0.000000E+00  0.000000E+00  0.000000E+00  0.000000E+00  0.000000E+00
107  2.17322125E-04 -1.137778E+02  7.142048E+03  4.157995E-03  9.253403E-03  0.000000E+00  0.000000E+00  0.000000E+00  0.000000E+00  0.000000E+00  0.000000E+00
108  2.37995561E-04 -1.137570E+02  6.482216E+03  4.535317E-03  9.790384E-03  0.000000E+00  0.000000E+00  0.000000E+00  0.000000E+00  0.000000E+00  0.000000E+00
109  2.60618662E-04 -1.137331E+02  5.881899E+03  4.927090E-03  1.034804E-02  0.000000E+00  0.000000E+00  0.000000E+00  0.000000E+00  0.000000E+00  0.000000E+00
110  2.85372849E-04 -1.137068E+02  5.334669E+03  5.334715E-03  1.092688E-02  0.000000E+00  0.000000E+00  0.000000E+00  0.000000E+00  0.000000E+00  0.000000E+00
111  3.12456082E-04 -1.136780E+02  4.835803E+03  5.759677E-03  1.152754E-02  0.000000E+00  0.000000E+00  0.000000E+00  0.000000E+00  0.000000E+00  0.000000E+00
112  3.42084307E-04 -1.136464E+02  4.381099E+03  6.203565E-03  1.215061E-02  0.000000E+00  0.000000E+00  0.000000E+00  0.000000E+00  0.000000E+00  0.000000E+00
113  3.74493042E-04 -1.136117E+02  3.966720E+03  6.668080E-03  1.279662E-02  0.000000E+00  0.000000E+00  0.000000E+00  0.000000E+00  0.000000E+00  0.000000E+00
114  4.09939081E-04 -1.135737E+02  3.589165E+03  7.155049E-03  1.346604E-02  0.000000E+00  0.000000E+00  0.000000E+00  0.000000E+00  0.000000E+00  0.000000E+00
115  4.48702349E-04 -1.135321E+02  3.245236E+03  7.666438E-03  1.415921E-02  0.000000E+00  0.000000E+00  0.000000E+00  0.000000E+00  0.000000E+00  0.000000E+00
116  4.91087899E-04 -1.134865E+02  2.932020E+03  8.204364E-03  1.487635E-02  0.000000E+00  0.000000E+00  0.000000E+00  0.000000E+00  0.000000E+00  0.000000E+00
117  5.37428074E-04 -1.134367E+02  2.646856E+03  8.771111E-03  1.561753E-02  0.000000E+00  0.000000E+00  0.000000E+00  0.000000E+00  0.000000E+00  0.000000E+00
118  5.88084848E-04 -1.133823E+02  2.387317E+03  9.369148E-03  1.638266E-02  0.000000E+00  0.000000E+00  0.000000E+00  0.000000E+00  0.000000E+00  0.000000E+00
119  6.43452337E-04 -1.133228E+02  2.151190E+03  1.000114E-02  1.717144E-02  0.000000E+00  0.000000E+00  0.000000E+00  0.000000E+00  0.000000E+00  0.000000E+00
120  7.03959529E-04 -1.132578E+02  1.936450E+03  1.066996E-02  1.798333E-02  0.000000E+00  0.000000E+00  0.000000E+00  0.000000E+00  0.000000E+00  0.000000E+00
121  7.70073203E-04 -1.131870E+02  1.741252E+03  1.137871E-02  1.881752E-02  0.000000E+00  0.000000E+00  0.000000E+00  0.000000E+00  0.000000E+00  0.000000E+00
122  8.42301095E-04 -1.131097E+02  1.563906E+03  1.213076E-02  1.967289E-02  0.000000E+00  0.000000E+00  0.000000E+00  0.000000E+00  0.000000E+00  0.000000E+00
123  9.21195286E-04 -1.130255E+02  1.402869E+03  1.292972E-02  2.054798E-02  0.000000E+00  0.000000E+00  0.000000E+00  0.000000E+00  0.000000E+00  0.000000E+00
124  1.00735585E-03 -1.129337E+02  1.256730E+03  1.377946E-02  2.144090E-02  0.000000E+00  0.000000E+00  0.000000E+00  0.000000E+00  0.000000E+00  0.000000E+00
125  1.10143478E-03 -1.128340E+02  1.124197E+03  1.468416E-02  2.234932E-02  0.000000E+00  0.000000E+00  0.000000E+00  0.000000E+00  0.000000E+00  0.000000E+00
126  1.20414020E-03 -1.127255E+02  1.004086E+03  1.564828E-02  2.327040E-02  0.000000E+00  0.000000E+00  0.000000E+00  0.000000E+00  0.000000E+00  0.000000E+00
127  1.31624086E-03 -1.126077E+02  8.953134E+02  1.667656E-02  2.420072E-02  0.000000E+00  0.000000E+00  0.000000E+00  0.000000E+00  0.000000E+00  0.000000E+00
128  1.43857096E-03 -1.124799E+02  7.968848E+02  1.777401E-02  2.513621E-02  0.000000E+00  0.000000E+00  0.000000E+00  0.000000E+00  0.000000E+00  0.000000E+00
129  1.57203535E-03 -1.123413E+02  7.078881E+02  1.894592E-02  2.607213E-02  0.000000E+00  0.000000E+00  0.000000E+00  0.000000E+00  0.000000E+00  0.000000E+00
130  1.71761502E-03 -1.121912E+02  6.274861E+02  2.019780E-02  2.700293E-02  0.000000E+00  0.000000E+00  0.000000E+00  0.000000E+00  0.000000E+00  0.000000E+00
131  1.87637300E-03 -1.120288E+02  5.549101E+02  2.153533E-02  2.792223E-02  0.000000E+00  0.000000E+00  0.000000E+00  0.000000E+00  0.000000E+00  0.000000E+00
132  2.04946065E-03 -1.118533E+02  4.894543E+02  2.296429E-02  2.882272E-02  0.000000E+00  0.000000E+00  0.000000E+00  0.000000E+00  0.000000E+00  0.000000E+00
133  2.23812432E-03 -1.116638E+02  4.304705E+02  2.449049E-02  2.969614E-02  0.000000E+00  0.000000E+00  0.000000E+00  0.000000E+00  0.000000E+00  0.000000E+00
134  2.44371250E-03 -1.114595E+02  3.773634E+02  2.611959E-02  3.053314E-02  0.000000E+00  0.000000E+00  0.000000E+00  0.000000E+00  0.000000E+00  0.000000E+00
135  2.66768335E-03 -1.112395E+02  3.295868E+02  2.785697E-02  3.132331E-02  0.000000E+00  0.000000E+00  0.000000E+00  0.000000E+00  0.000000E+00  0.000000E+00
136  2.91161270E-03 -1.110028E+02  2.866398E+02  2.970747E-02  3.205507E-02  0.000000E+00  0.000000E+00  0.000000E+00  0.000000E+00  0.000000E+00  0.000000E+00
137  3.17720252E-03 -1.107484E+02  2.480633E+02  3.167518E-02  3.271569E-02  0.000000E+00  0.000000E+00  0.000000E+00  0.000000E+00  0.000000E+00  0.000000E+00
138  3.46628990E-03 -1.104753E+02  2.134372E+02  3.376301E-02  3.329128E-02  0.000000E+00  0.000000E+00  0.000000E+00  0.000000E+00  0.000000E+00  0.000000E+00
139  3.78085648E-03 -1.101826E+02  1.823776E+02  3.597238E-02  3.376680E-02  0.000000E+00  0.000000E+00  0.000000E+00  0.000000E+00  0.000000E+00  0.000000E+00
140  4.12303844E-03 -1.098691E+02  1.545342E+02  3.830263E-02  3.412615E-02  0.000000E+00  0.000000E+00  0.000000E+00  0.000000E+00  0.000000E+00  0.000000E+00
141  4.49513692E-03 -1.095338E+02  1.295879E+02  4.075048E-02  3.435227E-02  0.000000E+00  0.000000E+00  0.000000E+00  0.000000E+00  0.000000E+00  0.000000E+00
142  4.89962906E-03 -1.091754E+02  1.072487E+02  4.330935E-02  3.442732E-02  0.000000E+00  0.000000E+00  0.000000E+00  0.000000E+00  0.000000E+00  0.000000E+00
143  5.33917949E-03 -1.087927E+02  8.725353E+01  4.596854E-02  3.433288E-02  0.000000E+00  0.000000E+00  0.000000E+00  0.000000E+00  0.000000E+00  0.000000E+00
144  5.81665237E-03 -1.083845E+02  6.936433E+01  4.871236E-02  3.405029E-02  0.000000E+00  0.000000E+00  0.000000E+00  0.000000E+00  0.000000E+00  0.000000E+00
145  6.33512396E-03 -1.079495E+02  5.336597E+01  5.151911E-02  3.356102E-02  0.000000E+00  0.000000E+00  0.000000E+00  0.000000E+00  0.000000E+00  0.000000E+00
146  6.89789567E-03 -1.074861E+02  3.906469E+01  5.436007E-02  3.284717E-02  0.000000E+00  0.000000E+00  0.000000E+00  0.000000E+00  0.000000E+00  0.000000E+00
147  7.50850767E-03 -1.069930E+02  2.628621E+01  5.719829E-02  3.189202E-02  0.000000E+00  0.000000E+00  0.000000E+00  0.000000E+00  0.000000E+00  0.000000E+00
148  8.17075289E-03 -1.064685E+02  1.487423E+01  5.998751E-02  3.068074E-02  0.000000E+00  0.000000E+00  0.000000E+00  0.000000E+00  0.000000E+00  0.000000E+00
149  8.88869163E-03 -1.059110E+02  4.688729E+00  6.267101E-02  2.920117E-02  0.000000E+00  0.000000E+00  0.000000E+00  0.000000E+00  0.000000E+00  0.000000E+00
150  9.66666647E-03 -1.053189E+02 -4.395410E+00  6.518063E-02  2.744471E-02  0.000000E+00  0.000000E+00  0.000000E+00  0.000000E+00  0.000000E+00  0.000000E+00
151  1.05093177E-02 -1.046905E+02 -1.248973E+01  6.743597E-02  2.540728E-02  0.000000E+00  0.000000E+00  0.000000E+00  0.000000E+00  0.000000E+00  0.000000E+00
152  1.14215990E-02 -1.040242E+02 -1.969364E+01  6.934392E-02  2.309033E-02  0.000000E+00  0.000000E+00  0.000000E+00  0.000000E+00  0.000000E+00  0.000000E+00
153  1.24087937E-02 -1.033181E+02 -2.609560E+01  7.079869E-02  2.050193E-02  0.000000E+00  0.000000E+00  0.000000E+00  0.000000E+00  0.000000E+00  0.000000E+00
154  1.34765309E-02 -1.025707E+02 -3.177424E+01  7.168248E-02  1.765779E-02  0.000000E+00  0.000000E+00  0.000000E+00  0.000000E+00  0.000000E+00  0.000000E+00
155  1.46308026E-02 -1.017804E+02 -3.679949E+01  7.186693E-02  1.458223E-02  0.000000E+00  0.000000E+00  0.000000E+00  0.000000E+00  0.000000E+00  0.000000E+00
156  1.58779799E-02 -1.009455E+02 -4.123355E+01  7.121574E-02  1.130899E-02  0.000000E+00  0.000000E+00  0.000000E+00  0.000000E+00  0.000000E+00  0.000000E+00
157  1.72248302E-02 -1.000645E+02 -4.513171E+01  6.958834E-02  7.881860E-03  0.000000E+00  0.000000E+00  0.000000E+00  0.000000E+00  0.000000E+00  0.000000E+00
158  1.86785343E-02 -9.913609E+01 -4.854319E+01  6.684518E-02  4.354925E-03  0.000000E+00  0.000000E+00  0.000000E+00  0.000000E+00  0.000000E+00  0.000000E+00
159  2.02467030E-02 -9.815894E+01 -5.151178E+01  6.285449E-02  7.924359E-04  0.000000E+00  0.000000E+00  0.000000E+00  0.000000E+00  0.000000E+00  0.000000E+00
160  2.19373944E-02 -9.713212E+01 -5.407651E+01  5.750061E-02 -2.731851E-03  0.000000E+00  0.000000E+00  0.000000E+00  0.000000E+00  0.000000E+00  0.000000E+00
161  2.37591298E-02 -9.605492E+01 -5.627230E+01  5.069408E-02 -6.135944E-03  0.000000E+00  0.000000E+00  0.000000E+00  0.000000E+00  0.000000E+00  0.000000E+00
162  2.57209106E-02 -9.492688E+01 -5.813036E+01  4.238299E-02 -9.331559E-03  0.000000E+00  0.000000E+00  0.000000E+00  0.000000E+00  0.000000E+00  0.000000E+00
163  2.78322341E-02 -9.374774E+01 -5.967869E+01  3.256547E-02 -1.222678E-02  0.000000E+00  0.000000E+00  0.000000E+00  0.000000E+00  0.000000E+00  0.000000E+00
164  3.01031089E-02 -9.251730E+01 -6.094235E+01  2.130260E-02 -1.472946E-02  0.000000E+00  0.000000E+00  0.000000E+00  0.000000E+00  0.000000E+00  0.000000E+00
165  3.25440695E-02 -9.123541E+01 -6.194375E+01  8.730975E-03 -1.675127E-02  0.000000E+00  0.000000E+00  0.000000E+00  0.000000E+00  0.000000E+00  0.000000E+00
166  3.51661910E-02 -8.990181E+01 -6.270287E+01 -4.926170E-03 -1.821232E-02  0.000000E+00  0.000000E+00  0.000000E+00  0.000000E+00  0.000000E+00  0.000000E+00
167  3.79811020E-02 -8.851615E+01 -6.323751E+01 -1.935060E-02 -1.904617E-02  0.000000E+00  0.000000E+00  0.000000E+00  0.000000E+00  0.000000E+00  0.000000E+00
168  4.10009974E-02 -8.707813E+01 -6.356360E+01 -3.412504E-02 -1.920499E-02  0.000000E+00  0.000000E+00  0.000000E+00  0.000000E+00  0.000000E+00  0.000000E+00
169  4.42386497E-02 -8.558753E+01 -6.369548E+01 -4.873492E-02 -1.866441E-02  0.000000E+00  0.000000E+00  0.000000E+00  0.000000E+00  0.000000E+00  0.000000E+00
170  4.77074197E-02 -8.404448E+01 -6.364633E+01 -6.257770E-02 -1.742783E-02  0.000000E+00  0.000000E+00  0.000000E+00  0.000000E+00  0.000000E+00  0.000000E+00
171  5.14212654E-02 -8.244954E+01 -6.342834E+01 -7.498080E-02 -1.552959E-02  0.000000E+00  0.000000E+00  0.000000E+00  0.000000E+00  0.000000E+00  0.000000E+00
172  5.53947501E-02 -8.080373E+01 -6.305302E+01 -8.522915E-02 -1.303668E-02  0.000000E+00  0.000000E+00  0.000000E+00  0.000000E+00  0.000000E+00  0.000000E+00
173  5.96430493E-02 -7.910857E+01 -6.253144E+01 -9.260247E-02 -1.004845E-02  0.000000E+00  0.000000E+00  0.000000E+00  0.000000E+00  0.000000E+00  0.000000E+00
174  6.41819554E-02 -7.736619E+01 -6.187428E+01 -9.642142E-02 -6.694199E-03  0.000000E+00  0.000000E+00  0.000000E+00  0.000000E+00  0.000000E+00  0.000000E+00
175  6.90278820E-02 -7.557975E+01 -6.109241E+01 -9.610075E-02 -3.128306E-03  0.000000E+00  0.000000E+00  0.000000E+00  0.000000E+00  0.000000E+00  0.000000E+00
176  7.41978654E-02 -7.375302E+01 -6.019656E+01 -9.120631E-02  4.768879E-04  0.000000E+00  0.000000E+00  0.000000E+00  0.000000E+00  0.000000E+00  0.000000E+00
177  7.97095656E-02 -7.189106E+01 -5.919800E+01 -8.151176E-02  3.940264E-03  0.000000E+00  0.000000E+00  0.000000E+00  0.000000E+00  0.000000E+00  0.000000E+00
178  8.55812653E-02 -6.999914E+01 -5.810756E+01 -6.704972E-02  7.082595E-03  0.000000E+00  0.000000E+00  0.000000E+00  0.000000E+00  0.000000E+00  0.000000E+00
179  9.18318667E-02 -6.808254E+01 -5.693559E+01 -4.815162E-02  9.737959E-03  0.000000E+00  0.000000E+00  0.000000E+00  0.000000E+00  0.000000E+00  0.000000E+00
180  9.84808874E-02 -6.614581E+01 -5.569121E+01 -2.547073E-02  1.176508E-02  0.000000E+00  0.000000E+00  0.000000E+00  0.000000E+00  0.000000E+00  0.000000E+00
181  1.05548454E-01 -6.419250E+01 -5.438215E+01  1.706542E-05  1.305763E-02  0.000000E+00  0.000000E+00  0.000000E+00  0.000000E+00  0.000000E+00  0.000000E+00
182  1.13055295E-01 -6.222482E+01 -5.301443E+01  2.703872E-02  1.355271E-02  0.000000E+00  0.000000E+00  0.000000E+00  0.000000E+00  0.000000E+00  0.000000E+00
183  1.21022731E-01 -6.024497E+01 -5.159368E+01  5.407783E-02  1.323643E-02  0.000000E+00  0.000000E+00  0.000000E+00  0.000000E+00  0.000000E+00  0.000000E+00
184  1.29472662E-01 -5.825457E+01 -5.012468E+01  7.945647E-02  1.214622E-02  0.000000E+00  0.000000E+00  0.000000E+00  0.000000E+00  0.000000E+00  0.000000E+00
185  1.38427558E-01 -5.625649E+01 -4.861312E+01  1.014418E-01  1.036905E-02  0.000000E+00  0.000000E+00  0.000000E+00  0.000000E+00  0.000000E+00  0.000000E+00
186  1.47910441E-01 -5.425416E+01 -4.706501E+01  1.183705E-01  8.035707E-03  0.000000E+00  0.000000E+00  0.000000E+00  0.000000E+00  0.000000E+00  0.000000E+00
187  1.57944873E-01 -5.225194E+01 -4.548713E+01  1.287814E-01  5.311414E-03  0.000000E+00  0.000000E+00  0.000000E+00  0.000000E+00  0.000000E+00  0.000000E+00
188  1.68554937E-01 -5.025543E+01 -4.388727E+01  1.315456E-01  2.383487E-03  0.000000E+00  0.000000E+00  0.000000E+00  0.000000E+00  0.000000E+00  0.000000E+00
189  1.79765217E-01 -4.827134E+01 -4.227418E+01  1.259793E-01 -5.527856E-04  0.000000E+00  0.000000E+00  0.000000E+00  0.000000E+00  0.000000E+00  0.000000E+00
190  1.91600782E-01 -4.630822E+01 -4.065822E+01  1.119300E-01 -3.308752E-03  0.000000E+00  0.000000E+00  0.000000E+00  0.000000E+00  0.000000E+00  0.000000E+00
191  2.04087162E-01 -4.437525E+01 -3.905024E+01  8.982372E-02 -5.716029E-03  0.000000E+00  0.000000E+00  0.000000E+00  0.000000E+00  0.000000E+00  0.000000E+00
192  2.17250328E-01 -4.248130E+01 -3.746063E+01  6.066861E-02 -7.637846E-03  0.000000E+00  0.000000E+00  0.000000E+00  0.000000E+00  0.000000E+00  0.000000E+00
193  2.31116670E-01 -4.063356E+01 -3.589795E+01  2.601177E-02 -8.977203E-03  0.000000E+00  0.000000E+00  0.000000E+00  0.000000E+00  0.000000E+00  0.000000E+00
194  2.45712970E-01 -3.883639E+01 -3.436787E+01 -1.214725E-02 -9.681396E-03  0.000000E+00  0.000000E+00  0.000000E+00  0.000000E+00  0.000000E+00  0.000000E+00
195  2.61066381E-01 -3.709080E+01 -3.287258E+01 -5.148097E-02 -9.742941E-03  0.000000E+00  0.000000E+00  0.000000E+00  0.000000E+00  0.000000E+00  0.000000E+00
196  2.77204402E-01 -3.539522E+01 -3.141162E+01 -8.948722E-02 -9.197189E-03  0.000000E+00  0.000000E+00  0.000000E+00  0.000000E+00  0.000000E+00  0.000000E+00
197  2.94154851E-01 -3.374603E+01 -2.998241E+01 -1.236602E-01 -8.117075E-03  0.000000E+00  0.000000E+00  0.000000E+00  0.000000E+00  0.000000E+00  0.000000E+00
198  3.11945839E-01 -3.213938E+01 -2.858206E+01 -1.516663E-01 -6.605516E-03  0.000000E+00  0.000000E+00  0.000000E+00  0.000000E+00  0.000000E+00  0.000000E+00
199  3.30605749E-01 -3.057208E+01 -2.720827E+01 -1.715103E-01 -4.786056E-03  0.000000E+00  0.000000E+00  0.000000E+00  0.000000E+00  0.000000E+00  0.000000E+00
200  3.50163201E-01 -2.904191E+01 -2.585964E+01 -1.816786E-01 -2.792567E-03  0.000000E+00  0.000000E+00  0.000000E+00  0.000000E+00  0.000000E+00  0.000000E+00
201  3.70647037E-01 -2.754772E+01 -2.453581E+01 -1.812455E-01 -7.589065E-04  0.000000E+00  0.000000E+00  0.000000E+00  0.000000E+00  0.000000E+00  0.000000E+00
202  3.92086284E-01 -2.608909E+01 -2.323709E+01 -1.699359E-01  1.190560E-03  0.000000E+00  0.000000E+00  0.000000E+00  0.000000E+00  0.000000E+00  0.000000E+00
203  4.14510136E-01 -2.466664E+01 -2.196479E+01 -1.481371E-01  2.948822E-03  0.000000E+00  0.000000E+00  0.000000E+00  0.000000E+00  0.000000E+00  0.000000E+00
204  4.37947926E-01 -2.328187E+01 -2.072107E+01 -1.168619E-01  4.431932E-03  0.000000E+00  0.000000E+00  0.000000E+00  0.000000E+00  0.000000E+00  0.000000E+00
205  4.62429099E-01 -2.193809E+01 -1.950983E+01 -7.766725E-02  5.582253E-03  0.000000E+00  0.000000E+00  0.000000E+00  0.000000E+00  0.000000E+00  0.000000E+00
206  4.87983189E-01 -2.063931E+01 -1.833564E+01 -3.253701E-02  6.369187E-03  0.000000E+00  0.000000E+00  0.000000E+00  0.000000E+00  0.000000E+00  0.000000E+00
207  5.14639796E-01 -1.938985E+01 -1.720333E+01  1.625770E-02  6.787569E-03  0.000000E+00  0.000000E+00  0.000000E+00  0.000000E+00  0.000000E+00  0.000000E+00
208  5.42428559E-01 -1.819359E+01 -1.611726E+01  6.630735E-02  6.854269E-03  0.000000E+00  0.000000E+00  0.000000E+00  0.000000E+00  0.000000E+00  0.000000E+00
209  5.71379134E-01 -1.705338E+01 -1.508073E+01  1.152089E-01  6.603645E-03  0.000000E+00  0.000000E+00  0.000000E+00  0.000000E+00  0.000000E+00  0.000000E+00
210  6.01521174E-01 -1.597077E+01 -1.409571E+01  1.606961E-01  6.082508E-03  0.000000E+00  0.000000E+00  0.000000E+00  0.000000E+00  0.000000E+00  0.000000E+00
211  6.32884304E-01 -1.494599E+01 -1.316283E+01  2.007484E-01  5.345174E-03  0.000000E+00  0.000000E+00  0.000000E+00  0.000000E+00  0.000000E+00  0.000000E+00
212  6.65498101E-01 -1.397835E+01 -1.228174E+01  2.336729E-01  4.448979E-03  0.000000E+00  0.000000E+00  0.000000E+00  0.000000E+00  0.000000E+00  0.000000E+00
213  6.99392074E-01 -1.306612E+01 -1.145106E+01  2.581592E-01  3.450511E-03  0.000000E+00  0.000000E+00  0.000000E+00  0.000000E+00  0.000000E+00  0.000000E+00
214  7.34595647E-01 -1.220709E+01 -1.066889E+01  2.733077E-01  2.402659E-03  0.000000E+00  0.000000E+00  0.000000E+00  0.000000E+00  0.000000E+00  0.000000E+00
215  7.71138136E-01 -1.139885E+01 -9.933134E+00  2.786326E-01  1.352465E-03  0.000000E+00  0.000000E+00  0.000000E+00  0.000000E+00  0.000000E+00  0.000000E+00
216  8.09048735E-01 -1.063870E+01 -9.241342E+00  2.740444E-01  3.397569E-04  0.000000E+00  0.000000E+00  0.000000E+00  0.000000E+00  0.000000E+00  0.000000E+00
217  8.48356497E-01 -9.924027E+00 -8.591182E+00  2.598149E-01 -6.035404E-04  0.000000E+00  0.000000E+00  0.000000E+00  0.000000E+00  0.000000E+00  0.000000E+00
218  8.89090320E-01 -9.252337E+00 -7.980389E+00  2.365297E-01 -1.453533E-03  0.000000E+00  0.000000E+00  0.000000E+00  0.000000E+00  0.000000E+00  0.000000E+00
219  9.31278931E-01 -8.621272E+00 -7.406833E+00  2.050318E-01 -2.194029E-03  0.000000E+00  0.000000E+00  0.000000E+00  0.000000E+00  0.000000E+00  0.000000E+00
220  9.74950871E-01 -8.028653E+00 -6.868549E+00  1.663614E-01 -2.815873E-03  0.000000E+00  0.000000E+00  0.000000E+00  0.000000E+00  0.000000E+00  0.000000E+00
221  1.02013448E+00 -7.472483E+00 -6.363735E+00  1.216946E-01 -3.316050E-03  0.000000E+00  0.000000E+00  0.000000E+00  0.000000E+00  0.000000E+00  0.000000E+00
222  1.06685790E+00 -6.950938E+00 -5.890751E+00  7.228465E-02 -3.696659E-03  0.000000E+00  0.000000E+00  0.000000E+00  0.000000E+00  0.000000E+00  0.000000E+00
223  1.11514904E+00 -6.462342E+00 -5.448094E+00  1.940851E-02 -3.963842E-03  0.000000E+00  0.000000E+00  0.000000E+00  0.000000E+00  0.000000E+00  0.000000E+00
224  1.16503557E+00 -6.005141E+00 -5.034371E+00 -3.568029E-02 -4.126731E-03  0.000000E+00  0.000000E+00  0.000000E+00  0.000000E+00  0.000000E+00  0.000000E+00
225  1.21654493E+00 -5.577872E+00 -4.648269E+00 -9.179044E-02 -4.196476E-03  0.000000E+00  0.000000E+00  0.000000E+00  0.000000E+00  0.000000E+00  0.000000E+00
226  1.26970431E+00 -5.179138E+00 -4.288532E+00 -1.478234E-01 -4.185374E-03  0.000000E+00  0.000000E+00  0.000000E+00  0.000000E+00  0.000000E+00  0.000000E+00
227  1.32454062E+00 -4.807584E+00 -3.953936E+00 -2.027955E-01 -4.106143E-03  0.000000E+00  0.000000E+00  0.000000E+00  0.000000E+00  0.000000E+00  0.000000E+00
228  1.38108053E+00 -4.461881E+00 -3.643274E+00 -2.558520E-01 -3.971335E-03  0.000000E+00  0.000000E+00  0.000000E+00  0.000000E+00  0.000000E+00  0.000000E+00
229  1.43935041E+00 -4.140715E+00 -3.355346E+00 -3.062744E-01 -3.792882E-03  0.000000E+00  0.000000E+00  0.000000E+00  0.000000E+00  0.000000E+00  0.000000E+00
230  1.49937637E+00 -3.842783E+00 -3.088959E+00 -3.534814E-01 -3.581791E-03  0.000000E+00  0.000000E+00  0.000000E+00  0.000000E+00  0.000000E+00  0.000000E+00
231  1.56118423E+00 -3.566793E+00 -2.842917E+00 -3.970250E-01 -3.347934E-03  0.000000E+00  0.000000E+00  0.000000E+00  0.000000E+00  0.000000E+00  0.000000E+00
232  1.62479950E+00 -3.311462E+00 -2.616034E+00 -4.365827E-01 -3.099948E-03  0.000000E+00  0.000000E+00  0.000000E+00  0.000000E+00  0.000000E+00  0.000000E+00
233  1.69024742E+00 -3.075526E+00 -2.407132E+00 -4.719477E-01 -2.845213E-03  0.000000E+00  0.000000E+00  0.000000E+00  0.000000E+00  0.000000E+00  0.000000E+00
234  1.75755291E+00 -2.857739E+00 -2.215047E+00 -5.030166E-01 -2.589878E-03  0.000000E+00  0.000000E+00  0.000000E+00  0.000000E+00  0.000000E+00  0.000000E+00
235  1.82674061E+00 -2.656886E+00 -2.038641E+00 -5.297764E-01 -2.338939E-03  0.000000E+00  0.000000E+00  0.000000E+00  0.000000E+00  0.000000E+00  0.000000E+00
236  1.89783484E+00 -2.471784E+00 -1.876803E+00 -5.522916E-01 -2.096342E-03  0.000000E+00  0.000000E+00  0.000000E+00  0.000000E+00  0.000000E+00  0.000000E+00
237  1.97085962E+00 -2.301291E+00 -1.728457E+00 -5.706915E-01 -1.865097E-03  0.000000E+00  0.000000E+00  0.000000E+00  0.000000E+00  0.000000E+00  0.000000E+00
238  2.04583867E+00 -2.144310E+00 -1.592570E+00 -5.851580E-01 -1.647405E-03  0.000000E+00  0.000000E+00  0.000000E+00  0.000000E+00  0.000000E+00  0.000000E+00
239  2.12279537E+00 -1.999794E+00 -1.468153E+00 -5.959145E-01 -1.444769E-03  0.000000E+00  0.000000E+00  0.000000E+00  0.000000E+00  0.000000E+00  0.000000E+00
240  2.20175283E+00 -1.866752E+00 -1.354272E+00 -6.032161E-01 -1.258123E-03  0.000000E+00  0.000000E+00  0.000000E+00  0.000000E+00  0.000000E+00  0.000000E+00
241  2.28273382E+00 -1.744252E+00 -1.250045E+00 -6.073410E-01 -1.087930E-03  0.000000E+00  0.000000E+00  0.000000E+00  0.000000E+00  0.000000E+00  0.000000E+00
242  2.36576082E+00 -1.631423E+00 -1.154653E+00 -6.085824E-01 -9.342881E-04  0.000000E+00  0.000000E+00  0.000000E+00  0.000000E+00  0.000000E+00  0.000000E+00
243  2.45085600E+00 -1.530740E+00 -1.070614E+00 -6.072415E-01 -7.967346E-04  0.000000E+00  0.000000E+00  0.000000E+00  0.000000E+00  0.000000E+00  0.000000E+00
244  2.53804119E+00 -1.444212E+00 -9.999773E-01 -6.036110E-01 -6.740799E-04  0.000000E+00  0.000000E+00  0.000000E+00  0.000000E+00  0.000000E+00  0.000000E+00
245  2.62733796E+00 -1.370192E+00 -9.411374E-01 -5.979606E-01 -5.648500E-04  0.000000E+00  0.000000E+00  0.000000E+00  0.000000E+00  0.000000E+00  0.000000E+00
246  2.71876755E+00 -1.307166E+00 -8.926194E-01 -5.905359E-01 -4.676533E-04  0.000000E+00  0.000000E+00  0.000000E+00  0.000000E+00  0.000000E+00  0.000000E+00
247  2.81235087E+00 -1.253752E+00 -8.530768E-01 -5.815586E-01 -3.811995E-04  0.000000E+00  0.000000E+00  0.000000E+00  0.000000E+00  0.000000E+00  0.000000E+00
248  2.90810858E+00 -1.208698E+00 -8.212907E-01 -5.712280E-01 -3.043143E-04  0.000000E+00  0.000000E+00  0.000000E+00  0.000000E+00  0.000000E+00  0.000000E+00
249  3.00606100E+00 -1.170877E+00 -7.961645E-01 -5.597223E-01 -2.359457E-04  0.000000E+00  0.000000E+00  0.000000E+00  0.000000E+00  0.000000E+00  0.000000E+00
250  3.10622816E+00 -1.139278E+00 -7.767190E-01 -5.472014E-01 -1.751634E-04  0.000000E+00  0.000000E+00  0.000000E+00  0.000000E+00  0.000000E+00  0.000000E+00
251  3.20862980E+00 -1.113006E+00 -7.620852E-01 -5.338082E-01 -1.211524E-04  0.000000E+00  0.000000E+00  0.000000E+00  0.000000E+00  0.000000E+00  0.000000E+00
252  3.31328536E+00 -1.091269E+00 -7.514975E-01 -5.196708E-01 -7.320383E-05  0.000000E+00  0.000000E+00  0.000000E+00  0.000000E+00  0.000000E+00  0.000000E+00
253  3.42021400E+00 -1.073372E+00 -7.442857E-01 -5.049049E-01 -3.070385E-05  0.000000E+00  0.000000E+00  0.000000E+00  0.000000E+00  0.000000E+00  0.000000E+00
254  3.52943457E+00 -1.058709E+00 -7.398672E-01 -4.896151E-01  6.878365E-06  0.000000E+00  0.000000E+00  0.000000E+00  0.000000E+00  0.000000E+00  0.000000E+00
255  3.64096566E+00 -1.046755E+00 -7.377389E-01 -4.738966E-01  4.000215E-05  0.000000E+00  0.000000E+00  0.000000E+00  0.000000E+00  0.000000E+00  0.000000E+00
256  3.75482556E+00 -1.037059E+00 -7.374696E-01 -4.578367E-01  6.906641E-05  0.000000E+00  0.000000E+00  0.000000E+00  0.000000E+00  0.000000E+00  0.000000E+00
257  3.87103229E+00 -1.029233E+00 -7.386920E-01 -4.415156E-01  9.441974E-05  0.000000E+00  0.000000E+00  0.000000E+00  0.000000E+00  0.000000E+00  0.000000E+00
258  3.98960360E+00 -1.022948E+00 -7.410954E-01 -4.250080E-01  1.163694E-04  0.000000E+00  0.000000E+00  0.000000E+00  0.000000E+00  0.000000E+00  0.000000E+00
259  4.11055695E+00 -1.017928E+00 -7.444192E-01 -4.083832E-01  1.351890E-04  0.000000E+00  0.000000E+00  0.000000E+00  0.000000E+00  0.000000E+00  0.000000E+00
260  4.23390955E+00 -1.013937E+00 -7.484462E-01 -3.917061E-01  1.511250E-04  0.000000E+00  0.000000E+00  0.000000E+00  0.000000E+00  0.000000E+00  0.000000E+00
261  4.35967833E+00 -1.010781E+00 -7.529970E-01 -3.750374E-01  1.644026E-04  0.000000E+00  0.000000E+00  0.000000E+00  0.000000E+00  0.000000E+00  0.000000E+00
262  4.48787997E+00 -1.008299E+00 -7.579243E-01 -3.584342E-01  1.752295E-04  0.000000E+00  0.000000E+00  0.000000E+00  0.000000E+00  0.000000E+00  0.000000E+00
263  4.61853089E+00 -1.006356E+00 -7.631085E-01 -3.419500E-01  1.837997E-04  0.000000E+00  0.000000E+00  0.000000E+00  0.000000E+00  0.000000E+00  0.000000E+00
264  4.75164725E+00 -1.004844E+00 -7.684534E-01 -3.256349E-01  1.902962E-04  0.000000E+00  0.000000E+00  0.000000E+00  0.000000E+00  0.000000E+00  0.000000E+00
265  4.88724496E+00 -1.003673E+00 -7.738823E-01 -3.095357E-01  1.948926E-04  0.000000E+00  0.000000E+00  0.000000E+00  0.000000E+00  0.000000E+00  0.000000E+00
266  5.02533969E+00 -1.002770E+00 -7.793346E-01 -2.936958E-01  1.977553E-04  0.000000E+00  0.000000E+00  0.000000E+00  0.000000E+00  0.000000E+00  0.000000E+00
267  5.16594686E+00 -1.002079E+00 -7.847633E-01 -2.781555E-01  1.990433E-04  0.000000E+00  0.000000E+00  0.000000E+00  0.000000E+00  0.000000E+00  0.000000E+00
268  5.30908165E+00 -1.001552E+00 -7.901327E-01 -2.629515E-01  1.989099E-04  0.000000E+00  0.000000E+00  0.000000E+00  0.000000E+00  0.000000E+00  0.000000E+00
269  5.45475901E+00 -1.001153E+00 -7.954156E-01 -2.481174E-01  1.975021E-04  0.000000E+00  0.000000E+00  0.000000E+00  0.000000E+00  0.000000E+00  0.000000E+00
270  5.60299365E+00 -1.000852E+00 -8.005923E-01 -2.336831E-01  1.949611E-04  0.000000E+00  0.000000E+00  0.000000E+00  0.000000E+00  0.000000E+00  0.000000E+00
271  5.75380006E+00 -1.000626E+00 -8.056489E-01 -2.196753E-01  1.914224E-04  0.000000E+00  0.000000E+00  0.000000E+00  0.000000E+00  0.000000E+00  0.000000E+00
272  5.90719250E+00 -1.000458E+00 -8.105759E-01 -2.061173E-01  1.870150E-04  0.000000E+00  0.000000E+00  0.000000E+00  0.000000E+00  0.000000E+00  0.000000E+00
273  6.06318501E+00 -1.000333E+00 -8.153676E-01 -1.930288E-01  1.818617E-04  0.000000E+00  0.000000E+00  0.000000E+00  0.000000E+00  0.000000E+00  0.000000E+00
274  6.22179140E+00 -1.000241E+00 -8.200210E-01 -1.804264E-01  1.760790E-04  0.000000E+00  0.000000E+00  0.000000E+00  0.000000E+00  0.000000E+00  0.000000E+00
275  6.38302529E+00 -1.000173E+00 -8.245350E-01 -1.683230E-01  1.697762E-04  0.000000E+00  0.000000E+00  0.000000E+00  0.000000E+00  0.000000E+00  0.000000E+00
276  6.54690008E+00 -1.000124E+00 -8.289105E-01 -1.567286E-01  1.630558E-04  0.000000E+00  0.000000E+00  0.000000E+00  0.000000E+00  0.000000E+00  0.000000E+00
277  6.71342894E+00 -1.000088E+00 -8.331491E-01 -1.456500E-01  1.560132E-04  0.000000E+00  0.000000E+00  0.000000E+00  0.000000E+00  0.000000E+00  0.000000E+00
278  6.88262486E+00 -1.000063E+00 -8.372537E-01 -1.350908E-01  1.487364E-04  0.000000E+00  0.000000E+00  0.000000E+00  0.000000E+00  0.000000E+00  0.000000E+00
279  7.05450064E+00 -1.000044E+00 -8.412275E-01 -1.250520E-01  1.413062E-04  0.000000E+00  0.000000E+00  0.000000E+00  0.000000E+00  0.000000E+00  0.000000E+00
280  7.22906885E+00 -1.000031E+00 -8.450742E-01 -1.155317E-01  1.337960E-04  0.000000E+00  0.000000E+00  0.000000E+00  0.000000E+00  0.000000E+00  0.000000E+00
281  7.40634190E+00 -1.000021E+00 -8.487977E-01 -1.065255E-01  1.262721E-04  0.000000E+00  0.000000E+00  0.000000E+00  0.000000E+00  0.000000E+00  0.000000E+00
282  7.58633198E+00 -1.000015E+00 -8.524022E-01 -9.802678E-02  1.187936E-04  0.000000E+00  0.000000E+00  0.000000E+00  0.000000E+00  0.000000E+00  0.000000E+00
283  7.76905112E+00 -1.000010E+00 -8.558917E-01 -9.002663E-02  1.114128E-04  0.000000E+00  0.000000E+00  0.000000E+00  0.000000E+00  0.000000E+00  0.000000E+00
284  7.95451115E+00 -1.000007E+00 -8.592704E-01 -8.251429E-02  1.041752E-04  0.000000E+00  0.000000E+00  0.000000E+00  0.000000E+00  0.000000E+00  0.000000E+00
285  8.14272371E+00 -1.000005E+00 -8.625422E-01 -7.547726E-02  9.712012E-05  0.000000E+00  0.000000E+00  0.000000E+00  0.000000E+00  0.000000E+00  0.000000E+00
286  8.33370030E+00 -1.000003E+00 -8.657112E-01 -6.890152E-02  9.028061E-05  0.000000E+00  0.000000E+00  0.000000E+00  0.000000E+00  0.000000E+00  0.000000E+00
287  8.52745221E+00 -1.000002E+00 -8.687811E-01 -6.277176E-02  8.368408E-05  0.000000E+00  0.000000E+00  0.000000E+00  0.000000E+00  0.000000E+00  0.000000E+00
288  8.72399056E+00 -1.000001E+00 -8.717558E-01 -5.707157E-02  7.735256E-05  0.000000E+00  0.000000E+00  0.000000E+00  0.000000E+00  0.000000E+00  0.000000E+00
289  8.92332634E+00 -1.000001E+00 -8.746386E-01 -5.178363E-02  7.130312E-05  0.000000E+00  0.000000E+00  0.000000E+00  0.000000E+00  0.000000E+00  0.000000E+00
290  9.12547032E+00 -1.000001E+00 -8.774332E-01 -4.688994E-02  6.554826E-05  0.000000E+00  0.000000E+00  0.000000E+00  0.000000E+00  0.000000E+00  0.000000E+00
291  9.33043316E+00 -1.000000E+00 -8.801429E-01 -4.237199E-02  6.009633E-05  0.000000E+00  0.000000E+00  0.000000E+00  0.000000E+00  0.000000E+00  0.000000E+00
292  9.53822532E+00 -1.000000E+00 -8.827707E-01 -3.821092E-02  5.495189E-05  0.000000E+00  0.000000E+00  0.000000E+00  0.000000E+00  0.000000E+00  0.000000E+00
293  9.74885713E+00 -1.000000E+00 -8.853198E-01 -3.438770E-02  5.011619E-05  0.000000E+00  0.000000E+00  0.000000E+00  0.000000E+00  0.000000E+00  0.000000E+00
294  9.96233875E+00 -1.000000E+00 -8.877931E-01 -3.088327E-02  4.558751E-05  0.000000E+00  0.000000E+00  0.000000E+00  0.000000E+00  0.000000E+00  0.000000E+00
295  1.01786802E+01 -1.000000E+00 -8.901933E-01 -2.767872E-02  4.136153E-05  0.000000E+00  0.000000E+00  0.000000E+00  0.000000E+00  0.000000E+00  0.000000E+00
296  1.03978914E+01 -1.000000E+00 -8.925232E-01 -2.475533E-02  3.743175E-05  0.000000E+00  0.000000E+00  0.000000E+00  0.000000E+00  0.000000E+00  0.000000E+00
297  1.06199819E+01 -1.000000E+00 -8.947852E-01 -2.209477E-02  3.378977E-05  0.000000E+00  0.000000E+00  0.000000E+00  0.000000E+00  0.000000E+00  0.000000E+00
298  1.08449615E+01 -1.000000E+00 -8.969819E-01 -1.967914E-02  3.042569E-05  0.000000E+00  0.000000E+00  0.000000E+00  0.000000E+00  0.000000E+00  0.000000E+00
299  1.10728395E+01 -1.000000E+00 -8.991156E-01 -1.749107E-02  2.732833E-05  0.000000E+00  0.000000E+00  0.000000E+00  0.000000E+00  0.000000E+00  0.000000E+00
300  1.13036253E+01 -1.000000E+00 -9.011886E-01 -1.551382E-02  2.448557E-05  0.000000E+00  0.000000E+00  0.000000E+00  0.000000E+00  0.000000E+00  0.000000E+00
301  1.15373280E+01 -1.000000E+00 -9.032030E-01 -1.373127E-02  2.188459E-05  0.000000E+00  0.000000E+00  0.000000E+00  0.000000E+00  0.000000E+00  0.000000E+00
302  1.17739566E+01 -1.000000E+00 -9.051608E-01 -1.212805E-02  1.951208E-05  0.000000E+00  0.000000E+00  0.000000E+00  0.000000E+00  0.000000E+00  0.000000E+00
303  1.20135200E+01 -1.000000E+00 -9.070641E-01 -1.068949E-02  1.735445E-05  0.000000E+00  0.000000E+00  0.000000E+00  0.000000E+00  0.000000E+00  0.000000E+00
304  1.22560271E+01 -1.000000E+00 -9.089147E-01 -9.401726E-03  1.539806E-05  0.000000E+00  0.000000E+00  0.000000E+00  0.000000E+00  0.000000E+00  0.000000E+00
305  1.25014865E+01 -1.000000E+00 -9.107146E-01 -8.251649E-03  1.362928E-05  0.000000E+00  0.000000E+00  0.000000E+00  0.000000E+00  0.000000E+00  0.000000E+00
306  1.27499067E+01 -1.000000E+00 -9.124653E-01 -7.226944E-03  1.203474E-05  0.000000E+00  0.000000E+00  0.000000E+00  0.000000E+00  0.000000E+00  0.000000E+00
307  1.30012960E+01 -1.000000E+00 -9.141686E-01 -6.316084E-03  1.060134E-05  0.000000E+00  0.000000E+00  0.000000E+00  0.000000E+00  0.000000E+00  0.000000E+00
308  1.32556629E+01 -1.000000E+00 -9.158261E-01 -5.508313E-03  9.316417E-06  0.000000E+00  0.000000E+00  0.000000E+00  0.000000E+00  0.000000E+00  0.000000E+00
309  1.35130154E+01 -1.000000E+00 -9.174394E-01 -4.793638E-03  8.167797E-06  0.000000E+00  0.000000E+00  0.000000E+00  0.000000E+00  0.000000E+00  0.000000E+00
310  1.37733616E+01 -1.000000E+00 -9.190098E-01 -4.162808E-03  7.143842E-06  0.000000E+00  0.000000E+00  0.000000E+00  0.000000E+00  0.000000E+00  0.000000E+00
311  1.40367095E+01 -1.000000E+00 -9.205389E-01 -3.607283E-03  6.233508E-06  0.000000E+00  0.000000E+00  0.000000E+00  0.000000E+00  0.000000E+00  0.000000E+00
312  1.43030668E+01 -1.000000E+00 -9.220280E-01 -3.119216E-03  5.426375E-06  0.000000E+00  0.000000E+00  0.000000E+00  0.000000E+00  0.000000E+00  0.000000E+00
313  1.45724414E+01 -1.000000E+00 -9.234784E-01 -2.691415E-03  4.712661E-06  0.000000E+00  0.000000E+00  0.000000E+00  0.000000E+00  0.000000E+00  0.000000E+00
314  1.48448408E+01 -1.000000E+00 -9.248914E-01 -2.317310E-03  4.083232E-06  0.000000E+00  0.000000E+00  0.000000E+00  0.000000E+00  0.000000E+00  0.000000E+00
315  1.51202725E+01 -1.000000E+00 -9.262682E-01 -1.990925E-03  3.529600E-06  0.000000E+00  0.000000E+00  0.000000E+00  0.000000E+00  0.000000E+00  0.000000E+00
316  1.53987439E+01 -1.000000E+00 -9.276100E-01 -1.706833E-03  3.043916E-06  0.000000E+00  0.000000E+00  0.000000E+00  0.000000E+00  0.000000E+00  0.000000E+00
317  1.56802624E+01 -1.000000E+00 -9.289178E-01 -1.460131E-03  2.618951E-06  0.000000E+00  0.000000E+00  0.000000E+00  0.000000E+00  0.000000E+00  0.000000E+00
318  1.59648351E+01 -1.000000E+00 -9.301928E-01 -1.246394E-03  2.248078E-06  0.000000E+00  0.000000E+00  0.000000E+00  0.000000E+00  0.000000E+00  0.000000E+00
319  1.62524691E+01 -1.000000E+00 -9.314359E-01 -1.061648E-03  1.925246E-06  0.000000E+00  0.000000E+00  0.000000E+00  0.000000E+00  0.000000E+00  0.000000E+00
320  1.65431715E+01 -1.000000E+00 -9.326483E-01 -9.023317E-04  1.644953E-06  0.000000E+00  0.000000E+00  0.000000E+00  0.000000E+00  0.000000E+00  0.000000E+00
321  1.68369492E+01 -1.000000E+00 -9.338308E-01 -7.652636E-04  1.402214E-06  0.000000E+00  0.000000E+00  0.000000E+00  0.000000E+00  0.000000E+00  0.000000E+00
322  1.71338090E+01 -1.000000E+00 -9.349844E-01 -6.476104E-04  1.192532E-06  0.000000E+00  0.000000E+00  0.000000E+00  0.000000E+00  0.000000E+00  0.000000E+00
323  1.74337576E+01 -1.000000E+00 -9.361099E-01 -5.468563E-04  1.011864E-06  0.000000E+00  0.000000E+00  0.000000E+00  0.000000E+00  0.000000E+00  0.000000E+00
324  1.77368017E+01 -1.000000E+00 -9.372083E-01 -4.607742E-04  8.565870E-07  0.000000E+00  0.000000E+00  0.000000E+00  0.000000E+00  0.000000E+00  0.000000E+00
325  1.80429478E+01 -1.000000E+00 -9.382803E-01 -3.873981E-04  7.234673E-07  0.000000E+00  0.000000E+00  0.000000E+00  0.000000E+00  0.000000E+00  0.000000E+00
326  1.83522024E+01 -1.000000E+00 -9.393268E-01 -3.249975E-04  6.096288E-07  0.000000E+00  0.000000E+00  0.000000E+00  0.000000E+00  0.000000E+00  0.000000E+00
327  1.86645719E+01 -1.000000E+00 -9.403485E-01 -2.720537E-04  5.125214E-07  0.000000E+00  0.000000E+00  0.000000E+00  0.000000E+00  0.000000E+00  0.000000E+00
328  1.89800625E+01 -1.000000E+00 -9.413462E-01 -2.272376E-04  4.298919E-07  0.000000E+00  0.000000E+00  0.000000E+00  0.000000E+00  0.000000E+00  0.000000E+00
329  1.92986806E+01 -1.000000E+00 -9.423205E-01 -1.893894E-04  3.597558E-07  0.000000E+00  0.000000E+00  0.000000E+00  0.000000E+00  0.000000E+00  0.000000E+00
330  1.96204322E+01 -1.000000E+00 -9.432722E-01 -1.574998E-04  3.003713E-07  0.000000E+00  0.000000E+00  0.000000E+00  0.000000E+00  0.000000E+00  0.000000E+00
331  1.99453233E+01 -1.000000E+00 -9.442019E-01 -1.306929E-04  2.502141E-07  0.000000E+00  0.000000E+00  0.000000E+00  0.000000E+00  0.000000E+00  0.000000E+00
332  2.02733601E+01 -1.000000E+00 -9.451103E-01 -1.082108E-04  2.079544E-07  0.000000E+00  0.000000E+00  0.000000E+00  0.000000E+00  0.000000E+00  0.000000E+00
333  2.06045483E+01 -1.000000E+00 -9.459980E-01 -8.939952E-05  1.724360E-07  0.000000E+00  0.000000E+00  0.000000E+00  0.000000E+00  0.000000E+00  0.000000E+00
334  2.09388938E+01 -1.000000E+00 -9.468656E-01 -7.369606E-05  1.426566E-07  0.000000E+00  0.000000E+00  0.000000E+00  0.000000E+00  0.000000E+00  0.000000E+00
335  2.12764024E+01 -1.000000E+00 -9.477136E-01 -6.061737E-05  1.177498E-07  0.000000E+00  0.000000E+00  0.000000E+00  0.000000E+00  0.000000E+00  0.000000E+00
336  2.16170797E+01 -1.000000E+00 -9.485426E-01 -4.974994E-05  9.696906E-08  0.000000E+00  0.000000E+00  0.000000E+00  0.000000E+00  0.000000E+00  0.000000E+00
337  2.19609313E+01 -1.000000E+00 -9.493532E-01 -4.074082E-05  7.967300E-08  0.000000E+00  0.000000E+00  0.000000E+00  0.000000E+00  0.000000E+00  0.000000E+00
338  2.23079628E+01 -1.000000E+00 -9.501459E-01 -3.328954E-05  6.531221E-08  0.000000E+00  0.000000E+00  0.000000E+00  0.000000E+00  0.000000E+00  0.000000E+00
339  2.26581797E+01 -1.000000E+00 -9.509212E-01 -2.714099E-05  5.341743E-08  0.000000E+00  0.000000E+00  0.000000E+00  0.000000E+00  0.000000E+00  0.000000E+00
340  2.30115873E+01 -1.000000E+00 -9.516795E-01 -2.207916E-05  4.358904E-08  0.000000E+00  0.000000E+00  0.000000E+00  0.000000E+00  0.000000E+00  0.000000E+00
341  2.33681910E+01 -1.000000E+00 -9.524214E-01 -1.792162E-05  3.548766E-08  0.000000E+00  0.000000E+00  0.000000E+00  0.000000E+00  0.000000E+00  0.000000E+00
342  2.37279960E+01 -1.000000E+00 -9.531472E-01 -1.451474E-05  2.882594E-08  0.000000E+00  0.000000E+00  0.000000E+00  0.000000E+00  0.000000E+00  0.000000E+00
343  2.40910076E+01 -1.000000E+00 -9.538575E-01 -1.172944E-05  2.336121E-08  0.000000E+00  0.000000E+00  0.000000E+00  0.000000E+00  0.000000E+00  0.000000E+00
344  2.44572310E+01 -1.000000E+00 -9.545526E-01 -9.457601E-06  1.888920E-08  0.000000E+00  0.000000E+00  0.000000E+00  0.000000E+00  0.000000E+00  0.000000E+00
345  2.48266710E+01 -1.000000E+00 -9.552330E-01 -7.608850E-06  1.523834E-08  0.000000E+00  0.000000E+00  0.000000E+00  0.000000E+00  0.000000E+00  0.000000E+00
346  2.51993329E+01 -1.000000E+00 -9.558990E-01 -6.107883E-06  1.226501E-08  0.000000E+00  0.000000E+00  0.000000E+00  0.000000E+00  0.000000E+00  0.000000E+00
347  2.55752215E+01 -1.000000E+00 -9.565511E-01 -4.892098E-06  9.849275E-09  0.000000E+00  0.000000E+00  0.000000E+00  0.000000E+00  0.000000E+00  0.000000E+00
348  2.59543418E+01 -1.000000E+00 -9.571896E-01 -3.909594E-06  7.891267E-09  0.000000E+00  0.000000E+00  0.000000E+00  0.000000E+00  0.000000E+00  0.000000E+00
349  2.63366985E+01 -1.000000E+00 -9.578149E-01 -3.117448E-06  6.308052E-09  0.000000E+00  0.000000E+00  0.000000E+00  0.000000E+00  0.000000E+00  0.000000E+00
350  2.67222965E+01 -1.000000E+00 -9.584273E-01 -2.480260E-06  5.030947E-09  0.000000E+00  0.000000E+00  0.000000E+00  0.000000E+00  0.000000E+00  0.000000E+00
351  2.71111405E+01 -1.000000E+00 -9.590271E-01 -1.968905E-06  4.003226E-09  0.000000E+00  0.000000E+00  0.000000E+00  0.000000E+00  0.000000E+00  0.000000E+00
352  2.75032351E+01 -1.000000E+00 -9.596148E-01 -1.559484E-06  3.178164E-09  0.000000E+00  0.000000E+00  0.000000E+00  0.000000E+00  0.000000E+00  0.000000E+00
353  2.78985850E+01 -1.000000E+00 -9.601905E-01 -1.232438E-06  2.517376E-09  0.000000E+00  0.000000E+00  0.000000E+00  0.000000E+00  0.000000E+00  0.000000E+00
354  2.82971947E+01 -1.000000E+00 -9.607546E-01 -9.717995E-07  1.989416E-09  0.000000E+00  0.000000E+00  0.000000E+00  0.000000E+00  0.000000E+00  0.000000E+00
355  2.86990687E+01 -1.000000E+00 -9.613075E-01 -7.645653E-07  1.568586E-09  0.000000E+00  0.000000E+00  0.000000E+00  0.000000E+00  0.000000E+00  0.000000E+00
356  2.91042115E+01 -1.000000E+00 -9.618494E-01 -6.001754E-07  1.233947E-09  0.000000E+00  0.000000E+00  0.000000E+00  0.000000E+00  0.000000E+00  0.000000E+00
357  2.95126275E+01 -1.000000E+00 -9.623805E-01 -4.700745E-07  9.684775E-10  0.000000E+00  0.000000E+00  0.000000E+00  0.000000E+00  0.000000E+00  0.000000E+00
358  2.99243210E+01 -1.000000E+00 -9.629012E-01 -3.673495E-07  7.583812E-10  0.000000E+00  0.000000E+00  0.000000E+00  0.000000E+00  0.000000E+00  0.000000E+00
359  3.03392963E+01 -1.000000E+00 -9.634116E-01 -2.864282E-07  5.925027E-10  0.000000E+00  0.000000E+00  0.000000E+00  0.000000E+00  0.000000E+00  0.000000E+00
360  3.07575577E+01 -1.000000E+00 -9.639122E-01 -2.228305E-07  4.618464E-10  0.000000E+00  0.000000E+00  0.000000E+00  0.000000E+00  0.000000E+00  0.000000E+00
361  3.11791094E+01 -1.000000E+00 -9.644030E-01 -1.729640E-07  3.591775E-10  0.000000E+00  0.000000E+00  0.000000E+00  0.000000E+00  0.000000E+00  0.000000E+00
362  3.16039555E+01 -1.000000E+00 -9.648844E-01 -1.339548E-07  2.786922E-10  0.000000E+00  0.000000E+00  0.000000E+00  0.000000E+00  0.000000E+00  0.000000E+00
363  3.20321001E+01 -1.000000E+00 -9.653566E-01 -1.035098E-07  2.157467E-10  0.000000E+00  0.000000E+00  0.000000E+00  0.000000E+00  0.000000E+00  0.000000E+00
364  3.24635474E+01 -1.000000E+00 -9.658198E-01 -7.980394E-08  1.666354E-10  0.000000E+00  0.000000E+00  0.000000E+00  0.000000E+00  0.000000E+00  0.000000E+00
365  3.28983012E+01 -1.000000E+00 -9.662742E-01 -6.138845E-08  1.284085E-10  0.000000E+00  0.000000E+00  0.000000E+00  0.000000E+00  0.000000E+00  0.000000E+00
366  3.33363657E+01 -1.000000E+00 -9.667200E-01 -4.711592E-08  9.872414E-11  0.000000E+00  0.000000E+00  0.000000E+00  0.000000E+00  0.000000E+00  0.000000E+00
367  3.37777447E+01 -1.000000E+00 -9.671575E-01 -3.608001E-08  7.572788E-11  0.000000E+00  0.000000E+00  0.000000E+00  0.000000E+00  0.000000E+00  0.000000E+00
368  3.42224420E+01 -1.000000E+00 -9.675869E-01 -2.756658E-08  5.795498E-11  0.000000E+00  0.000000E+00  0.000000E+00  0.000000E+00  0.000000E+00  0.000000E+00
369  3.46704616E+01 -1.000000E+00 -9.680082E-01 -2.101434E-08  4.425151E-11  0.000000E+00  0.000000E+00  0.000000E+00  0.000000E+00  0.000000E+00  0.000000E+00
370  3.51218073E+01 -1.000000E+00 -9.684218E-01 -1.598323E-08  3.371068E-11  0.000000E+00  0.000000E+00  0.000000E+00  0.000000E+00  0.000000E+00  0.000000E+00
371  3.55764827E+01 -1.000000E+00 -9.688278E-01 -1.212911E-08  2.562174E-11  0.000000E+00  0.000000E+00  0.000000E+00  0.000000E+00  0.000000E+00  0.000000E+00
372  3.60344917E+01 -1.000000E+00 -9.692264E-01 -9.183490E-09  1.942903E-11  0.000000E+00  0.000000E+00  0.000000E+00  0.000000E+00  0.000000E+00  0.000000E+00
373  3.64958379E+01 -1.000000E+00 -9.696178E-01 -6.937466E-09  1.469924E-11  0.000000E+00  0.000000E+00  0.000000E+00  0.000000E+00  0.000000E+00  0.000000E+00
374  3.69605248E+01 -1.000000E+00 -9.700021E-01 -5.228865E-09  1.109531E-11  0.000000E+00  0.000000E+00  0.000000E+00  0.000000E+00  0.000000E+00  0.000000E+00
375  3.74285563E+01 -1.000000E+00 -9.703795E-01 -3.932121E-09  8.355739E-12  0.000000E+00  0.000000E+00  0.000000E+00  0.000000E+00  0.000000E+00  0.000000E+00
376  3.78999357E+01 -1.000000E+00 -9.707501E-01 -2.950248E-09  6.278131E-12  0.000000E+00  0.000000E+00  0.000000E+00  0.000000E+00  0.000000E+00  0.000000E+00
377  3.83746666E+01 -1.000000E+00 -9.711142E-01 -2.208523E-09  4.706259E-12  0.000000E+00  0.000000E+00  0.000000E+00  0.000000E+00  0.000000E+00  0.000000E+00
378  3.88527525E+01 -1.000000E+00 -9.714718E-01 -1.649515E-09  3.519825E-12  0.000000E+00  0.000000E+00  0.000000E+00  0.000000E+00  0.000000E+00  0.000000E+00
379  3.93341968E+01 -1.000000E+00 -9.718231E-01 -1.229196E-09  2.626428E-12  0.000000E+00  0.000000E+00  0.000000E+00  0.000000E+00  0.000000E+00  0.000000E+00
380  3.98190030E+01 -1.000000E+00 -9.721682E-01 -9.138944E-10  1.955280E-12  0.000000E+00  0.000000E+00  0.000000E+00  0.000000E+00  0.000000E+00  0.000000E+00
381  4.03071744E+01 -1.000000E+00 -9.725074E-01 -6.779226E-10  1.452283E-12  0.000000E+00  0.000000E+00  0.000000E+00  0.000000E+00  0.000000E+00  0.000000E+00
382  4.07987144E+01 -1.000000E+00 -9.728406E-01 -5.017333E-10  1.076197E-12  0.000000E+00  0.000000E+00  0.000000E+00  0.000000E+00  0.000000E+00  0.000000E+00
383  4.12936262E+01 -1.000000E+00 -9.731681E-01 -3.704879E-10  7.956657E-13  0.000000E+00  0.000000E+00  0.000000E+00  0.000000E+00  0.000000E+00  0.000000E+00
384  4.17919132E+01 -1.000000E+00 -9.734900E-01 -2.729497E-10  5.869040E-13  0.000000E+00  0.000000E+00  0.000000E+00  0.000000E+00  0.000000E+00  0.000000E+00
385  4.22935785E+01 -1.000000E+00 -9.738064E-01 -2.006311E-10  4.319177E-13  0.000000E+00  0.000000E+00  0.000000E+00  0.000000E+00  0.000000E+00  0.000000E+00
386  4.27986255E+01 -1.000000E+00 -9.741174E-01 -1.471365E-10  3.173574E-13  0.000000E+00  0.000000E+00  0.000000E+00  0.000000E+00  0.000000E+00  0.000000E+00
387  4.33070572E+01 -1.000000E+00 -9.744232E-01 -1.076586E-10  2.317915E-13  0.000000E+00  0.000000E+00  0.000000E+00  0.000000E+00  0.000000E+00  0.000000E+00
