#      n =  2
#  kappa =  1
# energy = -1.02655262E+04
#zenergy =  0.00000000E+00
#     dn =  1.96411848E+00
# qrnorm =  1.00813575E+00
#SelfEne =  2.72113860E+32
#     vc = -2.99070025E+04
#     vr = -8.46268705E+03
#  ilast =  219
#    ifm =    0
#    cfm =  0.00000000E+00
#    xfm =  0.00000000E+00
#    rfn =  9.80830042E-01
#    pdx =  1.99449334E+00
#   bqp0 =  3.33966076E+04
#   bqp1 =  0.00000000E+00
#    idx = 2
# LEPTON = 0
#   MASS =  1.00000000E+00
# CHARGE =  1.00000000E+00
#  EUNIT =  2.72113860E+01
#  RUNIT =  4.13413733E+16
#  LUNIT =  5.29177211E-01
#    AMU =  1.82288849E+03
#    FSC =  7.29735257E-03


0    1.40845070E-08 -1.178053E-02  8.875546E+06  8.974587E-11  2.992263E-06  0.000000E+00  0.000000E+00  0.000000E+00  0.000000E+00  0.000000E+00  0.000000E+00
1    1.54458033E-08 -1.291915E-02  8.093335E+06  1.078777E-10  3.281518E-06  0.000000E+00  0.000000E+00  0.000000E+00  0.000000E+00  0.000000E+00  0.000000E+00
2    1.69386420E-08 -1.416778E-02  7.380075E+06  1.296883E-10  3.598676E-06  0.000000E+00  0.000000E+00  0.000000E+00  0.000000E+00  0.000000E+00  0.000000E+00
3    1.85757639E-08 -1.553710E-02  6.729675E+06  1.559231E-10  3.946493E-06  0.000000E+00  0.000000E+00  0.000000E+00  0.000000E+00  0.000000E+00  0.000000E+00
4    2.03710783E-08 -1.703873E-02  6.136605E+06  1.874777E-10  4.327929E-06  0.000000E+00  0.000000E+00  0.000000E+00  0.000000E+00  0.000000E+00  0.000000E+00
5    2.23399067E-08 -1.868550E-02  5.595802E+06  2.254299E-10  4.746193E-06  0.000000E+00  0.000000E+00  0.000000E+00  0.000000E+00  0.000000E+00  0.000000E+00
6    2.44990189E-08 -2.049142E-02  5.102660E+06  2.710758E-10  5.204911E-06  0.000000E+00  0.000000E+00  0.000000E+00  0.000000E+00  0.000000E+00  0.000000E+00
7    2.68667586E-08 -2.247184E-02  4.652986E+06  3.259736E-10  5.707961E-06  0.000000E+00  0.000000E+00  0.000000E+00  0.000000E+00  0.000000E+00  0.000000E+00
8    2.94633317E-08 -2.464366E-02  4.242940E+06  3.919980E-10  6.259578E-06  0.000000E+00  0.000000E+00  0.000000E+00  0.000000E+00  0.000000E+00  0.000000E+00
9    3.23108539E-08 -2.702537E-02  3.869030E+06  4.714030E-10  6.864538E-06  0.000000E+00  0.000000E+00  0.000000E+00  0.000000E+00  0.000000E+00  0.000000E+00
10   3.54335170E-08 -2.963723E-02  3.528078E+06  5.668991E-10  7.528014E-06  0.000000E+00  0.000000E+00  0.000000E+00  0.000000E+00  0.000000E+00  0.000000E+00
11   3.88579005E-08 -3.250144E-02  3.217179E+06  6.817462E-10  8.255495E-06  0.000000E+00  0.000000E+00  0.000000E+00  0.000000E+00  0.000000E+00  0.000000E+00
12   4.26132991E-08 -3.564252E-02  2.933671E+06  8.198660E-10  9.053319E-06  0.000000E+00  0.000000E+00  0.000000E+00  0.000000E+00  0.000000E+00  0.000000E+00
13   4.67314733E-08 -3.908704E-02  2.675157E+06  9.859710E-10  9.928318E-06  0.000000E+00  0.000000E+00  0.000000E+00  0.000000E+00  0.000000E+00  0.000000E+00
14   5.12476303E-08 -4.286443E-02  2.439424E+06  1.185733E-09  1.088771E-05  0.000000E+00  0.000000E+00  0.000000E+00  0.000000E+00  0.000000E+00  0.000000E+00
15   5.62002313E-08 -4.700687E-02  2.224464E+06  1.425969E-09  1.193996E-05  0.000000E+00  0.000000E+00  0.000000E+00  0.000000E+00  0.000000E+00  0.000000E+00
16   6.16312403E-08 -5.154947E-02  2.028454E+06  1.714878E-09  1.309380E-05  0.000000E+00  0.000000E+00  0.000000E+00  0.000000E+00  0.000000E+00  0.000000E+00
17   6.75872020E-08 -5.653114E-02  1.849713E+06  2.062324E-09  1.435910E-05  0.000000E+00  0.000000E+00  0.000000E+00  0.000000E+00  0.000000E+00  0.000000E+00
18   7.41184821E-08 -6.199401E-02  1.686728E+06  2.480159E-09  1.574679E-05  0.000000E+00  0.000000E+00  0.000000E+00  0.000000E+00  0.000000E+00  0.000000E+00
19   8.12809116E-08 -6.798480E-02  1.538105E+06  2.982647E-09  1.726842E-05  0.000000E+00  0.000000E+00  0.000000E+00  0.000000E+00  0.000000E+00  0.000000E+00
20   8.91353265E-08 -7.455437E-02  1.402580E+06  3.586935E-09  1.893707E-05  0.000000E+00  0.000000E+00  0.000000E+00  0.000000E+00  0.000000E+00  0.000000E+00
21   9.77487367E-08 -8.175877E-02  1.278998E+06  4.313646E-09  2.076704E-05  0.000000E+00  0.000000E+00  0.000000E+00  0.000000E+00  0.000000E+00  0.000000E+00
22   1.07194113E-07 -8.965905E-02  1.166308E+06  5.187570E-09  2.277383E-05  0.000000E+00  0.000000E+00  0.000000E+00  0.000000E+00  0.000000E+00  0.000000E+00
23   1.17552189E-07 -9.832272E-02  1.063548E+06  6.238537E-09  2.497431E-05  0.000000E+00  0.000000E+00  0.000000E+00  0.000000E+00  0.000000E+00  0.000000E+00
24   1.28910932E-07 -1.078234E-01  9.698439E+05  7.502401E-09  2.738755E-05  0.000000E+00  0.000000E+00  0.000000E+00  0.000000E+00  0.000000E+00  0.000000E+00
25   1.41366993E-07 -1.182418E-01  8.843975E+05  9.022283E-09  3.003390E-05  0.000000E+00  0.000000E+00  0.000000E+00  0.000000E+00  0.000000E+00  0.000000E+00
26   1.55026355E-07 -1.296667E-01  8.064811E+05  1.085004E-08  3.293588E-05  0.000000E+00  0.000000E+00  0.000000E+00  0.000000E+00  0.000000E+00  0.000000E+00
27   1.70005236E-07 -1.421953E-01  7.354308E+05  1.304802E-08  3.611819E-05  0.000000E+00  0.000000E+00  0.000000E+00  0.000000E+00  0.000000E+00  0.000000E+00
28   1.86431075E-07 -1.559342E-01  6.706415E+05  1.569121E-08  3.960785E-05  0.000000E+00  0.000000E+00  0.000000E+00  0.000000E+00  0.000000E+00  0.000000E+00
29   2.04443616E-07 -1.710001E-01  6.115614E+05  1.886977E-08  4.343487E-05  0.000000E+00  0.000000E+00  0.000000E+00  0.000000E+00  0.000000E+00  0.000000E+00
30   2.24195708E-07 -1.875211E-01  5.576882E+05  2.269210E-08  4.763125E-05  0.000000E+00  0.000000E+00  0.000000E+00  0.000000E+00  0.000000E+00  0.000000E+00
31   2.45856126E-07 -2.056382E-01  5.085611E+05  2.728861E-08  5.223287E-05  0.000000E+00  0.000000E+00  0.000000E+00  0.000000E+00  0.000000E+00  0.000000E+00
32   2.69608304E-07 -2.255048E-01  4.637636E+05  3.281603E-08  5.727928E-05  0.000000E+00  0.000000E+00  0.000000E+00  0.000000E+00  0.000000E+00  0.000000E+00
33   2.95654667E-07 -2.472904E-01  4.229133E+05  3.946288E-08  6.281305E-05  0.000000E+00  0.000000E+00  0.000000E+00  0.000000E+00  0.000000E+00  0.000000E+00
34   3.24216193E-07 -2.711796E-01  3.856629E+05  4.745579E-08  6.888078E-05  0.000000E+00  0.000000E+00  0.000000E+00  0.000000E+00  0.000000E+00  0.000000E+00
35   3.55536886E-07 -2.973766E-01  3.516939E+05  5.706739E-08  7.553479E-05  0.000000E+00  0.000000E+00  0.000000E+00  0.000000E+00  0.000000E+00  0.000000E+00
36   3.89881261E-07 -3.261026E-01  3.207189E+05  6.862523E-08  8.283201E-05  0.000000E+00  0.000000E+00  0.000000E+00  0.000000E+00  0.000000E+00  0.000000E+00
37   4.27542511E-07 -3.576028E-01  2.924728E+05  8.252347E-08  9.083248E-05  0.000000E+00  0.000000E+00  0.000000E+00  0.000000E+00  0.000000E+00  0.000000E+00
38   4.68840899E-07 -3.921450E-01  2.667152E+05  9.923591E-08  9.960667E-05  0.000000E+00  0.000000E+00  0.000000E+00  0.000000E+00  0.000000E+00  0.000000E+00
39   5.14125814E-07 -4.300215E-01  2.432277E+05  1.193320E-07  1.092280E-04  0.000000E+00  0.000000E+00  0.000000E+00  0.000000E+00  0.000000E+00  0.000000E+00
40   5.63783777E-07 -4.715555E-01  2.218092E+05  1.434970E-07  1.197774E-04  0.000000E+00  0.000000E+00  0.000000E+00  0.000000E+00  0.000000E+00  0.000000E+00
41   6.18235912E-07 -5.170992E-01  2.022780E+05  1.725542E-07  1.313459E-04  0.000000E+00  0.000000E+00  0.000000E+00  0.000000E+00  0.000000E+00  0.000000E+00
42   6.77944859E-07 -5.670395E-01  1.844676E+05  2.074938E-07  1.440310E-04  0.000000E+00  0.000000E+00  0.000000E+00  0.000000E+00  0.000000E+00  0.000000E+00
43   7.43417883E-07 -6.218005E-01  1.682263E+05  2.495063E-07  1.579415E-04  0.000000E+00  0.000000E+00  0.000000E+00  0.000000E+00  0.000000E+00  0.000000E+00
44   8.15209759E-07 -6.818461E-01  1.534163E+05  3.000227E-07  1.731936E-04  0.000000E+00  0.000000E+00  0.000000E+00  0.000000E+00  0.000000E+00  0.000000E+00
45   8.93933023E-07 -7.476885E-01  1.399107E+05  3.607644E-07  1.899171E-04  0.000000E+00  0.000000E+00  0.000000E+00  0.000000E+00  0.000000E+00  0.000000E+00
46   9.80253329E-07 -8.198841E-01  1.275952E+05  4.337996E-07  2.082573E-04  0.000000E+00  0.000000E+00  0.000000E+00  0.000000E+00  0.000000E+00  0.000000E+00
47   1.07490332E-06 -8.990456E-01  1.163648E+05  5.216153E-07  2.283659E-04  0.000000E+00  0.000000E+00  0.000000E+00  0.000000E+00  0.000000E+00  0.000000E+00
48   1.17868778E-06 -9.858455E-01  1.061239E+05  6.272021E-07  2.504139E-04  0.000000E+00  0.000000E+00  0.000000E+00  0.000000E+00  0.000000E+00  0.000000E+00
49   1.29248727E-06 -1.081020E+00  9.678516E+04  7.541543E-07  2.745899E-04  0.000000E+00  0.000000E+00  0.000000E+00  0.000000E+00  0.000000E+00  0.000000E+00
50   1.41726642E-06 -1.185375E+00  8.826928E+04  9.067930E-07  3.010998E-04  0.000000E+00  0.000000E+00  0.000000E+00  0.000000E+00  0.000000E+00  0.000000E+00
51   1.55408252E-06 -1.299794E+00  8.050382E+04  1.090312E-06  3.301656E-04  0.000000E+00  0.000000E+00  0.000000E+00  0.000000E+00  0.000000E+00  0.000000E+00
52   1.70409879E-06 -1.425248E+00  7.342252E+04  1.310957E-06  3.620342E-04  0.000000E+00  0.000000E+00  0.000000E+00  0.000000E+00  0.000000E+00  0.000000E+00
53   1.86858481E-06 -1.562798E+00  6.696524E+04  1.576233E-06  3.969781E-04  0.000000E+00  0.000000E+00  0.000000E+00  0.000000E+00  0.000000E+00  0.000000E+00
54   2.04893518E-06 -1.713608E+00  6.107702E+04  1.895161E-06  4.352924E-04  0.000000E+00  0.000000E+00  0.000000E+00  0.000000E+00  0.000000E+00  0.000000E+00
55   2.24667680E-06 -1.878953E+00  5.570778E+04  2.278585E-06  4.772992E-04  0.000000E+00  0.000000E+00  0.000000E+00  0.000000E+00  0.000000E+00  0.000000E+00
56   2.46348896E-06 -2.060232E+00  5.081174E+04  2.739539E-06  5.233551E-04  0.000000E+00  0.000000E+00  0.000000E+00  0.000000E+00  0.000000E+00  0.000000E+00
57   2.70120429E-06 -2.258975E+00  4.634735E+04  3.293687E-06  5.738533E-04  0.000000E+00  0.000000E+00  0.000000E+00  0.000000E+00  0.000000E+00  0.000000E+00
58   2.96183615E-06 -2.476857E+00  4.227659E+04  3.959853E-06  6.292168E-04  0.000000E+00  0.000000E+00  0.000000E+00  0.000000E+00  0.000000E+00  0.000000E+00
59   3.24759167E-06 -2.715716E+00  3.856484E+04  4.760660E-06  6.899144E-04  0.000000E+00  0.000000E+00  0.000000E+00  0.000000E+00  0.000000E+00  0.000000E+00
60   3.56088877E-06 -2.977564E+00  3.518053E+04  5.723290E-06  7.564611E-04  0.000000E+00  0.000000E+00  0.000000E+00  0.000000E+00  0.000000E+00  0.000000E+00
61   3.90437587E-06 -3.264600E+00  3.209488E+04  6.880405E-06  8.294166E-04  0.000000E+00  0.000000E+00  0.000000E+00  0.000000E+00  0.000000E+00  0.000000E+00
62   4.28096072E-06 -3.579235E+00  2.928164E+04  8.271249E-06  9.093962E-04  0.000000E+00  0.000000E+00  0.000000E+00  0.000000E+00  0.000000E+00  0.000000E+00
63   4.69382455E-06 -3.924105E+00  2.671690E+04  9.942962E-06  9.970769E-04  0.000000E+00  0.000000E+00  0.000000E+00  0.000000E+00  0.000000E+00  0.000000E+00
64   5.14645651E-06 -4.302092E+00  2.437886E+04  1.195217E-05  1.093195E-03  0.000000E+00  0.000000E+00  0.000000E+00  0.000000E+00  0.000000E+00  0.000000E+00
65   5.64267994E-06 -4.716348E+00  2.224764E+04  1.436689E-05  1.198559E-03  0.000000E+00  0.000000E+00  0.000000E+00  0.000000E+00  0.000000E+00  0.000000E+00
66   6.18668621E-06 -5.170318E+00  2.030512E+04  1.726880E-05  1.314056E-03  0.000000E+00  0.000000E+00  0.000000E+00  0.000000E+00  0.000000E+00  0.000000E+00
67   6.78306446E-06 -5.667761E+00  1.853481E+04  2.075594E-05  1.440656E-03  0.000000E+00  0.000000E+00  0.000000E+00  0.000000E+00  0.000000E+00  0.000000E+00
68   7.43684772E-06 -6.212780E+00  1.692167E+04  2.494605E-05  1.579417E-03  0.000000E+00  0.000000E+00  0.000000E+00  0.000000E+00  0.000000E+00  0.000000E+00
69   8.15354812E-06 -6.809847E+00  1.545200E+04  2.998040E-05  1.731503E-03  0.000000E+00  0.000000E+00  0.000000E+00  0.000000E+00  0.000000E+00  0.000000E+00
70   8.93920529E-06 -7.463830E+00  1.411334E+04  3.602847E-05  1.898183E-03  0.000000E+00  0.000000E+00  0.000000E+00  0.000000E+00  0.000000E+00  0.000000E+00
71   9.80043817E-06 -8.180023E+00  1.289434E+04  4.329359E-05  2.080842E-03  0.000000E+00  0.000000E+00  0.000000E+00  0.000000E+00  0.000000E+00  0.000000E+00
72   1.07444991E-05 -8.964176E+00  1.178467E+04  5.201950E-05  2.281001E-03  0.000000E+00  0.000000E+00  0.000000E+00  0.000000E+00  0.000000E+00  0.000000E+00
73   1.17793295E-05 -9.822511E+00  1.077495E+04  6.249830E-05  2.500314E-03  0.000000E+00  0.000000E+00  0.000000E+00  0.000000E+00  0.000000E+00  0.000000E+00
74   1.29136348E-05 -1.076176E+01  9.856670E+03  7.507989E-05  2.740589E-03  0.000000E+00  0.000000E+00  0.000000E+00  0.000000E+00  0.000000E+00  0.000000E+00
75   1.41569462E-05 -1.178916E+01  9.022100E+03  9.018306E-05  3.003798E-03  0.000000E+00  0.000000E+00  0.000000E+00  0.000000E+00  0.000000E+00  0.000000E+00
76   1.55197075E-05 -1.291250E+01  8.264256E+03  1.083087E-04  3.292091E-03  0.000000E+00  0.000000E+00  0.000000E+00  0.000000E+00  0.000000E+00  0.000000E+00
77   1.70133553E-05 -1.414009E+01  7.576839E+03  1.300555E-04  3.607801E-03  0.000000E+00  0.000000E+00  0.000000E+00  0.000000E+00  0.000000E+00  0.000000E+00
78   1.86504207E-05 -1.548074E+01  6.954218E+03  1.561378E-04  3.953470E-03  0.000000E+00  0.000000E+00  0.000000E+00  0.000000E+00  0.000000E+00  0.000000E+00
79   2.04446227E-05 -1.694375E+01  6.391260E+03  1.874074E-04  4.331856E-03  0.000000E+00  0.000000E+00  0.000000E+00  0.000000E+00  0.000000E+00  0.000000E+00
80   2.24109875E-05 -1.853882E+01  5.883520E+03  2.248780E-04  4.745940E-03  0.000000E+00  0.000000E+00  0.000000E+00  0.000000E+00  0.000000E+00  0.000000E+00
81   2.45659712E-05 -2.027593E+01  5.427284E+03  2.697539E-04  5.198945E-03  0.000000E+00  0.000000E+00  0.000000E+00  0.000000E+00  0.000000E+00  0.000000E+00
82   2.69275913E-05 -2.216516E+01  5.018870E+03  3.234622E-04  5.694344E-03  0.000000E+00  0.000000E+00  0.000000E+00  0.000000E+00  0.000000E+00  0.000000E+00
83   2.95155769E-05 -2.421648E+01  4.655748E+03  3.876894E-04  6.235866E-03  0.000000E+00  0.000000E+00  0.000000E+00  0.000000E+00  0.000000E+00  0.000000E+00
84   3.23515278E-05 -2.643933E+01  4.335897E+03  4.644217E-04  6.827497E-03  0.000000E+00  0.000000E+00  0.000000E+00  0.000000E+00  0.000000E+00  0.000000E+00
85   3.54590885E-05 -2.884216E+01  4.057607E+03  5.559885E-04  7.473479E-03  0.000000E+00  0.000000E+00  0.000000E+00  0.000000E+00  0.000000E+00  0.000000E+00
86   3.88641460E-05 -3.143171E+01  3.820346E+03  6.651067E-04  8.178305E-03  0.000000E+00  0.000000E+00  0.000000E+00  0.000000E+00  0.000000E+00  0.000000E+00
87   4.25950311E-05 -3.421206E+01  3.624447E+03  7.949250E-04  8.946699E-03  0.000000E+00  0.000000E+00  0.000000E+00  0.000000E+00  0.000000E+00  0.000000E+00
88   4.66827539E-05 -3.718335E+01  3.471129E+03  9.490624E-04  9.783583E-03  0.000000E+00  0.000000E+00  0.000000E+00  0.000000E+00  0.000000E+00  0.000000E+00
89   5.11612515E-05 -4.034008E+01  3.363171E+03  1.131634E-03  1.069406E-02  0.000000E+00  0.000000E+00  0.000000E+00  0.000000E+00  0.000000E+00  0.000000E+00
90   5.60676589E-05 -4.366875E+01  3.305270E+03  1.347256E-03  1.168335E-02  0.000000E+00  0.000000E+00  0.000000E+00  0.000000E+00  0.000000E+00  0.000000E+00
91   6.14426048E-05 -4.714482E+01  3.304220E+03  1.601012E-03  1.275675E-02  0.000000E+00  0.000000E+00  0.000000E+00  0.000000E+00  0.000000E+00  0.000000E+00
92   6.73305476E-05 -5.072868E+01  3.369675E+03  1.898360E-03  1.391957E-02  0.000000E+00  0.000000E+00  0.000000E+00  0.000000E+00  0.000000E+00  0.000000E+00
93   7.37801101E-05 -5.436047E+01  3.514640E+03  2.244954E-03  1.517715E-02  0.000000E+00  0.000000E+00  0.000000E+00  0.000000E+00  0.000000E+00  0.000000E+00
94   8.08444839E-05 -5.795353E+01  3.754473E+03  2.646333E-03  1.653486E-02  0.000000E+00  0.000000E+00  0.000000E+00  0.000000E+00  0.000000E+00  0.000000E+00
95   8.85818410E-05 -6.138718E+01  4.100158E+03  3.107440E-03  1.799839E-02  0.000000E+00  0.000000E+00  0.000000E+00  0.000000E+00  0.000000E+00  0.000000E+00
96   9.70557919E-05 -6.450115E+01  4.524009E+03  3.631916E-03  1.957376E-02  0.000000E+00  0.000000E+00  0.000000E+00  0.000000E+00  0.000000E+00  0.000000E+00
97   1.06335888E-04 -6.710130E+01  4.857000E+03  4.221175E-03  2.126519E-02  0.000000E+00  0.000000E+00  0.000000E+00  0.000000E+00  0.000000E+00  0.000000E+00
98   1.16498167E-04 -6.900239E+01  4.750119E+03  4.873381E-03  2.307578E-02  0.000000E+00  0.000000E+00  0.000000E+00  0.000000E+00  0.000000E+00  0.000000E+00
99   1.27625740E-04 -7.013925E+01  4.025015E+03  5.583726E-03  2.502193E-02  0.000000E+00  0.000000E+00  0.000000E+00  0.000000E+00  0.000000E+00  0.000000E+00
100  1.39809443E-04 -7.066706E+01  3.032300E+03  6.347751E-03  2.712604E-02  0.000000E+00  0.000000E+00  0.000000E+00  0.000000E+00  0.000000E+00  0.000000E+00
101  1.53148538E-04 -7.085775E+01  2.271314E+03  7.164174E-03  2.939077E-02  0.000000E+00  0.000000E+00  0.000000E+00  0.000000E+00  0.000000E+00  0.000000E+00
102  1.67751469E-04 -7.091153E+01  1.846331E+03  8.034938E-03  3.181830E-02  0.000000E+00  0.000000E+00  0.000000E+00  0.000000E+00  0.000000E+00  0.000000E+00
103  1.83736702E-04 -7.092048E+01  1.599612E+03  8.964886E-03  3.442799E-02  0.000000E+00  0.000000E+00  0.000000E+00  0.000000E+00  0.000000E+00  0.000000E+00
104  2.01233621E-04 -7.091667E+01  1.417322E+03  9.960851E-03  3.723909E-02  0.000000E+00  0.000000E+00  0.000000E+00  0.000000E+00  0.000000E+00  0.000000E+00
105  2.20383511E-04 -7.090932E+01  1.261348E+03  1.103082E-02  4.026662E-02  0.000000E+00  0.000000E+00  0.000000E+00  0.000000E+00  0.000000E+00  0.000000E+00
106  2.41340621E-04 -7.090062E+01  1.121533E+03  1.218365E-02  4.352603E-02  0.000000E+00  0.000000E+00  0.000000E+00  0.000000E+00  0.000000E+00  0.000000E+00
107  2.64273321E-04 -7.089098E+01  9.949151E+02  1.342915E-02  4.703421E-02  0.000000E+00  0.000000E+00  0.000000E+00  0.000000E+00  0.000000E+00  0.000000E+00
108  2.89365355E-04 -7.088039E+01  8.801391E+02  1.477815E-02  5.080939E-02  0.000000E+00  0.000000E+00  0.000000E+00  0.000000E+00  0.000000E+00  0.000000E+00
109  3.16817200E-04 -7.086877E+01  7.761826E+02  1.624270E-02  5.487098E-02  0.000000E+00  0.000000E+00  0.000000E+00  0.000000E+00  0.000000E+00  0.000000E+00
110  3.46847541E-04 -7.085603E+01  6.821310E+02  1.783621E-02  5.923961E-02  0.000000E+00  0.000000E+00  0.000000E+00  0.000000E+00  0.000000E+00  0.000000E+00
111  3.79694864E-04 -7.084207E+01  5.971467E+02  1.957365E-02  6.393705E-02  0.000000E+00  0.000000E+00  0.000000E+00  0.000000E+00  0.000000E+00  0.000000E+00
112  4.15619192E-04 -7.082677E+01  5.204620E+02  2.147179E-02  6.898629E-02  0.000000E+00  0.000000E+00  0.000000E+00  0.000000E+00  0.000000E+00  0.000000E+00
113  4.54903944E-04 -7.080999E+01  4.513737E+02  2.354945E-02  7.441153E-02  0.000000E+00  0.000000E+00  0.000000E+00  0.000000E+00  0.000000E+00  0.000000E+00
114  4.97857967E-04 -7.079161E+01  3.892361E+02  2.582777E-02  8.023819E-02  0.000000E+00  0.000000E+00  0.000000E+00  0.000000E+00  0.000000E+00  0.000000E+00
115  5.44817717E-04 -7.077148E+01  3.334560E+02  2.833057E-02  8.649286E-02  0.000000E+00  0.000000E+00  0.000000E+00  0.000000E+00  0.000000E+00  0.000000E+00
116  5.96149619E-04 -7.074942E+01  2.834875E+02  3.108472E-02  9.320332E-02  0.000000E+00  0.000000E+00  0.000000E+00  0.000000E+00  0.000000E+00  0.000000E+00
117  6.52252617E-04 -7.072526E+01  2.388273E+02  3.412055E-02  1.003984E-01  0.000000E+00  0.000000E+00  0.000000E+00  0.000000E+00  0.000000E+00  0.000000E+00
118  7.13560914E-04 -7.069881E+01  1.990107E+02  3.747236E-02  1.081081E-01  0.000000E+00  0.000000E+00  0.000000E+00  0.000000E+00  0.000000E+00  0.000000E+00
119  7.80546942E-04 -7.066985E+01  1.636079E+02  4.117901E-02  1.163631E-01  0.000000E+00  0.000000E+00  0.000000E+00  0.000000E+00  0.000000E+00  0.000000E+00
120  8.53724541E-04 -7.063816E+01  1.322209E+02  4.528448E-02  1.251949E-01  0.000000E+00  0.000000E+00  0.000000E+00  0.000000E+00  0.000000E+00  0.000000E+00
121  9.33652389E-04 -7.060348E+01  1.044807E+02  4.983862E-02  1.346358E-01  0.000000E+00  0.000000E+00  0.000000E+00  0.000000E+00  0.000000E+00  0.000000E+00
122  1.02093769E-03 -7.056555E+01  8.004505E+01  5.489800E-02  1.447180E-01  0.000000E+00  0.000000E+00  0.000000E+00  0.000000E+00  0.000000E+00  0.000000E+00
123  1.11624013E-03 -7.052407E+01  5.859603E+01  6.052672E-02  1.554741E-01  0.000000E+00  0.000000E+00  0.000000E+00  0.000000E+00  0.000000E+00  0.000000E+00
124  1.22027613E-03 -7.047871E+01  3.983878E+01  6.679751E-02  1.669361E-01  0.000000E+00  0.000000E+00  0.000000E+00  0.000000E+00  0.000000E+00  0.000000E+00
125  1.33382338E-03 -7.042915E+01  2.349988E+01  7.379282E-02  1.791352E-01  0.000000E+00  0.000000E+00  0.000000E+00  0.000000E+00  0.000000E+00  0.000000E+00
126  1.45772573E-03 -7.037500E+01  9.326127E+00  8.160606E-02  1.921013E-01  0.000000E+00  0.000000E+00  0.000000E+00  0.000000E+00  0.000000E+00  0.000000E+00
127  1.59289840E-03 -7.031586E+01 -2.916405E+00  9.034301E-02  2.058625E-01  0.000000E+00  0.000000E+00  0.000000E+00  0.000000E+00  0.000000E+00  0.000000E+00
128  1.74033353E-03 -7.025132E+01 -1.344328E+01  1.001233E-01  2.204441E-01  0.000000E+00  0.000000E+00  0.000000E+00  0.000000E+00  0.000000E+00  0.000000E+00
129  1.90110615E-03 -7.018089E+01 -2.245243E+01  1.110821E-01  2.358677E-01  0.000000E+00  0.000000E+00  0.000000E+00  0.000000E+00  0.000000E+00  0.000000E+00
130  2.07638050E-03 -7.010410E+01 -3.012491E+01  1.233718E-01  2.521506E-01  0.000000E+00  0.000000E+00  0.000000E+00  0.000000E+00  0.000000E+00  0.000000E+00
131  2.26741677E-03 -7.002042E+01 -3.662553E+01  1.371639E-01  2.693044E-01  0.000000E+00  0.000000E+00  0.000000E+00  0.000000E+00  0.000000E+00  0.000000E+00
132  2.47557828E-03 -6.992927E+01 -4.210360E+01  1.526510E-01  2.873340E-01  0.000000E+00  0.000000E+00  0.000000E+00  0.000000E+00  0.000000E+00  0.000000E+00
133  2.70233906E-03 -6.983007E+01 -4.669358E+01  1.700489E-01  3.062359E-01  0.000000E+00  0.000000E+00  0.000000E+00  0.000000E+00  0.000000E+00  0.000000E+00
134  2.94929195E-03 -6.972219E+01 -5.051592E+01  1.895984E-01  3.259969E-01  0.000000E+00  0.000000E+00  0.000000E+00  0.000000E+00  0.000000E+00  0.000000E+00
135  3.21815711E-03 -6.960495E+01 -5.367778E+01  2.115675E-01  3.465922E-01  0.000000E+00  0.000000E+00  0.000000E+00  0.000000E+00  0.000000E+00  0.000000E+00
136  3.51079106E-03 -6.947767E+01 -5.627394E+01  2.362528E-01  3.679838E-01  0.000000E+00  0.000000E+00  0.000000E+00  0.000000E+00  0.000000E+00  0.000000E+00
137  3.82919619E-03 -6.933960E+01 -5.838764E+01  2.639818E-01  3.901183E-01  0.000000E+00  0.000000E+00  0.000000E+00  0.000000E+00  0.000000E+00  0.000000E+00
138  4.17553074E-03 -6.918999E+01 -6.009153E+01  2.951133E-01  4.129251E-01  0.000000E+00  0.000000E+00  0.000000E+00  0.000000E+00  0.000000E+00  0.000000E+00
139  4.55211944E-03 -6.902805E+01 -6.144855E+01  3.300386E-01  4.363141E-01  0.000000E+00  0.000000E+00  0.000000E+00  0.000000E+00  0.000000E+00  0.000000E+00
140  4.96146447E-03 -6.885296E+01 -6.251288E+01  3.691811E-01  4.601735E-01  0.000000E+00  0.000000E+00  0.000000E+00  0.000000E+00  0.000000E+00  0.000000E+00
141  5.40625706E-03 -6.866388E+01 -6.333086E+01  4.129951E-01  4.843678E-01  0.000000E+00  0.000000E+00  0.000000E+00  0.000000E+00  0.000000E+00  0.000000E+00
142  5.88938963E-03 -6.845996E+01 -6.394180E+01  4.619635E-01  5.087358E-01  0.000000E+00  0.000000E+00  0.000000E+00  0.000000E+00  0.000000E+00  0.000000E+00
143  6.41396839E-03 -6.824032E+01 -6.437887E+01  5.165938E-01  5.330886E-01  0.000000E+00  0.000000E+00  0.000000E+00  0.000000E+00  0.000000E+00  0.000000E+00
144  6.98332646E-03 -6.800407E+01 -6.466984E+01  5.774120E-01  5.572085E-01  0.000000E+00  0.000000E+00  0.000000E+00  0.000000E+00  0.000000E+00  0.000000E+00
145  7.60103751E-03 -6.775030E+01 -6.483782E+01  6.449540E-01  5.808479E-01  0.000000E+00  0.000000E+00  0.000000E+00  0.000000E+00  0.000000E+00  0.000000E+00
146  8.27092988E-03 -6.747811E+01 -6.490189E+01  7.197547E-01  6.037287E-01  0.000000E+00  0.000000E+00  0.000000E+00  0.000000E+00  0.000000E+00  0.000000E+00
147  8.99710118E-03 -6.718657E+01 -6.487768E+01  8.023334E-01  6.255432E-01  0.000000E+00  0.000000E+00  0.000000E+00  0.000000E+00  0.000000E+00  0.000000E+00
148  9.78393329E-03 -6.687474E+01 -6.477793E+01  8.931759E-01  6.459550E-01  0.000000E+00  0.000000E+00  0.000000E+00  0.000000E+00  0.000000E+00  0.000000E+00
149  1.06361078E-02 -6.654167E+01 -6.461289E+01  9.927125E-01  6.646022E-01  0.000000E+00  0.000000E+00  0.000000E+00  0.000000E+00  0.000000E+00  0.000000E+00
150  1.15586218E-02 -6.618641E+01 -6.439076E+01  1.101292E+00  6.811012E-01  0.000000E+00  0.000000E+00  0.000000E+00  0.000000E+00  0.000000E+00  0.000000E+00
151  1.25568040E-02 -6.580796E+01 -6.411802E+01  1.219152E+00  6.950523E-01  0.000000E+00  0.000000E+00  0.000000E+00  0.000000E+00  0.000000E+00  0.000000E+00
152  1.36363313E-02 -6.540535E+01 -6.379971E+01  1.346382E+00  7.060469E-01  0.000000E+00  0.000000E+00  0.000000E+00  0.000000E+00  0.000000E+00  0.000000E+00
153  1.48032451E-02 -6.497756E+01 -6.343968E+01  1.482892E+00  7.136771E-01  0.000000E+00  0.000000E+00  0.000000E+00  0.000000E+00  0.000000E+00  0.000000E+00
154  1.60639684E-02 -6.452362E+01 -6.304086E+01  1.628363E+00  7.175466E-01  0.000000E+00  0.000000E+00  0.000000E+00  0.000000E+00  0.000000E+00  0.000000E+00
155  1.74253227E-02 -6.404254E+01 -6.260539E+01  1.782212E+00  7.172835E-01  0.000000E+00  0.000000E+00  0.000000E+00  0.000000E+00  0.000000E+00  0.000000E+00
156  1.88945447E-02 -6.353341E+01 -6.213477E+01  1.943549E+00  7.125547E-01  0.000000E+00  0.000000E+00  0.000000E+00  0.000000E+00  0.000000E+00  0.000000E+00
157  2.04793037E-02 -6.299539E+01 -6.163009E+01  2.111135E+00  7.030821E-01  0.000000E+00  0.000000E+00  0.000000E+00  0.000000E+00  0.000000E+00  0.000000E+00
158  2.21877176E-02 -6.242773E+01 -6.109207E+01  2.283352E+00  6.886586E-01  0.000000E+00  0.000000E+00  0.000000E+00  0.000000E+00  0.000000E+00  0.000000E+00
159  2.40283703E-02 -6.182981E+01 -6.052116E+01  2.458179E+00  6.691650E-01  0.000000E+00  0.000000E+00  0.000000E+00  0.000000E+00  0.000000E+00  0.000000E+00
160  2.60103273E-02 -6.120111E+01 -5.991767E+01  2.633175E+00  6.445859E-01  0.000000E+00  0.000000E+00  0.000000E+00  0.000000E+00  0.000000E+00  0.000000E+00
161  2.81431521E-02 -6.054115E+01 -5.928175E+01  2.805492E+00  6.150238E-01  0.000000E+00  0.000000E+00  0.000000E+00  0.000000E+00  0.000000E+00  0.000000E+00
162  3.04369210E-02 -5.984944E+01 -5.861345E+01  2.971894E+00  5.807105E-01  0.000000E+00  0.000000E+00  0.000000E+00  0.000000E+00  0.000000E+00  0.000000E+00
163  3.29022384E-02 -5.912547E+01 -5.791265E+01  3.128811E+00  5.420149E-01  0.000000E+00  0.000000E+00  0.000000E+00  0.000000E+00  0.000000E+00  0.000000E+00
164  3.55502504E-02 -5.836870E+01 -5.717917E+01  3.272418E+00  4.994453E-01  0.000000E+00  0.000000E+00  0.000000E+00  0.000000E+00  0.000000E+00  0.000000E+00
165  3.83926583E-02 -5.757864E+01 -5.641276E+01  3.398737E+00  4.536462E-01  0.000000E+00  0.000000E+00  0.000000E+00  0.000000E+00  0.000000E+00  0.000000E+00
166  4.14417311E-02 -5.675496E+01 -5.561322E+01  3.503779E+00  4.053863E-01  0.000000E+00  0.000000E+00  0.000000E+00  0.000000E+00  0.000000E+00  0.000000E+00
167  4.47103165E-02 -5.589759E+01 -5.478053E+01  3.583698E+00  3.555400E-01  0.000000E+00  0.000000E+00  0.000000E+00  0.000000E+00  0.000000E+00  0.000000E+00
168  4.82118514E-02 -5.500674E+01 -5.391492E+01  3.634979E+00  3.050620E-01  0.000000E+00  0.000000E+00  0.000000E+00  0.000000E+00  0.000000E+00  0.000000E+00
169  5.19603709E-02 -5.408297E+01 -5.301688E+01  3.654628E+00  2.549524E-01  0.000000E+00  0.000000E+00  0.000000E+00  0.000000E+00  0.000000E+00  0.000000E+00
170  5.59705163E-02 -5.312708E+01 -5.208717E+01  3.640364E+00  2.062183E-01  0.000000E+00  0.000000E+00  0.000000E+00  0.000000E+00  0.000000E+00  0.000000E+00
171  6.02575411E-02 -5.214002E+01 -5.112669E+01  3.590800E+00  1.598308E-01  0.000000E+00  0.000000E+00  0.000000E+00  0.000000E+00  0.000000E+00  0.000000E+00
172  6.48373163E-02 -5.112282E+01 -5.013644E+01  3.505593E+00  1.166820E-01  0.000000E+00  0.000000E+00  0.000000E+00  0.000000E+00  0.000000E+00  0.000000E+00
173  6.97263340E-02 -5.007654E+01 -4.911743E+01  3.385552E+00  7.754298E-02  0.000000E+00  0.000000E+00  0.000000E+00  0.000000E+00  0.000000E+00  0.000000E+00
174  7.49417091E-02 -4.900230E+01 -4.807073E+01  3.232689E+00  4.302738E-02  0.000000E+00  0.000000E+00  0.000000E+00  0.000000E+00  0.000000E+00  0.000000E+00
175  8.05011798E-02 -4.790126E+01 -4.699747E+01  3.050203E+00  1.356286E-02  0.000000E+00  0.000000E+00  0.000000E+00  0.000000E+00  0.000000E+00  0.000000E+00
176  8.64231061E-02 -4.677502E+01 -4.589918E+01  2.842385E+00 -1.062744E-02  0.000000E+00  0.000000E+00  0.000000E+00  0.000000E+00  0.000000E+00  0.000000E+00
177  9.27264671E-02 -4.562538E+01 -4.477757E+01  2.614453E+00 -2.953087E-02  0.000000E+00  0.000000E+00  0.000000E+00  0.000000E+00  0.000000E+00  0.000000E+00
178  9.94308562E-02 -4.445469E+01 -4.363489E+01  2.372315E+00 -4.333796E-02  0.000000E+00  0.000000E+00  0.000000E+00  0.000000E+00  0.000000E+00  0.000000E+00
179  1.06556475E-01 -4.326541E+01 -4.247351E+01  2.122284E+00 -5.242194E-02  0.000000E+00  0.000000E+00  0.000000E+00  0.000000E+00  0.000000E+00  0.000000E+00
180  1.14124124E-01 -4.205996E+01 -4.129577E+01  1.870749E+00 -5.730637E-02  0.000000E+00  0.000000E+00  0.000000E+00  0.000000E+00  0.000000E+00  0.000000E+00
181  1.22155196E-01 -4.084052E+01 -4.010381E+01  1.623850E+00 -5.862414E-02  0.000000E+00  0.000000E+00  0.000000E+00  0.000000E+00  0.000000E+00  0.000000E+00
182  1.30671661E-01 -3.960930E+01 -3.889979E+01  1.387164E+00 -5.707162E-02  0.000000E+00  0.000000E+00  0.000000E+00  0.000000E+00  0.000000E+00  0.000000E+00
183  1.39696055E-01 -3.836869E+01 -3.768605E+01  1.165442E+00 -5.336218E-02  0.000000E+00  0.000000E+00  0.000000E+00  0.000000E+00  0.000000E+00  0.000000E+00
184  1.49251467E-01 -3.712155E+01 -3.646541E+01  9.624123E-01 -4.818299E-02  0.000000E+00  0.000000E+00  0.000000E+00  0.000000E+00  0.000000E+00  0.000000E+00
185  1.59361522E-01 -3.587132E+01 -3.524120E+01  7.806612E-01 -4.215841E-02  0.000000E+00  0.000000E+00  0.000000E+00  0.000000E+00  0.000000E+00  0.000000E+00
186  1.70050362E-01 -3.462150E+01 -3.401689E+01  6.216063E-01 -3.582245E-02  0.000000E+00  0.000000E+00  0.000000E+00  0.000000E+00  0.000000E+00  0.000000E+00
187  1.81342630E-01 -3.337542E+01 -3.279572E+01  4.855530E-01 -2.960185E-02  0.000000E+00  0.000000E+00  0.000000E+00  0.000000E+00  0.000000E+00  0.000000E+00
188  1.93263449E-01 -3.213569E+01 -3.158030E+01  3.718261E-01 -2.381005E-02  0.000000E+00  0.000000E+00  0.000000E+00  0.000000E+00  0.000000E+00  0.000000E+00
189  2.05838402E-01 -3.090408E+01 -3.037233E+01  2.789555E-01 -1.865118E-02  0.000000E+00  0.000000E+00  0.000000E+00  0.000000E+00  0.000000E+00  0.000000E+00
190  2.19093507E-01 -2.968140E+01 -2.917261E+01  2.048930E-01 -1.423207E-02  0.000000E+00  0.000000E+00  0.000000E+00  0.000000E+00  0.000000E+00  0.000000E+00
191  2.33055201E-01 -2.846816E+01 -2.798166E+01  1.472375E-01 -1.057960E-02  0.000000E+00  0.000000E+00  0.000000E+00  0.000000E+00  0.000000E+00  0.000000E+00
192  2.47750307E-01 -2.726489E+01 -2.679996E+01  1.034444E-01 -7.660670E-03  0.000000E+00  0.000000E+00  0.000000E+00  0.000000E+00  0.000000E+00  0.000000E+00
193  2.63206019E-01 -2.607291E+01 -2.562885E+01  7.100489E-02 -5.402149E-03  0.000000E+00  0.000000E+00  0.000000E+00  0.000000E+00  0.000000E+00  0.000000E+00
194  2.79449870E-01 -2.489435E+01 -2.447042E+01  4.758343E-02 -3.708816E-03  0.000000E+00  0.000000E+00  0.000000E+00  0.000000E+00  0.000000E+00  0.000000E+00
195  2.96509710E-01 -2.373169E+01 -2.332713E+01  3.111009E-02 -2.478047E-03  0.000000E+00  0.000000E+00  0.000000E+00  0.000000E+00  0.000000E+00  0.000000E+00
196  3.14413681E-01 -2.258696E+01 -2.220100E+01  1.982961E-02 -1.610654E-03  0.000000E+00  0.000000E+00  0.000000E+00  0.000000E+00  0.000000E+00  0.000000E+00
197  3.33190188E-01 -2.146130E+01 -2.109320E+01  1.231352E-02 -1.017902E-03  0.000000E+00  0.000000E+00  0.000000E+00  0.000000E+00  0.000000E+00  0.000000E+00
198  3.52867877E-01 -2.035548E+01 -2.000453E+01  7.443732E-03 -6.251636E-04  0.000000E+00  0.000000E+00  0.000000E+00  0.000000E+00  0.000000E+00  0.000000E+00
199  3.73475605E-01 -1.927067E+01 -1.893617E+01  4.377474E-03 -3.729265E-04  0.000000E+00  0.000000E+00  0.000000E+00  0.000000E+00  0.000000E+00  0.000000E+00
200  3.95042416E-01 -1.820943E+01 -1.789069E+01  2.502445E-03 -2.159427E-04  0.000000E+00  0.000000E+00  0.000000E+00  0.000000E+00  0.000000E+00  0.000000E+00
201  4.17597515E-01 -1.717551E+01 -1.687185E+01  1.389625E-03 -1.213036E-04  0.000000E+00  0.000000E+00  0.000000E+00  0.000000E+00  0.000000E+00  0.000000E+00
202  4.41170244E-01 -1.617347E+01 -1.588422E+01  7.490456E-04 -6.606265E-05  0.000000E+00  0.000000E+00  0.000000E+00  0.000000E+00  0.000000E+00  0.000000E+00
203  4.65790054E-01 -1.520802E+01 -1.493253E+01  3.916363E-04 -3.485838E-05  0.000000E+00  0.000000E+00  0.000000E+00  0.000000E+00  0.000000E+00  0.000000E+00
204  4.91486481E-01 -1.428334E+01 -1.402097E+01  1.984764E-04 -1.780920E-05  0.000000E+00  0.000000E+00  0.000000E+00  0.000000E+00  0.000000E+00  0.000000E+00
205  5.18289124E-01 -1.340261E+01 -1.315275E+01  9.742570E-05 -8.804006E-06  0.000000E+00  0.000000E+00  0.000000E+00  0.000000E+00  0.000000E+00  0.000000E+00
206  5.46227617E-01 -1.256783E+01 -1.232987E+01  4.628744E-05 -4.208443E-06  0.000000E+00  0.000000E+00  0.000000E+00  0.000000E+00  0.000000E+00  0.000000E+00
207  5.75331612E-01 -1.177967E+01 -1.155305E+01  2.126977E-05 -1.943873E-06  0.000000E+00  0.000000E+00  0.000000E+00  0.000000E+00  0.000000E+00  0.000000E+00
208  6.05630751E-01 -1.103791E+01 -1.082206E+01  9.446147E-06 -8.669859E-07  0.000000E+00  0.000000E+00  0.000000E+00  0.000000E+00  0.000000E+00  0.000000E+00
209  6.37154647E-01 -1.034137E+01 -1.013575E+01  4.051527E-06 -3.731103E-07  0.000000E+00  0.000000E+00  0.000000E+00  0.000000E+00  0.000000E+00  0.000000E+00
210  6.69932864E-01 -9.688292E+00 -9.492398E+00  1.676993E-06 -1.548165E-07  0.000000E+00  0.000000E+00  0.000000E+00  0.000000E+00  0.000000E+00  0.000000E+00
211  7.03994894E-01 -9.076812E+00 -8.890143E+00  6.693679E-07 -6.188928E-08  0.000000E+00  0.000000E+00  0.000000E+00  0.000000E+00  0.000000E+00  0.000000E+00
212  7.39370141E-01 -8.504780E+00 -8.326863E+00  2.574475E-07 -2.381683E-08  0.000000E+00  0.000000E+00  0.000000E+00  0.000000E+00  0.000000E+00  0.000000E+00
213  7.76087899E-01 -7.970104E+00 -7.800486E+00  9.533844E-08 -8.815830E-09  0.000000E+00  0.000000E+00  0.000000E+00  0.000000E+00  0.000000E+00  0.000000E+00
214  8.14177341E-01 -7.470733E+00 -7.308980E+00  3.396753E-08 -3.136029E-09  0.000000E+00  0.000000E+00  0.000000E+00  0.000000E+00  0.000000E+00  0.000000E+00
215  8.53667493E-01 -7.004632E+00 -6.850333E+00  1.163412E-08 -1.071143E-09  0.000000E+00  0.000000E+00  0.000000E+00  0.000000E+00  0.000000E+00  0.000000E+00
216  8.94587226E-01 -6.569778E+00 -6.422541E+00  3.827618E-09 -3.509634E-10  0.000000E+00  0.000000E+00  0.000000E+00  0.000000E+00  0.000000E+00  0.000000E+00
217  9.36965239E-01 -6.164163E+00 -6.023616E+00  1.208639E-09 -1.102048E-10  0.000000E+00  0.000000E+00  0.000000E+00  0.000000E+00  0.000000E+00  0.000000E+00
218  9.80830042E-01 -5.785828E+00 -5.651619E+00  3.659986E-10 -4.323119E-11  0.000000E+00  0.000000E+00  0.000000E+00  0.000000E+00  0.000000E+00  0.000000E+00
219  1.02620995E+00 -5.432904E+00 -5.304700E+00  1.061971E-10  1.633441E-11  0.000000E+00  0.000000E+00  0.000000E+00  0.000000E+00  0.000000E+00  0.000000E+00
