#      n =  3
#  kappa = -1
# energy = -2.43671863E+03
#zenergy =  0.00000000E+00
#     dn =  2.92551731E+00
# qrnorm =  1.00261627E+00
#SelfEne =  2.72113860E+32
#     vc = -8.59075890E+03
#     vr = -5.49051641E+03
#  ilast =  237
#    ifm =    0
#    cfm =  0.00000000E+00
#    xfm =  0.00000000E+00
#    rfn =  2.04793037E-02
#    pdx =  9.99812192E-01
#   bqp0 = -2.86662948E-05
#   bqp1 =  0.00000000E+00
#    idx = 4
# LEPTON = 0
#   MASS =  1.00000000E+00
# CHARGE =  1.00000000E+00
#  EUNIT =  2.72113860E+01
#  RUNIT =  4.13413733E+16
#  LUNIT =  5.29177211E-01
#    AMU =  1.82288849E+03
#    FSC =  7.29735257E-03


0    1.40845070E-08 -1.178053E-02  8.875546E+06  5.995377E-06 -1.720124E-10  0.000000E+00  0.000000E+00  0.000000E+00  0.000000E+00  0.000000E+00  0.000000E+00
1    1.54458033E-08 -1.291915E-02  8.093335E+06  6.574728E-06 -2.068453E-10  0.000000E+00  0.000000E+00  0.000000E+00  0.000000E+00  0.000000E+00  0.000000E+00
2    1.69386420E-08 -1.416778E-02  7.380075E+06  7.210066E-06 -2.487373E-10  0.000000E+00  0.000000E+00  0.000000E+00  0.000000E+00  0.000000E+00  0.000000E+00
3    1.85757639E-08 -1.553710E-02  6.729675E+06  7.906808E-06 -2.991194E-10  0.000000E+00  0.000000E+00  0.000000E+00  0.000000E+00  0.000000E+00  0.000000E+00
4    2.03710783E-08 -1.703873E-02  6.136605E+06  8.670880E-06 -3.597107E-10  0.000000E+00  0.000000E+00  0.000000E+00  0.000000E+00  0.000000E+00  0.000000E+00
5    2.23399067E-08 -1.868550E-02  5.595802E+06  9.508795E-06 -4.325806E-10  0.000000E+00  0.000000E+00  0.000000E+00  0.000000E+00  0.000000E+00  0.000000E+00
6    2.44990189E-08 -2.049142E-02  5.102660E+06  1.042769E-05 -5.202172E-10  0.000000E+00  0.000000E+00  0.000000E+00  0.000000E+00  0.000000E+00  0.000000E+00
7    2.68667586E-08 -2.247184E-02  4.652986E+06  1.143538E-05 -6.256103E-10  0.000000E+00  0.000000E+00  0.000000E+00  0.000000E+00  0.000000E+00  0.000000E+00
8    2.94633317E-08 -2.464366E-02  4.242940E+06  1.254046E-05 -7.523597E-10  0.000000E+00  0.000000E+00  0.000000E+00  0.000000E+00  0.000000E+00  0.000000E+00
9    3.23108539E-08 -2.702537E-02  3.869030E+06  1.375233E-05 -9.047926E-10  0.000000E+00  0.000000E+00  0.000000E+00  0.000000E+00  0.000000E+00  0.000000E+00
10   3.54335170E-08 -2.963723E-02  3.528078E+06  1.508130E-05 -1.088109E-09  0.000000E+00  0.000000E+00  0.000000E+00  0.000000E+00  0.000000E+00  0.000000E+00
11   3.88579005E-08 -3.250144E-02  3.217179E+06  1.653870E-05 -1.308567E-09  0.000000E+00  0.000000E+00  0.000000E+00  0.000000E+00  0.000000E+00  0.000000E+00
12   4.26132991E-08 -3.564252E-02  2.933671E+06  1.813694E-05 -1.573699E-09  0.000000E+00  0.000000E+00  0.000000E+00  0.000000E+00  0.000000E+00  0.000000E+00
13   4.67314733E-08 -3.908704E-02  2.675157E+06  1.988961E-05 -1.892540E-09  0.000000E+00  0.000000E+00  0.000000E+00  0.000000E+00  0.000000E+00  0.000000E+00
14   5.12476303E-08 -4.286443E-02  2.439424E+06  2.181164E-05 -2.275985E-09  0.000000E+00  0.000000E+00  0.000000E+00  0.000000E+00  0.000000E+00  0.000000E+00
15   5.62002313E-08 -4.700687E-02  2.224464E+06  2.391940E-05 -2.737122E-09  0.000000E+00  0.000000E+00  0.000000E+00  0.000000E+00  0.000000E+00  0.000000E+00
16   6.16312403E-08 -5.154947E-02  2.028454E+06  2.623081E-05 -3.291670E-09  0.000000E+00  0.000000E+00  0.000000E+00  0.000000E+00  0.000000E+00  0.000000E+00
17   6.75872020E-08 -5.653114E-02  1.849713E+06  2.876559E-05 -3.958589E-09  0.000000E+00  0.000000E+00  0.000000E+00  0.000000E+00  0.000000E+00  0.000000E+00
18   7.41184821E-08 -6.199401E-02  1.686728E+06  3.154525E-05 -4.760602E-09  0.000000E+00  0.000000E+00  0.000000E+00  0.000000E+00  0.000000E+00  0.000000E+00
19   8.12809116E-08 -6.798480E-02  1.538105E+06  3.459350E-05 -5.725107E-09  0.000000E+00  0.000000E+00  0.000000E+00  0.000000E+00  0.000000E+00  0.000000E+00
20   8.91353265E-08 -7.455437E-02  1.402580E+06  3.793627E-05 -6.885002E-09  0.000000E+00  0.000000E+00  0.000000E+00  0.000000E+00  0.000000E+00  0.000000E+00
21   9.77487367E-08 -8.175877E-02  1.278998E+06  4.160203E-05 -8.279894E-09  0.000000E+00  0.000000E+00  0.000000E+00  0.000000E+00  0.000000E+00  0.000000E+00
22   1.07194113E-07 -8.965905E-02  1.166308E+06  4.562191E-05 -9.957323E-09  0.000000E+00  0.000000E+00  0.000000E+00  0.000000E+00  0.000000E+00  0.000000E+00
23   1.17552189E-07 -9.832272E-02  1.063548E+06  5.003019E-05 -1.197459E-08  0.000000E+00  0.000000E+00  0.000000E+00  0.000000E+00  0.000000E+00  0.000000E+00
24   1.28910932E-07 -1.078234E-01  9.698439E+05  5.486435E-05 -1.440049E-08  0.000000E+00  0.000000E+00  0.000000E+00  0.000000E+00  0.000000E+00  0.000000E+00
25   1.41366993E-07 -1.182418E-01  8.843975E+05  6.016552E-05 -1.731779E-08  0.000000E+00  0.000000E+00  0.000000E+00  0.000000E+00  0.000000E+00  0.000000E+00
26   1.55026355E-07 -1.296667E-01  8.064811E+05  6.597881E-05 -2.082602E-08  0.000000E+00  0.000000E+00  0.000000E+00  0.000000E+00  0.000000E+00  0.000000E+00
27   1.70005236E-07 -1.421953E-01  7.354308E+05  7.235367E-05 -2.504487E-08  0.000000E+00  0.000000E+00  0.000000E+00  0.000000E+00  0.000000E+00  0.000000E+00
28   1.86431075E-07 -1.559342E-01  6.706415E+05  7.934433E-05 -3.011826E-08  0.000000E+00  0.000000E+00  0.000000E+00  0.000000E+00  0.000000E+00  0.000000E+00
29   2.04443616E-07 -1.710001E-01  6.115614E+05  8.701027E-05 -3.621925E-08  0.000000E+00  0.000000E+00  0.000000E+00  0.000000E+00  0.000000E+00  0.000000E+00
30   2.24195708E-07 -1.875211E-01  5.576882E+05  9.541662E-05 -4.355581E-08  0.000000E+00  0.000000E+00  0.000000E+00  0.000000E+00  0.000000E+00  0.000000E+00
31   2.45856126E-07 -2.056382E-01  5.085611E+05  1.046350E-04 -5.237847E-08  0.000000E+00  0.000000E+00  0.000000E+00  0.000000E+00  0.000000E+00  0.000000E+00
32   2.69608304E-07 -2.255048E-01  4.637636E+05  1.147437E-04 -6.298781E-08  0.000000E+00  0.000000E+00  0.000000E+00  0.000000E+00  0.000000E+00  0.000000E+00
33   2.95654667E-07 -2.472904E-01  4.229133E+05  1.258288E-04 -7.574584E-08  0.000000E+00  0.000000E+00  0.000000E+00  0.000000E+00  0.000000E+00  0.000000E+00
34   3.24216193E-07 -2.711796E-01  3.856629E+05  1.379843E-04 -9.108735E-08  0.000000E+00  0.000000E+00  0.000000E+00  0.000000E+00  0.000000E+00  0.000000E+00
35   3.55536886E-07 -2.973766E-01  3.516939E+05  1.513140E-04 -1.095361E-07  0.000000E+00  0.000000E+00  0.000000E+00  0.000000E+00  0.000000E+00  0.000000E+00
36   3.89881261E-07 -3.261026E-01  3.207189E+05  1.659306E-04 -1.317201E-07  0.000000E+00  0.000000E+00  0.000000E+00  0.000000E+00  0.000000E+00  0.000000E+00
37   4.27542511E-07 -3.576028E-01  2.924728E+05  1.819588E-04 -1.583964E-07  0.000000E+00  0.000000E+00  0.000000E+00  0.000000E+00  0.000000E+00  0.000000E+00
38   4.68840899E-07 -3.921450E-01  2.667152E+05  1.995349E-04 -1.904746E-07  0.000000E+00  0.000000E+00  0.000000E+00  0.000000E+00  0.000000E+00  0.000000E+00
39   5.14125814E-07 -4.300215E-01  2.432277E+05  2.188077E-04 -2.290469E-07  0.000000E+00  0.000000E+00  0.000000E+00  0.000000E+00  0.000000E+00  0.000000E+00
40   5.63783777E-07 -4.715555E-01  2.218092E+05  2.399415E-04 -2.754292E-07  0.000000E+00  0.000000E+00  0.000000E+00  0.000000E+00  0.000000E+00  0.000000E+00
41   6.18235912E-07 -5.170992E-01  2.022780E+05  2.631156E-04 -3.312017E-07  0.000000E+00  0.000000E+00  0.000000E+00  0.000000E+00  0.000000E+00  0.000000E+00
42   6.77944859E-07 -5.670395E-01  1.844676E+05  2.885269E-04 -3.982648E-07  0.000000E+00  0.000000E+00  0.000000E+00  0.000000E+00  0.000000E+00  0.000000E+00
43   7.43417883E-07 -6.218005E-01  1.682263E+05  3.163912E-04 -4.789038E-07  0.000000E+00  0.000000E+00  0.000000E+00  0.000000E+00  0.000000E+00  0.000000E+00
44   8.15209759E-07 -6.818461E-01  1.534163E+05  3.469450E-04 -5.758641E-07  0.000000E+00  0.000000E+00  0.000000E+00  0.000000E+00  0.000000E+00  0.000000E+00
45   8.93933023E-07 -7.476885E-01  1.399107E+05  3.804481E-04 -6.924526E-07  0.000000E+00  0.000000E+00  0.000000E+00  0.000000E+00  0.000000E+00  0.000000E+00
46   9.80253329E-07 -8.198841E-01  1.275952E+05  4.171845E-04 -8.326363E-07  0.000000E+00  0.000000E+00  0.000000E+00  0.000000E+00  0.000000E+00  0.000000E+00
47   1.07490332E-06 -8.990456E-01  1.163648E+05  4.574660E-04 -1.001189E-06  0.000000E+00  0.000000E+00  0.000000E+00  0.000000E+00  0.000000E+00  0.000000E+00
48   1.17868778E-06 -9.858455E-01  1.061239E+05  5.016345E-04 -1.203851E-06  0.000000E+00  0.000000E+00  0.000000E+00  0.000000E+00  0.000000E+00  0.000000E+00
49   1.29248727E-06 -1.081020E+00  9.678516E+04  5.500650E-04 -1.447523E-06  0.000000E+00  0.000000E+00  0.000000E+00  0.000000E+00  0.000000E+00  0.000000E+00
50   1.41726642E-06 -1.185375E+00  8.826928E+04  6.031678E-04 -1.740497E-06  0.000000E+00  0.000000E+00  0.000000E+00  0.000000E+00  0.000000E+00  0.000000E+00
51   1.55408252E-06 -1.299794E+00  8.050382E+04  6.613931E-04 -2.092741E-06  0.000000E+00  0.000000E+00  0.000000E+00  0.000000E+00  0.000000E+00  0.000000E+00
52   1.70409879E-06 -1.425248E+00  7.342252E+04  7.252351E-04 -2.516246E-06  0.000000E+00  0.000000E+00  0.000000E+00  0.000000E+00  0.000000E+00  0.000000E+00
53   1.86858481E-06 -1.562798E+00  6.696524E+04  7.952344E-04 -3.025414E-06  0.000000E+00  0.000000E+00  0.000000E+00  0.000000E+00  0.000000E+00  0.000000E+00
54   2.04893518E-06 -1.713608E+00  6.107702E+04  8.719839E-04 -3.637561E-06  0.000000E+00  0.000000E+00  0.000000E+00  0.000000E+00  0.000000E+00  0.000000E+00
55   2.24667680E-06 -1.878953E+00  5.570778E+04  9.561336E-04 -4.373495E-06  0.000000E+00  0.000000E+00  0.000000E+00  0.000000E+00  0.000000E+00  0.000000E+00
56   2.46348896E-06 -2.060232E+00  5.081174E+04  1.048396E-03 -5.258248E-06  0.000000E+00  0.000000E+00  0.000000E+00  0.000000E+00  0.000000E+00  0.000000E+00
57   2.70120429E-06 -2.258975E+00  4.634735E+04  1.149553E-03 -6.321870E-06  0.000000E+00  0.000000E+00  0.000000E+00  0.000000E+00  0.000000E+00  0.000000E+00
58   2.96183615E-06 -2.476857E+00  4.227659E+04  1.260458E-03 -7.600493E-06  0.000000E+00  0.000000E+00  0.000000E+00  0.000000E+00  0.000000E+00  0.000000E+00
59   3.24759167E-06 -2.715716E+00  3.856484E+04  1.382050E-03 -9.137541E-06  0.000000E+00  0.000000E+00  0.000000E+00  0.000000E+00  0.000000E+00  0.000000E+00
60   3.56088877E-06 -2.977564E+00  3.518053E+04  1.515356E-03 -1.098519E-05  0.000000E+00  0.000000E+00  0.000000E+00  0.000000E+00  0.000000E+00  0.000000E+00
61   3.90437587E-06 -3.264600E+00  3.209488E+04  1.661501E-03 -1.320611E-05  0.000000E+00  0.000000E+00  0.000000E+00  0.000000E+00  0.000000E+00  0.000000E+00
62   4.28096072E-06 -3.579235E+00  2.928164E+04  1.821719E-03 -1.587564E-05  0.000000E+00  0.000000E+00  0.000000E+00  0.000000E+00  0.000000E+00  0.000000E+00
63   4.69382455E-06 -3.924105E+00  2.671690E+04  1.997361E-03 -1.908425E-05  0.000000E+00  0.000000E+00  0.000000E+00  0.000000E+00  0.000000E+00  0.000000E+00
64   5.14645651E-06 -4.302092E+00  2.437886E+04  2.189906E-03 -2.294061E-05  0.000000E+00  0.000000E+00  0.000000E+00  0.000000E+00  0.000000E+00  0.000000E+00
65   5.64267994E-06 -4.716348E+00  2.224764E+04  2.400975E-03 -2.757525E-05  0.000000E+00  0.000000E+00  0.000000E+00  0.000000E+00  0.000000E+00  0.000000E+00
66   6.18668621E-06 -5.170318E+00  2.030512E+04  2.632341E-03 -3.314493E-05  0.000000E+00  0.000000E+00  0.000000E+00  0.000000E+00  0.000000E+00  0.000000E+00
67   6.78306446E-06 -5.667761E+00  1.853481E+04  2.885946E-03 -3.983782E-05  0.000000E+00  0.000000E+00  0.000000E+00  0.000000E+00  0.000000E+00  0.000000E+00
68   7.43684772E-06 -6.212780E+00  1.692167E+04  3.163916E-03 -4.787982E-05  0.000000E+00  0.000000E+00  0.000000E+00  0.000000E+00  0.000000E+00  0.000000E+00
69   8.15354812E-06 -6.809847E+00  1.545200E+04  3.468576E-03 -5.754204E-05  0.000000E+00  0.000000E+00  0.000000E+00  0.000000E+00  0.000000E+00  0.000000E+00
70   8.93920529E-06 -7.463830E+00  1.411334E+04  3.802470E-03 -6.914970E-05  0.000000E+00  0.000000E+00  0.000000E+00  0.000000E+00  0.000000E+00  0.000000E+00
71   9.80043817E-06 -8.180023E+00  1.289434E+04  4.168377E-03 -8.309290E-05  0.000000E+00  0.000000E+00  0.000000E+00  0.000000E+00  0.000000E+00  0.000000E+00
72   1.07444991E-05 -8.964176E+00  1.178467E+04  4.569337E-03 -9.983932E-05  0.000000E+00  0.000000E+00  0.000000E+00  0.000000E+00  0.000000E+00  0.000000E+00
73   1.17793295E-05 -9.822511E+00  1.077495E+04  5.008667E-03 -1.199493E-04  0.000000E+00  0.000000E+00  0.000000E+00  0.000000E+00  0.000000E+00  0.000000E+00
74   1.29136348E-05 -1.076176E+01  9.856670E+03  5.489990E-03 -1.440940E-04  0.000000E+00  0.000000E+00  0.000000E+00  0.000000E+00  0.000000E+00  0.000000E+00
75   1.41569462E-05 -1.178916E+01  9.022100E+03  6.017254E-03 -1.730768E-04  0.000000E+00  0.000000E+00  0.000000E+00  0.000000E+00  0.000000E+00  0.000000E+00
76   1.55197075E-05 -1.291250E+01  8.264256E+03  6.594761E-03 -2.078581E-04  0.000000E+00  0.000000E+00  0.000000E+00  0.000000E+00  0.000000E+00  0.000000E+00
77   1.70133553E-05 -1.414009E+01  7.576839E+03  7.227194E-03 -2.495857E-04  0.000000E+00  0.000000E+00  0.000000E+00  0.000000E+00  0.000000E+00  0.000000E+00
78   1.86504207E-05 -1.548074E+01  6.954218E+03  7.919641E-03 -2.996292E-04  0.000000E+00  0.000000E+00  0.000000E+00  0.000000E+00  0.000000E+00  0.000000E+00
79   2.04446227E-05 -1.694375E+01  6.391260E+03  8.677621E-03 -3.596209E-04  0.000000E+00  0.000000E+00  0.000000E+00  0.000000E+00  0.000000E+00  0.000000E+00
80   2.24109875E-05 -1.853882E+01  5.883520E+03  9.507110E-03 -4.315028E-04  0.000000E+00  0.000000E+00  0.000000E+00  0.000000E+00  0.000000E+00  0.000000E+00
81   2.45659712E-05 -2.027593E+01  5.427284E+03  1.041456E-02 -5.175810E-04  0.000000E+00  0.000000E+00  0.000000E+00  0.000000E+00  0.000000E+00  0.000000E+00
82   2.69275913E-05 -2.216516E+01  5.018870E+03  1.140694E-02 -6.205872E-04  0.000000E+00  0.000000E+00  0.000000E+00  0.000000E+00  0.000000E+00  0.000000E+00
83   2.95155769E-05 -2.421648E+01  4.655748E+03  1.249170E-02 -7.437473E-04  0.000000E+00  0.000000E+00  0.000000E+00  0.000000E+00  0.000000E+00  0.000000E+00
84   3.23515278E-05 -2.643933E+01  4.335897E+03  1.367683E-02 -8.908581E-04  0.000000E+00  0.000000E+00  0.000000E+00  0.000000E+00  0.000000E+00  0.000000E+00
85   3.54590885E-05 -2.884216E+01  4.057607E+03  1.497083E-02 -1.066367E-03  0.000000E+00  0.000000E+00  0.000000E+00  0.000000E+00  0.000000E+00  0.000000E+00
86   3.88641460E-05 -3.143171E+01  3.820346E+03  1.638269E-02 -1.275458E-03  0.000000E+00  0.000000E+00  0.000000E+00  0.000000E+00  0.000000E+00  0.000000E+00
87   4.25950311E-05 -3.421206E+01  3.624447E+03  1.792185E-02 -1.524125E-03  0.000000E+00  0.000000E+00  0.000000E+00  0.000000E+00  0.000000E+00  0.000000E+00
88   4.66827539E-05 -3.718335E+01  3.471129E+03  1.959820E-02 -1.819249E-03  0.000000E+00  0.000000E+00  0.000000E+00  0.000000E+00  0.000000E+00  0.000000E+00
89   5.11612515E-05 -4.034008E+01  3.363171E+03  2.142191E-02 -2.168631E-03  0.000000E+00  0.000000E+00  0.000000E+00  0.000000E+00  0.000000E+00  0.000000E+00
90   5.60676589E-05 -4.366875E+01  3.305270E+03  2.340342E-02 -2.580992E-03  0.000000E+00  0.000000E+00  0.000000E+00  0.000000E+00  0.000000E+00  0.000000E+00
91   6.14426048E-05 -4.714482E+01  3.304220E+03  2.555332E-02 -3.065891E-03  0.000000E+00  0.000000E+00  0.000000E+00  0.000000E+00  0.000000E+00  0.000000E+00
92   6.73305476E-05 -5.072868E+01  3.369675E+03  2.788220E-02 -3.633523E-03  0.000000E+00  0.000000E+00  0.000000E+00  0.000000E+00  0.000000E+00  0.000000E+00
93   7.37801101E-05 -5.436047E+01  3.514640E+03  3.040064E-02 -4.294333E-03  0.000000E+00  0.000000E+00  0.000000E+00  0.000000E+00  0.000000E+00  0.000000E+00
94   8.08444839E-05 -5.795353E+01  3.754473E+03  3.311919E-02 -5.058378E-03  0.000000E+00  0.000000E+00  0.000000E+00  0.000000E+00  0.000000E+00  0.000000E+00
95   8.85818410E-05 -6.138718E+01  4.100158E+03  3.604861E-02 -5.934318E-03  0.000000E+00  0.000000E+00  0.000000E+00  0.000000E+00  0.000000E+00  0.000000E+00
96   9.70557919E-05 -6.450115E+01  4.524009E+03  3.920048E-02 -6.927976E-03  0.000000E+00  0.000000E+00  0.000000E+00  0.000000E+00  0.000000E+00  0.000000E+00
97   1.06335888E-04 -6.710130E+01  4.857000E+03  4.258773E-02 -8.040519E-03  0.000000E+00  0.000000E+00  0.000000E+00  0.000000E+00  0.000000E+00  0.000000E+00
98   1.16498167E-04 -6.900239E+01  4.750119E+03  4.622372E-02 -9.266833E-03  0.000000E+00  0.000000E+00  0.000000E+00  0.000000E+00  0.000000E+00  0.000000E+00
99   1.27625740E-04 -7.013925E+01  4.025015E+03  5.012338E-02 -1.059591E-02  0.000000E+00  0.000000E+00  0.000000E+00  0.000000E+00  0.000000E+00  0.000000E+00
100  1.39809443E-04 -7.066706E+01  3.032300E+03  5.431156E-02 -1.201538E-02  0.000000E+00  0.000000E+00  0.000000E+00  0.000000E+00  0.000000E+00  0.000000E+00
101  1.53148538E-04 -7.085775E+01  2.271314E+03  5.881746E-02 -1.351792E-02  0.000000E+00  0.000000E+00  0.000000E+00  0.000000E+00  0.000000E+00  0.000000E+00
102  1.67751469E-04 -7.091153E+01  1.846331E+03  6.366419E-02 -1.510360E-02  0.000000E+00  0.000000E+00  0.000000E+00  0.000000E+00  0.000000E+00  0.000000E+00
103  1.83736702E-04 -7.092048E+01  1.599612E+03  6.887535E-02 -1.677776E-02  0.000000E+00  0.000000E+00  0.000000E+00  0.000000E+00  0.000000E+00  0.000000E+00
104  2.01233621E-04 -7.091667E+01  1.417322E+03  7.447821E-02 -1.854843E-02  0.000000E+00  0.000000E+00  0.000000E+00  0.000000E+00  0.000000E+00  0.000000E+00
105  2.20383511E-04 -7.090932E+01  1.261348E+03  8.050206E-02 -2.042495E-02  0.000000E+00  0.000000E+00  0.000000E+00  0.000000E+00  0.000000E+00  0.000000E+00
106  2.41340621E-04 -7.090062E+01  1.121533E+03  8.697767E-02 -2.241737E-02  0.000000E+00  0.000000E+00  0.000000E+00  0.000000E+00  0.000000E+00  0.000000E+00
107  2.64273321E-04 -7.089098E+01  9.949151E+02  9.393731E-02 -2.453630E-02  0.000000E+00  0.000000E+00  0.000000E+00  0.000000E+00  0.000000E+00  0.000000E+00
108  2.89365355E-04 -7.088039E+01  8.801391E+02  1.014149E-01 -2.679284E-02  0.000000E+00  0.000000E+00  0.000000E+00  0.000000E+00  0.000000E+00  0.000000E+00
109  3.16817200E-04 -7.086877E+01  7.761826E+02  1.094459E-01 -2.919863E-02  0.000000E+00  0.000000E+00  0.000000E+00  0.000000E+00  0.000000E+00  0.000000E+00
110  3.46847541E-04 -7.085603E+01  6.821310E+02  1.180677E-01 -3.176585E-02  0.000000E+00  0.000000E+00  0.000000E+00  0.000000E+00  0.000000E+00  0.000000E+00
111  3.79694864E-04 -7.084207E+01  5.971467E+02  1.273191E-01 -3.450722E-02  0.000000E+00  0.000000E+00  0.000000E+00  0.000000E+00  0.000000E+00  0.000000E+00
112  4.15619192E-04 -7.082677E+01  5.204620E+02  1.372405E-01 -3.743602E-02  0.000000E+00  0.000000E+00  0.000000E+00  0.000000E+00  0.000000E+00  0.000000E+00
113  4.54903944E-04 -7.080999E+01  4.513737E+02  1.478736E-01 -4.056611E-02  0.000000E+00  0.000000E+00  0.000000E+00  0.000000E+00  0.000000E+00  0.000000E+00
114  4.97857967E-04 -7.079161E+01  3.892361E+02  1.592615E-01 -4.391188E-02  0.000000E+00  0.000000E+00  0.000000E+00  0.000000E+00  0.000000E+00  0.000000E+00
115  5.44817717E-04 -7.077148E+01  3.334560E+02  1.714483E-01 -4.748829E-02  0.000000E+00  0.000000E+00  0.000000E+00  0.000000E+00  0.000000E+00  0.000000E+00
116  5.96149619E-04 -7.074942E+01  2.834875E+02  1.844785E-01 -5.131077E-02  0.000000E+00  0.000000E+00  0.000000E+00  0.000000E+00  0.000000E+00  0.000000E+00
117  6.52252617E-04 -7.072526E+01  2.388273E+02  1.983973E-01 -5.539523E-02  0.000000E+00  0.000000E+00  0.000000E+00  0.000000E+00  0.000000E+00  0.000000E+00
118  7.13560914E-04 -7.069881E+01  1.990107E+02  2.132495E-01 -5.975796E-02  0.000000E+00  0.000000E+00  0.000000E+00  0.000000E+00  0.000000E+00  0.000000E+00
119  7.80546942E-04 -7.066985E+01  1.636079E+02  2.290791E-01 -6.441557E-02  0.000000E+00  0.000000E+00  0.000000E+00  0.000000E+00  0.000000E+00  0.000000E+00
120  8.53724541E-04 -7.063816E+01  1.322209E+02  2.459287E-01 -6.938486E-02  0.000000E+00  0.000000E+00  0.000000E+00  0.000000E+00  0.000000E+00  0.000000E+00
121  9.33652389E-04 -7.060348E+01  1.044807E+02  2.638386E-01 -7.468269E-02  0.000000E+00  0.000000E+00  0.000000E+00  0.000000E+00  0.000000E+00  0.000000E+00
122  1.02093769E-03 -7.056555E+01  8.004505E+01  2.828457E-01 -8.032580E-02  0.000000E+00  0.000000E+00  0.000000E+00  0.000000E+00  0.000000E+00  0.000000E+00
123  1.11624013E-03 -7.052407E+01  5.859603E+01  3.029823E-01 -8.633060E-02  0.000000E+00  0.000000E+00  0.000000E+00  0.000000E+00  0.000000E+00  0.000000E+00
124  1.22027613E-03 -7.047871E+01  3.983878E+01  3.242746E-01 -9.271293E-02  0.000000E+00  0.000000E+00  0.000000E+00  0.000000E+00  0.000000E+00  0.000000E+00
125  1.33382338E-03 -7.042915E+01  2.349988E+01  3.467413E-01 -9.948774E-02  0.000000E+00  0.000000E+00  0.000000E+00  0.000000E+00  0.000000E+00  0.000000E+00
126  1.45772573E-03 -7.037500E+01  9.326127E+00  3.703913E-01 -1.066687E-01  0.000000E+00  0.000000E+00  0.000000E+00  0.000000E+00  0.000000E+00  0.000000E+00
127  1.59289840E-03 -7.031586E+01 -2.916405E+00  3.952216E-01 -1.142679E-01  0.000000E+00  0.000000E+00  0.000000E+00  0.000000E+00  0.000000E+00  0.000000E+00
128  1.74033353E-03 -7.025132E+01 -1.344328E+01  4.212152E-01 -1.222952E-01  0.000000E+00  0.000000E+00  0.000000E+00  0.000000E+00  0.000000E+00  0.000000E+00
129  1.90110615E-03 -7.018089E+01 -2.245243E+01  4.483374E-01 -1.307577E-01  0.000000E+00  0.000000E+00  0.000000E+00  0.000000E+00  0.000000E+00  0.000000E+00
130  2.07638050E-03 -7.010410E+01 -3.012491E+01  4.765332E-01 -1.396593E-01  0.000000E+00  0.000000E+00  0.000000E+00  0.000000E+00  0.000000E+00  0.000000E+00
131  2.26741677E-03 -7.002042E+01 -3.662553E+01  5.057235E-01 -1.489996E-01  0.000000E+00  0.000000E+00  0.000000E+00  0.000000E+00  0.000000E+00  0.000000E+00
132  2.47557828E-03 -6.992927E+01 -4.210360E+01  5.358012E-01 -1.587735E-01  0.000000E+00  0.000000E+00  0.000000E+00  0.000000E+00  0.000000E+00  0.000000E+00
133  2.70233906E-03 -6.983007E+01 -4.669358E+01  5.666265E-01 -1.689698E-01  0.000000E+00  0.000000E+00  0.000000E+00  0.000000E+00  0.000000E+00  0.000000E+00
134  2.94929195E-03 -6.972219E+01 -5.051592E+01  5.980226E-01 -1.795708E-01  0.000000E+00  0.000000E+00  0.000000E+00  0.000000E+00  0.000000E+00  0.000000E+00
135  3.21815711E-03 -6.960495E+01 -5.367778E+01  6.297705E-01 -1.905506E-01  0.000000E+00  0.000000E+00  0.000000E+00  0.000000E+00  0.000000E+00  0.000000E+00
136  3.51079106E-03 -6.947767E+01 -5.627394E+01  6.616039E-01 -2.018743E-01  0.000000E+00  0.000000E+00  0.000000E+00  0.000000E+00  0.000000E+00  0.000000E+00
137  3.82919619E-03 -6.933960E+01 -5.838764E+01  6.932034E-01 -2.134965E-01  0.000000E+00  0.000000E+00  0.000000E+00  0.000000E+00  0.000000E+00  0.000000E+00
138  4.17553074E-03 -6.918999E+01 -6.009153E+01  7.241915E-01 -2.253602E-01  0.000000E+00  0.000000E+00  0.000000E+00  0.000000E+00  0.000000E+00  0.000000E+00
139  4.55211944E-03 -6.902805E+01 -6.144855E+01  7.541270E-01 -2.373954E-01  0.000000E+00  0.000000E+00  0.000000E+00  0.000000E+00  0.000000E+00  0.000000E+00
140  4.96146447E-03 -6.885296E+01 -6.251288E+01  7.825007E-01 -2.495177E-01  0.000000E+00  0.000000E+00  0.000000E+00  0.000000E+00  0.000000E+00  0.000000E+00
141  5.40625706E-03 -6.866388E+01 -6.333086E+01  8.087306E-01 -2.616267E-01  0.000000E+00  0.000000E+00  0.000000E+00  0.000000E+00  0.000000E+00  0.000000E+00
142  5.88938963E-03 -6.845996E+01 -6.394180E+01  8.321594E-01 -2.736056E-01  0.000000E+00  0.000000E+00  0.000000E+00  0.000000E+00  0.000000E+00  0.000000E+00
143  6.41396839E-03 -6.824032E+01 -6.437887E+01  8.520526E-01 -2.853194E-01  0.000000E+00  0.000000E+00  0.000000E+00  0.000000E+00  0.000000E+00  0.000000E+00
144  6.98332646E-03 -6.800407E+01 -6.466984E+01  8.675994E-01 -2.966143E-01  0.000000E+00  0.000000E+00  0.000000E+00  0.000000E+00  0.000000E+00  0.000000E+00
145  7.60103751E-03 -6.775030E+01 -6.483782E+01  8.779154E-01 -3.073175E-01  0.000000E+00  0.000000E+00  0.000000E+00  0.000000E+00  0.000000E+00  0.000000E+00
146  8.27092988E-03 -6.747811E+01 -6.490189E+01  8.820495E-01 -3.172372E-01  0.000000E+00  0.000000E+00  0.000000E+00  0.000000E+00  0.000000E+00  0.000000E+00
147  8.99710118E-03 -6.718657E+01 -6.487768E+01  8.789942E-01 -3.261759E-01  0.000000E+00  0.000000E+00  0.000000E+00  0.000000E+00  0.000000E+00  0.000000E+00
148  9.78393329E-03 -6.687474E+01 -6.477793E+01  8.677010E-01 -3.338953E-01  0.000000E+00  0.000000E+00  0.000000E+00  0.000000E+00  0.000000E+00  0.000000E+00
149  1.06361078E-02 -6.654167E+01 -6.461289E+01  8.471014E-01 -3.401530E-01  0.000000E+00  0.000000E+00  0.000000E+00  0.000000E+00  0.000000E+00  0.000000E+00
150  1.15586218E-02 -6.618641E+01 -6.439076E+01  8.161341E-01 -3.446948E-01  0.000000E+00  0.000000E+00  0.000000E+00  0.000000E+00  0.000000E+00  0.000000E+00
151  1.25568040E-02 -6.580796E+01 -6.411802E+01  7.737800E-01 -3.472588E-01  0.000000E+00  0.000000E+00  0.000000E+00  0.000000E+00  0.000000E+00  0.000000E+00
152  1.36363313E-02 -6.540535E+01 -6.379971E+01  7.191033E-01 -3.475811E-01  0.000000E+00  0.000000E+00  0.000000E+00  0.000000E+00  0.000000E+00  0.000000E+00
153  1.48032451E-02 -6.497756E+01 -6.343968E+01  6.513018E-01 -3.454028E-01  0.000000E+00  0.000000E+00  0.000000E+00  0.000000E+00  0.000000E+00  0.000000E+00
154  1.60639684E-02 -6.452362E+01 -6.304086E+01  5.697635E-01 -3.404780E-01  0.000000E+00  0.000000E+00  0.000000E+00  0.000000E+00  0.000000E+00  0.000000E+00
155  1.74253227E-02 -6.404254E+01 -6.260539E+01  4.741312E-01 -3.325837E-01  0.000000E+00  0.000000E+00  0.000000E+00  0.000000E+00  0.000000E+00  0.000000E+00
156  1.88945447E-02 -6.353341E+01 -6.213477E+01  3.643718E-01 -3.215303E-01  0.000000E+00  0.000000E+00  0.000000E+00  0.000000E+00  0.000000E+00  0.000000E+00
157  2.04793037E-02 -6.299539E+01 -6.163009E+01  2.408495E-01 -3.071742E-01  0.000000E+00  0.000000E+00  0.000000E+00  0.000000E+00  0.000000E+00  0.000000E+00
158  2.21877176E-02 -6.242773E+01 -6.109207E+01  1.043992E-01 -2.894298E-01  0.000000E+00  0.000000E+00  0.000000E+00  0.000000E+00  0.000000E+00  0.000000E+00
159  2.40283703E-02 -6.182981E+01 -6.052116E+01 -4.360329E-02 -2.682826E-01  0.000000E+00  0.000000E+00  0.000000E+00  0.000000E+00  0.000000E+00  0.000000E+00
160  2.60103273E-02 -6.120111E+01 -5.991767E+01 -2.011791E-01 -2.438017E-01  0.000000E+00  0.000000E+00  0.000000E+00  0.000000E+00  0.000000E+00  0.000000E+00
161  2.81431521E-02 -6.054115E+01 -5.928175E+01 -3.656987E-01 -2.161511E-01  0.000000E+00  0.000000E+00  0.000000E+00  0.000000E+00  0.000000E+00  0.000000E+00
162  3.04369210E-02 -5.984944E+01 -5.861345E+01 -5.338540E-01 -1.855992E-01  0.000000E+00  0.000000E+00  0.000000E+00  0.000000E+00  0.000000E+00  0.000000E+00
163  3.29022384E-02 -5.912547E+01 -5.791265E+01 -7.016585E-01 -1.525251E-01  0.000000E+00  0.000000E+00  0.000000E+00  0.000000E+00  0.000000E+00  0.000000E+00
164  3.55502504E-02 -5.836870E+01 -5.717917E+01 -8.644824E-01 -1.174214E-01  0.000000E+00  0.000000E+00  0.000000E+00  0.000000E+00  0.000000E+00  0.000000E+00
165  3.83926583E-02 -5.757864E+01 -5.641276E+01 -1.017127E+00 -8.089178E-02  0.000000E+00  0.000000E+00  0.000000E+00  0.000000E+00  0.000000E+00  0.000000E+00
166  4.14417311E-02 -5.675496E+01 -5.561322E+01 -1.153949E+00 -4.364322E-02  0.000000E+00  0.000000E+00  0.000000E+00  0.000000E+00  0.000000E+00  0.000000E+00
167  4.47103165E-02 -5.589759E+01 -5.478053E+01 -1.269028E+00 -6.471183E-03  0.000000E+00  0.000000E+00  0.000000E+00  0.000000E+00  0.000000E+00  0.000000E+00
168  4.82118514E-02 -5.500674E+01 -5.391492E+01 -1.356392E+00  2.976176E-02  0.000000E+00  0.000000E+00  0.000000E+00  0.000000E+00  0.000000E+00  0.000000E+00
169  5.19603709E-02 -5.408297E+01 -5.301688E+01 -1.410279E+00  6.415418E-02  0.000000E+00  0.000000E+00  0.000000E+00  0.000000E+00  0.000000E+00  0.000000E+00
170  5.59705163E-02 -5.312708E+01 -5.208717E+01 -1.425445E+00  9.580008E-02  0.000000E+00  0.000000E+00  0.000000E+00  0.000000E+00  0.000000E+00  0.000000E+00
171  6.02575411E-02 -5.214002E+01 -5.112669E+01 -1.397488E+00  1.238279E-01  0.000000E+00  0.000000E+00  0.000000E+00  0.000000E+00  0.000000E+00  0.000000E+00
172  6.48373163E-02 -5.112282E+01 -5.013644E+01 -1.323185E+00  1.474427E-01  0.000000E+00  0.000000E+00  0.000000E+00  0.000000E+00  0.000000E+00  0.000000E+00
173  6.97263340E-02 -5.007654E+01 -4.911743E+01 -1.200807E+00  1.659683E-01  0.000000E+00  0.000000E+00  0.000000E+00  0.000000E+00  0.000000E+00  0.000000E+00
174  7.49417091E-02 -4.900230E+01 -4.807073E+01 -1.030399E+00  1.788884E-01  0.000000E+00  0.000000E+00  0.000000E+00  0.000000E+00  0.000000E+00  0.000000E+00
175  8.05011798E-02 -4.790126E+01 -4.699747E+01 -8.139845E-01  1.858813E-01  0.000000E+00  0.000000E+00  0.000000E+00  0.000000E+00  0.000000E+00  0.000000E+00
176  8.64231061E-02 -4.677502E+01 -4.589918E+01 -5.556810E-01  1.868474E-01  0.000000E+00  0.000000E+00  0.000000E+00  0.000000E+00  0.000000E+00  0.000000E+00
177  9.27264671E-02 -4.562538E+01 -4.477757E+01 -2.616941E-01  1.819252E-01  0.000000E+00  0.000000E+00  0.000000E+00  0.000000E+00  0.000000E+00  0.000000E+00
178  9.94308562E-02 -4.445469E+01 -4.363489E+01  5.981999E-02  1.714937E-01  0.000000E+00  0.000000E+00  0.000000E+00  0.000000E+00  0.000000E+00  0.000000E+00
179  1.06556475E-01 -4.326541E+01 -4.247351E+01  3.990323E-01  1.561601E-01  0.000000E+00  0.000000E+00  0.000000E+00  0.000000E+00  0.000000E+00  0.000000E+00
180  1.14124124E-01 -4.205996E+01 -4.129577E+01  7.448523E-01  1.367324E-01  0.000000E+00  0.000000E+00  0.000000E+00  0.000000E+00  0.000000E+00  0.000000E+00
181  1.22155196E-01 -4.084052E+01 -4.010381E+01  1.085456E+00  1.141781E-01  0.000000E+00  0.000000E+00  0.000000E+00  0.000000E+00  0.000000E+00  0.000000E+00
182  1.30671661E-01 -3.960930E+01 -3.889979E+01  1.408897E+00  8.957216E-02  0.000000E+00  0.000000E+00  0.000000E+00  0.000000E+00  0.000000E+00  0.000000E+00
183  1.39696055E-01 -3.836869E+01 -3.768605E+01  1.703770E+00  6.403666E-02  0.000000E+00  0.000000E+00  0.000000E+00  0.000000E+00  0.000000E+00  0.000000E+00
184  1.49251467E-01 -3.712155E+01 -3.646541E+01  1.959856E+00  3.867716E-02  0.000000E+00  0.000000E+00  0.000000E+00  0.000000E+00  0.000000E+00  0.000000E+00
185  1.59361522E-01 -3.587132E+01 -3.524120E+01  2.168724E+00  1.452012E-02  0.000000E+00  0.000000E+00  0.000000E+00  0.000000E+00  0.000000E+00  0.000000E+00
186  1.70050362E-01 -3.462150E+01 -3.401689E+01  2.324210E+00 -7.542915E-03  0.000000E+00  0.000000E+00  0.000000E+00  0.000000E+00  0.000000E+00  0.000000E+00
187  1.81342630E-01 -3.337542E+01 -3.279572E+01  2.422752E+00 -2.679973E-02  0.000000E+00  0.000000E+00  0.000000E+00  0.000000E+00  0.000000E+00  0.000000E+00
188  1.93263449E-01 -3.213569E+01 -3.158030E+01  2.463538E+00 -4.274673E-02  0.000000E+00  0.000000E+00  0.000000E+00  0.000000E+00  0.000000E+00  0.000000E+00
189  2.05838402E-01 -3.090408E+01 -3.037233E+01  2.448467E+00 -5.510150E-02  0.000000E+00  0.000000E+00  0.000000E+00  0.000000E+00  0.000000E+00  0.000000E+00
190  2.19093507E-01 -2.968140E+01 -2.917261E+01  2.381917E+00 -6.379864E-02  0.000000E+00  0.000000E+00  0.000000E+00  0.000000E+00  0.000000E+00  0.000000E+00
191  2.33055201E-01 -2.846816E+01 -2.798166E+01  2.270359E+00 -6.897099E-02  0.000000E+00  0.000000E+00  0.000000E+00  0.000000E+00  0.000000E+00  0.000000E+00
192  2.47750307E-01 -2.726489E+01 -2.679996E+01  2.121842E+00 -7.091898E-02  0.000000E+00  0.000000E+00  0.000000E+00  0.000000E+00  0.000000E+00  0.000000E+00
193  2.63206019E-01 -2.607291E+01 -2.562885E+01  1.945394E+00 -7.007165E-02  0.000000E+00  0.000000E+00  0.000000E+00  0.000000E+00  0.000000E+00  0.000000E+00
194  2.79449870E-01 -2.489435E+01 -2.447042E+01  1.750402E+00 -6.694292E-02  0.000000E+00  0.000000E+00  0.000000E+00  0.000000E+00  0.000000E+00  0.000000E+00
195  2.96509710E-01 -2.373169E+01 -2.332713E+01  1.546014E+00 -6.208665E-02  0.000000E+00  0.000000E+00  0.000000E+00  0.000000E+00  0.000000E+00  0.000000E+00
196  3.14413681E-01 -2.258696E+01 -2.220100E+01  1.340617E+00 -5.605428E-02  0.000000E+00  0.000000E+00  0.000000E+00  0.000000E+00  0.000000E+00  0.000000E+00
197  3.33190188E-01 -2.146130E+01 -2.109320E+01  1.141437E+00 -4.935879E-02  0.000000E+00  0.000000E+00  0.000000E+00  0.000000E+00  0.000000E+00  0.000000E+00
198  3.52867877E-01 -2.035548E+01 -2.000453E+01  9.542681E-01 -4.244761E-02  0.000000E+00  0.000000E+00  0.000000E+00  0.000000E+00  0.000000E+00  0.000000E+00
199  3.73475605E-01 -1.927067E+01 -1.893617E+01  7.833537E-01 -3.568593E-02  0.000000E+00  0.000000E+00  0.000000E+00  0.000000E+00  0.000000E+00  0.000000E+00
200  3.95042416E-01 -1.820943E+01 -1.789069E+01  6.313921E-01 -2.934953E-02  0.000000E+00  0.000000E+00  0.000000E+00  0.000000E+00  0.000000E+00  0.000000E+00
201  4.17597515E-01 -1.717551E+01 -1.687185E+01  4.996544E-01 -2.362599E-02  0.000000E+00  0.000000E+00  0.000000E+00  0.000000E+00  0.000000E+00  0.000000E+00
202  4.41170244E-01 -1.617347E+01 -1.588422E+01  3.881850E-01 -1.862219E-02  0.000000E+00  0.000000E+00  0.000000E+00  0.000000E+00  0.000000E+00  0.000000E+00
203  4.65790054E-01 -1.520802E+01 -1.493253E+01  2.960536E-01 -1.437638E-02  0.000000E+00  0.000000E+00  0.000000E+00  0.000000E+00  0.000000E+00  0.000000E+00
204  4.91486481E-01 -1.428334E+01 -1.402097E+01  2.216273E-01 -1.087283E-02  0.000000E+00  0.000000E+00  0.000000E+00  0.000000E+00  0.000000E+00  0.000000E+00
205  5.18289124E-01 -1.340261E+01 -1.315275E+01  1.628365E-01 -8.057125E-03  0.000000E+00  0.000000E+00  0.000000E+00  0.000000E+00  0.000000E+00  0.000000E+00
206  5.46227617E-01 -1.256783E+01 -1.232987E+01  1.174097E-01 -5.850753E-03  0.000000E+00  0.000000E+00  0.000000E+00  0.000000E+00  0.000000E+00  0.000000E+00
207  5.75331612E-01 -1.177967E+01 -1.155305E+01  8.306573E-02 -4.163585E-03  0.000000E+00  0.000000E+00  0.000000E+00  0.000000E+00  0.000000E+00  0.000000E+00
208  6.05630751E-01 -1.103791E+01 -1.082206E+01  5.765555E-02 -2.903748E-03  0.000000E+00  0.000000E+00  0.000000E+00  0.000000E+00  0.000000E+00  0.000000E+00
209  6.37154647E-01 -1.034137E+01 -1.013575E+01  3.925458E-02 -1.984635E-03  0.000000E+00  0.000000E+00  0.000000E+00  0.000000E+00  0.000000E+00  0.000000E+00
210  6.69932864E-01 -9.688292E+00 -9.492398E+00  2.621148E-02 -1.329265E-03  0.000000E+00  0.000000E+00  0.000000E+00  0.000000E+00  0.000000E+00  0.000000E+00
211  7.03994894E-01 -9.076812E+00 -8.890143E+00  1.716171E-02 -8.723995E-04  0.000000E+00  0.000000E+00  0.000000E+00  0.000000E+00  0.000000E+00  0.000000E+00
212  7.39370141E-01 -8.504780E+00 -8.326863E+00  1.101559E-02 -5.609750E-04  0.000000E+00  0.000000E+00  0.000000E+00  0.000000E+00  0.000000E+00  0.000000E+00
213  7.76087899E-01 -7.970104E+00 -7.800486E+00  6.930061E-03 -3.533746E-04  0.000000E+00  0.000000E+00  0.000000E+00  0.000000E+00  0.000000E+00  0.000000E+00
214  8.14177341E-01 -7.470733E+00 -7.308980E+00  4.272173E-03 -2.180320E-04  0.000000E+00  0.000000E+00  0.000000E+00  0.000000E+00  0.000000E+00  0.000000E+00
215  8.53667493E-01 -7.004632E+00 -6.850333E+00  2.580111E-03 -1.317404E-04  0.000000E+00  0.000000E+00  0.000000E+00  0.000000E+00  0.000000E+00  0.000000E+00
216  8.94587226E-01 -6.569778E+00 -6.422541E+00  1.526150E-03 -7.793709E-05  0.000000E+00  0.000000E+00  0.000000E+00  0.000000E+00  0.000000E+00  0.000000E+00
217  9.36965239E-01 -6.164163E+00 -6.023616E+00  8.839196E-04 -4.513374E-05  0.000000E+00  0.000000E+00  0.000000E+00  0.000000E+00  0.000000E+00  0.000000E+00
218  9.80830042E-01 -5.785828E+00 -5.651619E+00  5.011521E-04 -2.557935E-05  0.000000E+00  0.000000E+00  0.000000E+00  0.000000E+00  0.000000E+00  0.000000E+00
219  1.02620995E+00 -5.432904E+00 -5.304700E+00  2.780666E-04 -1.418412E-05  0.000000E+00  0.000000E+00  0.000000E+00  0.000000E+00  0.000000E+00  0.000000E+00
220  1.07313306E+00 -5.103643E+00 -4.981127E+00  1.509487E-04 -7.693576E-06  0.000000E+00  0.000000E+00  0.000000E+00  0.000000E+00  0.000000E+00  0.000000E+00
221  1.12162725E+00 -4.796473E+00 -4.679348E+00  8.014705E-05 -4.080853E-06  0.000000E+00  0.000000E+00  0.000000E+00  0.000000E+00  0.000000E+00  0.000000E+00
222  1.17172015E+00 -4.509912E+00 -4.397896E+00  4.161004E-05 -2.116171E-06  0.000000E+00  0.000000E+00  0.000000E+00  0.000000E+00  0.000000E+00  0.000000E+00
223  1.22343919E+00 -4.242643E+00 -4.135470E+00  2.111709E-05 -1.072517E-06  0.000000E+00  0.000000E+00  0.000000E+00  0.000000E+00  0.000000E+00  0.000000E+00
224  1.27681148E+00 -3.993417E+00 -3.890836E+00  1.047289E-05 -5.311105E-07  0.000000E+00  0.000000E+00  0.000000E+00  0.000000E+00  0.000000E+00  0.000000E+00
225  1.33186393E+00 -3.761051E+00 -3.662824E+00  5.074188E-06 -2.569001E-07  0.000000E+00  0.000000E+00  0.000000E+00  0.000000E+00  0.000000E+00  0.000000E+00
226  1.38862315E+00 -3.544410E+00 -3.450314E+00  2.401059E-06 -1.213420E-07  0.000000E+00  0.000000E+00  0.000000E+00  0.000000E+00  0.000000E+00  0.000000E+00
227  1.44711548E+00 -3.342396E+00 -3.252220E+00  1.109287E-06 -5.594889E-08  0.000000E+00  0.000000E+00  0.000000E+00  0.000000E+00  0.000000E+00  0.000000E+00
228  1.50736699E+00 -3.153955E+00 -3.067500E+00  5.002154E-07 -2.517504E-08  0.000000E+00  0.000000E+00  0.000000E+00  0.000000E+00  0.000000E+00  0.000000E+00
229  1.56940344E+00 -2.978073E+00 -2.895151E+00  2.200944E-07 -1.105119E-08  0.000000E+00  0.000000E+00  0.000000E+00  0.000000E+00  0.000000E+00  0.000000E+00
230  1.63325033E+00 -2.813800E+00 -2.734234E+00  9.446387E-08 -4.731176E-09  0.000000E+00  0.000000E+00  0.000000E+00  0.000000E+00  0.000000E+00  0.000000E+00
231  1.69893283E+00 -2.660255E+00 -2.583878E+00  3.953600E-08 -1.974733E-09  0.000000E+00  0.000000E+00  0.000000E+00  0.000000E+00  0.000000E+00  0.000000E+00
232  1.76647584E+00 -2.516639E+00 -2.443293E+00  1.613077E-08 -8.033109E-10  0.000000E+00  0.000000E+00  0.000000E+00  0.000000E+00  0.000000E+00  0.000000E+00
233  1.83590395E+00 -2.382246E+00 -2.311782E+00  6.413828E-09 -3.183830E-10  0.000000E+00  0.000000E+00  0.000000E+00  0.000000E+00  0.000000E+00  0.000000E+00
234  1.90724144E+00 -2.256463E+00 -2.188742E+00  2.484527E-09 -1.229023E-10  0.000000E+00  0.000000E+00  0.000000E+00  0.000000E+00  0.000000E+00  0.000000E+00
235  1.98051228E+00 -2.138770E+00 -2.073658E+00  9.373433E-10 -4.619184E-11  0.000000E+00  0.000000E+00  0.000000E+00  0.000000E+00  0.000000E+00  0.000000E+00
236  2.05574015E+00 -2.028725E+00 -1.966097E+00  3.443071E-10 -1.887357E-11  0.000000E+00  0.000000E+00  0.000000E+00  0.000000E+00  0.000000E+00  0.000000E+00
237  2.13294840E+00 -1.925951E+00 -1.865688E+00  1.230975E-10 -1.052438E-12  0.000000E+00  0.000000E+00  0.000000E+00  0.000000E+00  0.000000E+00  0.000000E+00
