#      n =  3
#  kappa =  2
# energy = -1.61720122E+03
#zenergy =  0.00000000E+00
#     dn =  2.90846822E+00
# qrnorm =  1.00232740E+00
#SelfEne =  2.72113860E+32
#     vc = -6.51558477E+03
#     vr = -5.76549829E+03
#  ilast =  241
#    ifm =    0
#    cfm =  0.00000000E+00
#    xfm =  0.00000000E+00
#    rfn =  2.37668441E+00
#    pdx =  2.97203611E+00
#   bqp0 =  5.56407795E+04
#   bqp1 =  0.00000000E+00
#    idx = 7
# LEPTON = 0
#   MASS =  1.00000000E+00
# CHARGE =  1.00000000E+00
#  EUNIT =  2.72113860E+01
#  RUNIT =  4.13413733E+16
#  LUNIT =  5.29177211E-01
#    AMU =  1.82288849E+03
#    FSC =  7.29735257E-03


0    1.40845070E-08 -1.178053E-02  8.875546E+06  1.684273E-18  9.310550E-14  0.000000E+00  0.000000E+00  0.000000E+00  0.000000E+00  0.000000E+00  0.000000E+00
1    1.54458033E-08 -1.291915E-02  8.093335E+06  2.215637E-18  1.119707E-13  0.000000E+00  0.000000E+00  0.000000E+00  0.000000E+00  0.000000E+00  0.000000E+00
2    1.69386420E-08 -1.416778E-02  7.380075E+06  2.917401E-18  1.346622E-13  0.000000E+00  0.000000E+00  0.000000E+00  0.000000E+00  0.000000E+00  0.000000E+00
3    1.85757639E-08 -1.553710E-02  6.729675E+06  3.843739E-18  1.619504E-13  0.000000E+00  0.000000E+00  0.000000E+00  0.000000E+00  0.000000E+00  0.000000E+00
4    2.03710783E-08 -1.703873E-02  6.136605E+06  5.066121E-18  1.947685E-13  0.000000E+00  0.000000E+00  0.000000E+00  0.000000E+00  0.000000E+00  0.000000E+00
5    2.23399067E-08 -1.868550E-02  5.595802E+06  6.678833E-18  2.342350E-13  0.000000E+00  0.000000E+00  0.000000E+00  0.000000E+00  0.000000E+00  0.000000E+00
6    2.44990189E-08 -2.049142E-02  5.102660E+06  8.806241E-18  2.817002E-13  0.000000E+00  0.000000E+00  0.000000E+00  0.000000E+00  0.000000E+00  0.000000E+00
7    2.68667586E-08 -2.247184E-02  4.652986E+06  1.161237E-17  3.387834E-13  0.000000E+00  0.000000E+00  0.000000E+00  0.000000E+00  0.000000E+00  0.000000E+00
8    2.94633317E-08 -2.464366E-02  4.242940E+06  1.531357E-17  4.074303E-13  0.000000E+00  0.000000E+00  0.000000E+00  0.000000E+00  0.000000E+00  0.000000E+00
9    3.23108539E-08 -2.702537E-02  3.869030E+06  2.019518E-17  4.899890E-13  0.000000E+00  0.000000E+00  0.000000E+00  0.000000E+00  0.000000E+00  0.000000E+00
10   3.54335170E-08 -2.963723E-02  3.528078E+06  2.663349E-17  5.892801E-13  0.000000E+00  0.000000E+00  0.000000E+00  0.000000E+00  0.000000E+00  0.000000E+00
11   3.88579005E-08 -3.250144E-02  3.217179E+06  3.512480E-17  7.086806E-13  0.000000E+00  0.000000E+00  0.000000E+00  0.000000E+00  0.000000E+00  0.000000E+00
12   4.26132991E-08 -3.564252E-02  2.933671E+06  4.632368E-17  8.522774E-13  0.000000E+00  0.000000E+00  0.000000E+00  0.000000E+00  0.000000E+00  0.000000E+00
13   4.67314733E-08 -3.908704E-02  2.675157E+06  6.109324E-17  1.024977E-12  0.000000E+00  0.000000E+00  0.000000E+00  0.000000E+00  0.000000E+00  0.000000E+00
14   5.12476303E-08 -4.286443E-02  2.439424E+06  8.057195E-17  1.232650E-12  0.000000E+00  0.000000E+00  0.000000E+00  0.000000E+00  0.000000E+00  0.000000E+00
15   5.62002313E-08 -4.700687E-02  2.224464E+06  1.062611E-16  1.482417E-12  0.000000E+00  0.000000E+00  0.000000E+00  0.000000E+00  0.000000E+00  0.000000E+00
16   6.16312403E-08 -5.154947E-02  2.028454E+06  1.401406E-16  1.782778E-12  0.000000E+00  0.000000E+00  0.000000E+00  0.000000E+00  0.000000E+00  0.000000E+00
17   6.75872020E-08 -5.653114E-02  1.849713E+06  1.848217E-16  2.143989E-12  0.000000E+00  0.000000E+00  0.000000E+00  0.000000E+00  0.000000E+00  0.000000E+00
18   7.41184821E-08 -6.199401E-02  1.686728E+06  2.437475E-16  2.578399E-12  0.000000E+00  0.000000E+00  0.000000E+00  0.000000E+00  0.000000E+00  0.000000E+00
19   8.12809116E-08 -6.798480E-02  1.538105E+06  3.214595E-16  3.100797E-12  0.000000E+00  0.000000E+00  0.000000E+00  0.000000E+00  0.000000E+00  0.000000E+00
20   8.91353265E-08 -7.455437E-02  1.402580E+06  4.239462E-16  3.729026E-12  0.000000E+00  0.000000E+00  0.000000E+00  0.000000E+00  0.000000E+00  0.000000E+00
21   9.77487367E-08 -8.175877E-02  1.278998E+06  5.591057E-16  4.484547E-12  0.000000E+00  0.000000E+00  0.000000E+00  0.000000E+00  0.000000E+00  0.000000E+00
22   1.07194113E-07 -8.965905E-02  1.166308E+06  7.373519E-16  5.393130E-12  0.000000E+00  0.000000E+00  0.000000E+00  0.000000E+00  0.000000E+00  0.000000E+00
23   1.17552189E-07 -9.832272E-02  1.063548E+06  9.724206E-16  6.485723E-12  0.000000E+00  0.000000E+00  0.000000E+00  0.000000E+00  0.000000E+00  0.000000E+00
24   1.28910932E-07 -1.078234E-01  9.698439E+05  1.282423E-15  7.799694E-12  0.000000E+00  0.000000E+00  0.000000E+00  0.000000E+00  0.000000E+00  0.000000E+00
25   1.41366993E-07 -1.182418E-01  8.843975E+05  1.691246E-15  9.379827E-12  0.000000E+00  0.000000E+00  0.000000E+00  0.000000E+00  0.000000E+00  0.000000E+00
26   1.55026355E-07 -1.296667E-01  8.064811E+05  2.230385E-15  1.128004E-11  0.000000E+00  0.000000E+00  0.000000E+00  0.000000E+00  0.000000E+00  0.000000E+00
27   1.70005236E-07 -1.421953E-01  7.354308E+05  2.941376E-15  1.356515E-11  0.000000E+00  0.000000E+00  0.000000E+00  0.000000E+00  0.000000E+00  0.000000E+00
28   1.86431075E-07 -1.559342E-01  6.706415E+05  3.878993E-15  1.631309E-11  0.000000E+00  0.000000E+00  0.000000E+00  0.000000E+00  0.000000E+00  0.000000E+00
29   2.04443616E-07 -1.710001E-01  6.115614E+05  5.115463E-15  1.961775E-11  0.000000E+00  0.000000E+00  0.000000E+00  0.000000E+00  0.000000E+00  0.000000E+00
30   2.24195708E-07 -1.875211E-01  5.576882E+05  6.746026E-15  2.359161E-11  0.000000E+00  0.000000E+00  0.000000E+00  0.000000E+00  0.000000E+00  0.000000E+00
31   2.45856126E-07 -2.056382E-01  5.085611E+05  8.896287E-15  2.837027E-11  0.000000E+00  0.000000E+00  0.000000E+00  0.000000E+00  0.000000E+00  0.000000E+00
32   2.69608304E-07 -2.255048E-01  4.637636E+05  1.173185E-14  3.411694E-11  0.000000E+00  0.000000E+00  0.000000E+00  0.000000E+00  0.000000E+00  0.000000E+00
33   2.95654667E-07 -2.472904E-01  4.229133E+05  1.547110E-14  4.102744E-11  0.000000E+00  0.000000E+00  0.000000E+00  0.000000E+00  0.000000E+00  0.000000E+00
34   3.24216193E-07 -2.711796E-01  3.856629E+05  2.040199E-14  4.933709E-11  0.000000E+00  0.000000E+00  0.000000E+00  0.000000E+00  0.000000E+00  0.000000E+00
35   3.55536886E-07 -2.973766E-01  3.516939E+05  2.690426E-14  5.932973E-11  0.000000E+00  0.000000E+00  0.000000E+00  0.000000E+00  0.000000E+00  0.000000E+00
36   3.89881261E-07 -3.261026E-01  3.207189E+05  3.547853E-14  7.134643E-11  0.000000E+00  0.000000E+00  0.000000E+00  0.000000E+00  0.000000E+00  0.000000E+00
37   4.27542511E-07 -3.576028E-01  2.924728E+05  4.678502E-14  8.579515E-11  0.000000E+00  0.000000E+00  0.000000E+00  0.000000E+00  0.000000E+00  0.000000E+00
38   4.68840899E-07 -3.921450E-01  2.667152E+05  6.169421E-14  1.031707E-10  0.000000E+00  0.000000E+00  0.000000E+00  0.000000E+00  0.000000E+00  0.000000E+00
39   5.14125814E-07 -4.300215E-01  2.432277E+05  8.135374E-14  1.240644E-10  0.000000E+00  0.000000E+00  0.000000E+00  0.000000E+00  0.000000E+00  0.000000E+00
40   5.63783777E-07 -4.715555E-01  2.218092E+05  1.072770E-13  1.491871E-10  0.000000E+00  0.000000E+00  0.000000E+00  0.000000E+00  0.000000E+00  0.000000E+00
41   6.18235912E-07 -5.170992E-01  2.022780E+05  1.414593E-13  1.793971E-10  0.000000E+00  0.000000E+00  0.000000E+00  0.000000E+00  0.000000E+00  0.000000E+00
42   6.77944859E-07 -5.670395E-01  1.844676E+05  1.865313E-13  2.157225E-10  0.000000E+00  0.000000E+00  0.000000E+00  0.000000E+00  0.000000E+00  0.000000E+00
43   7.43417883E-07 -6.218005E-01  1.682263E+05  2.459615E-13  2.594029E-10  0.000000E+00  0.000000E+00  0.000000E+00  0.000000E+00  0.000000E+00  0.000000E+00
44   8.15209759E-07 -6.818461E-01  1.534163E+05  3.243225E-13  3.119233E-10  0.000000E+00  0.000000E+00  0.000000E+00  0.000000E+00  0.000000E+00  0.000000E+00
45   8.93933023E-07 -7.476885E-01  1.399107E+05  4.276438E-13  3.750732E-10  0.000000E+00  0.000000E+00  0.000000E+00  0.000000E+00  0.000000E+00  0.000000E+00
46   9.80253329E-07 -8.198841E-01  1.275952E+05  5.638731E-13  4.510098E-10  0.000000E+00  0.000000E+00  0.000000E+00  0.000000E+00  0.000000E+00  0.000000E+00
47   1.07490332E-06 -8.990456E-01  1.163648E+05  7.434889E-13  5.423122E-10  0.000000E+00  0.000000E+00  0.000000E+00  0.000000E+00  0.000000E+00  0.000000E+00
48   1.17868778E-06 -9.858455E-01  1.061239E+05  9.803056E-13  6.520887E-10  0.000000E+00  0.000000E+00  0.000000E+00  0.000000E+00  0.000000E+00  0.000000E+00
49   1.29248727E-06 -1.081020E+00  9.678516E+04  1.292534E-12  7.840811E-10  0.000000E+00  0.000000E+00  0.000000E+00  0.000000E+00  0.000000E+00  0.000000E+00
50   1.41726642E-06 -1.185375E+00  8.826928E+04  1.704180E-12  9.427858E-10  0.000000E+00  0.000000E+00  0.000000E+00  0.000000E+00  0.000000E+00  0.000000E+00
51   1.55408252E-06 -1.299794E+00  8.050382E+04  2.246888E-12  1.133596E-09  0.000000E+00  0.000000E+00  0.000000E+00  0.000000E+00  0.000000E+00  0.000000E+00
52   1.70409879E-06 -1.425248E+00  7.342252E+04  2.962373E-12  1.363006E-09  0.000000E+00  0.000000E+00  0.000000E+00  0.000000E+00  0.000000E+00  0.000000E+00
53   1.86858481E-06 -1.562798E+00  6.696524E+04  3.905618E-12  1.638830E-09  0.000000E+00  0.000000E+00  0.000000E+00  0.000000E+00  0.000000E+00  0.000000E+00
54   2.04893518E-06 -1.713608E+00  6.107702E+04  5.149097E-12  1.970449E-09  0.000000E+00  0.000000E+00  0.000000E+00  0.000000E+00  0.000000E+00  0.000000E+00
55   2.24667680E-06 -1.878953E+00  5.570778E+04  6.788329E-12  2.369130E-09  0.000000E+00  0.000000E+00  0.000000E+00  0.000000E+00  0.000000E+00  0.000000E+00
56   2.46348896E-06 -2.060232E+00  5.081174E+04  8.949217E-12  2.848434E-09  0.000000E+00  0.000000E+00  0.000000E+00  0.000000E+00  0.000000E+00  0.000000E+00
57   2.70120429E-06 -2.258975E+00  4.634735E+04  1.179768E-11  3.424674E-09  0.000000E+00  0.000000E+00  0.000000E+00  0.000000E+00  0.000000E+00  0.000000E+00
58   2.96183615E-06 -2.476857E+00  4.227659E+04  1.555237E-11  4.117414E-09  0.000000E+00  0.000000E+00  0.000000E+00  0.000000E+00  0.000000E+00  0.000000E+00
59   3.24759167E-06 -2.715716E+00  3.856484E+04  2.050145E-11  4.950196E-09  0.000000E+00  0.000000E+00  0.000000E+00  0.000000E+00  0.000000E+00  0.000000E+00
60   3.56088877E-06 -2.977564E+00  3.518053E+04  2.702461E-11  5.951325E-09  0.000000E+00  0.000000E+00  0.000000E+00  0.000000E+00  0.000000E+00  0.000000E+00
61   3.90437587E-06 -3.264600E+00  3.209488E+04  3.562215E-11  7.154784E-09  0.000000E+00  0.000000E+00  0.000000E+00  0.000000E+00  0.000000E+00  0.000000E+00
62   4.28096072E-06 -3.579235E+00  2.928164E+04  4.695325E-11  8.601426E-09  0.000000E+00  0.000000E+00  0.000000E+00  0.000000E+00  0.000000E+00  0.000000E+00
63   4.69382455E-06 -3.924105E+00  2.671690E+04  6.188629E-11  1.034038E-08  0.000000E+00  0.000000E+00  0.000000E+00  0.000000E+00  0.000000E+00  0.000000E+00
64   5.14645651E-06 -4.302092E+00  2.437886E+04  8.156522E-11  1.243061E-08  0.000000E+00  0.000000E+00  0.000000E+00  0.000000E+00  0.000000E+00  0.000000E+00
65   5.64267994E-06 -4.716348E+00  2.224764E+04  1.074968E-10  1.494301E-08  0.000000E+00  0.000000E+00  0.000000E+00  0.000000E+00  0.000000E+00  0.000000E+00
66   6.18668621E-06 -5.170318E+00  2.030512E+04  1.416656E-10  1.796275E-08  0.000000E+00  0.000000E+00  0.000000E+00  0.000000E+00  0.000000E+00  0.000000E+00
67   6.78306446E-06 -5.667761E+00  1.853481E+04  1.866848E-10  2.159216E-08  0.000000E+00  0.000000E+00  0.000000E+00  0.000000E+00  0.000000E+00  0.000000E+00
68   7.43684772E-06 -6.212780E+00  1.692167E+04  2.459952E-10  2.595414E-08  0.000000E+00  0.000000E+00  0.000000E+00  0.000000E+00  0.000000E+00  0.000000E+00
69   8.15354812E-06 -6.809847E+00  1.545200E+04  3.241262E-10  3.119636E-08  0.000000E+00  0.000000E+00  0.000000E+00  0.000000E+00  0.000000E+00  0.000000E+00
70   8.93920529E-06 -7.463830E+00  1.411334E+04  4.270395E-10  3.749614E-08  0.000000E+00  0.000000E+00  0.000000E+00  0.000000E+00  0.000000E+00  0.000000E+00
71   9.80043817E-06 -8.180023E+00  1.289434E+04  5.625795E-10  4.506641E-08  0.000000E+00  0.000000E+00  0.000000E+00  0.000000E+00  0.000000E+00  0.000000E+00
72   1.07444991E-05 -8.964176E+00  1.178467E+04  7.410658E-10  5.416293E-08  0.000000E+00  0.000000E+00  0.000000E+00  0.000000E+00  0.000000E+00  0.000000E+00
73   1.17793295E-05 -9.822511E+00  1.077495E+04  9.760694E-10  6.509270E-08  0.000000E+00  0.000000E+00  0.000000E+00  0.000000E+00  0.000000E+00  0.000000E+00
74   1.29136348E-05 -1.076176E+01  9.856670E+03  1.285431E-09  7.822425E-08  0.000000E+00  0.000000E+00  0.000000E+00  0.000000E+00  0.000000E+00  0.000000E+00
75   1.41569462E-05 -1.178916E+01  9.022100E+03  1.692594E-09  9.399996E-08  0.000000E+00  0.000000E+00  0.000000E+00  0.000000E+00  0.000000E+00  0.000000E+00
76   1.55197075E-05 -1.291250E+01  8.264256E+03  2.228347E-09  1.129505E-07  0.000000E+00  0.000000E+00  0.000000E+00  0.000000E+00  0.000000E+00  0.000000E+00
77   1.70133553E-05 -1.414009E+01  7.576839E+03  2.933104E-09  1.357127E-07  0.000000E+00  0.000000E+00  0.000000E+00  0.000000E+00  0.000000E+00  0.000000E+00
78   1.86504207E-05 -1.548074E+01  6.954218E+03  3.859871E-09  1.630499E-07  0.000000E+00  0.000000E+00  0.000000E+00  0.000000E+00  0.000000E+00  0.000000E+00
79   2.04446227E-05 -1.694375E+01  6.391260E+03  5.078113E-09  1.958778E-07  0.000000E+00  0.000000E+00  0.000000E+00  0.000000E+00  0.000000E+00  0.000000E+00
80   2.24109875E-05 -1.853882E+01  5.883520E+03  6.678773E-09  2.352932E-07  0.000000E+00  0.000000E+00  0.000000E+00  0.000000E+00  0.000000E+00  0.000000E+00
81   2.45659712E-05 -2.027593E+01  5.427284E+03  8.780765E-09  2.826104E-07  0.000000E+00  0.000000E+00  0.000000E+00  0.000000E+00  0.000000E+00  0.000000E+00
82   2.69275913E-05 -2.216516E+01  5.018870E+03  1.153935E-08  3.394026E-07  0.000000E+00  0.000000E+00  0.000000E+00  0.000000E+00  0.000000E+00  0.000000E+00
83   2.95155769E-05 -2.421648E+01  4.655748E+03  1.515689E-08  4.075522E-07  0.000000E+00  0.000000E+00  0.000000E+00  0.000000E+00  0.000000E+00  0.000000E+00
84   3.23515278E-05 -2.643933E+01  4.335897E+03  1.989658E-08  4.893104E-07  0.000000E+00  0.000000E+00  0.000000E+00  0.000000E+00  0.000000E+00  0.000000E+00
85   3.54590885E-05 -2.884216E+01  4.057607E+03  2.609985E-08  5.873662E-07  0.000000E+00  0.000000E+00  0.000000E+00  0.000000E+00  0.000000E+00  0.000000E+00
86   3.88641460E-05 -3.143171E+01  3.820346E+03  3.420824E-08  7.049297E-07  0.000000E+00  0.000000E+00  0.000000E+00  0.000000E+00  0.000000E+00  0.000000E+00
87   4.25950311E-05 -3.421206E+01  3.624447E+03  4.479056E-08  8.458289E-07  0.000000E+00  0.000000E+00  0.000000E+00  0.000000E+00  0.000000E+00  0.000000E+00
88   4.66827539E-05 -3.718335E+01  3.471129E+03  5.857612E-08  1.014623E-06  0.000000E+00  0.000000E+00  0.000000E+00  0.000000E+00  0.000000E+00  0.000000E+00
89   5.11612515E-05 -4.034008E+01  3.363171E+03  7.649454E-08  1.216736E-06  0.000000E+00  0.000000E+00  0.000000E+00  0.000000E+00  0.000000E+00  0.000000E+00
90   5.60676589E-05 -4.366875E+01  3.305270E+03  9.972211E-08  1.458613E-06  0.000000E+00  0.000000E+00  0.000000E+00  0.000000E+00  0.000000E+00  0.000000E+00
91   6.14426048E-05 -4.714482E+01  3.304220E+03  1.297334E-07  1.747899E-06  0.000000E+00  0.000000E+00  0.000000E+00  0.000000E+00  0.000000E+00  0.000000E+00
92   6.73305476E-05 -5.072868E+01  3.369675E+03  1.683548E-07  2.093654E-06  0.000000E+00  0.000000E+00  0.000000E+00  0.000000E+00  0.000000E+00  0.000000E+00
93   7.37801101E-05 -5.436047E+01  3.514640E+03  2.178132E-07  2.506608E-06  0.000000E+00  0.000000E+00  0.000000E+00  0.000000E+00  0.000000E+00  0.000000E+00
94   8.08444839E-05 -5.795353E+01  3.754473E+03  2.807669E-07  2.999454E-06  0.000000E+00  0.000000E+00  0.000000E+00  0.000000E+00  0.000000E+00  0.000000E+00
95   8.85818410E-05 -6.138718E+01  4.100158E+03  3.602980E-07  3.587235E-06  0.000000E+00  0.000000E+00  0.000000E+00  0.000000E+00  0.000000E+00  0.000000E+00
96   9.70557919E-05 -6.450115E+01  4.524009E+03  4.598371E-07  4.287768E-06  0.000000E+00  0.000000E+00  0.000000E+00  0.000000E+00  0.000000E+00  0.000000E+00
97   1.06335888E-04 -6.710130E+01  4.857000E+03  5.829844E-07  5.121875E-06  0.000000E+00  0.000000E+00  0.000000E+00  0.000000E+00  0.000000E+00  0.000000E+00
98   1.16498167E-04 -6.900239E+01  4.750119E+03  7.332386E-07  6.114137E-06  0.000000E+00  0.000000E+00  0.000000E+00  0.000000E+00  0.000000E+00  0.000000E+00
99   1.27625740E-04 -7.013925E+01  4.025015E+03  9.139242E-07  7.295839E-06  0.000000E+00  0.000000E+00  0.000000E+00  0.000000E+00  0.000000E+00  0.000000E+00
100  1.39809443E-04 -7.066706E+01  3.032300E+03  1.128872E-06  8.704778E-06  0.000000E+00  0.000000E+00  0.000000E+00  0.000000E+00  0.000000E+00  0.000000E+00
101  1.53148538E-04 -7.085775E+01  2.271314E+03  1.383417E-06  1.038212E-05  0.000000E+00  0.000000E+00  0.000000E+00  0.000000E+00  0.000000E+00  0.000000E+00
102  1.67751469E-04 -7.091153E+01  1.846331E+03  1.684938E-06  1.237703E-05  0.000000E+00  0.000000E+00  0.000000E+00  0.000000E+00  0.000000E+00  0.000000E+00
103  1.83736702E-04 -7.092048E+01  1.599612E+03  2.043124E-06  1.475141E-05  0.000000E+00  0.000000E+00  0.000000E+00  0.000000E+00  0.000000E+00  0.000000E+00
104  2.01233621E-04 -7.091667E+01  1.417322E+03  2.470084E-06  1.757833E-05  0.000000E+00  0.000000E+00  0.000000E+00  0.000000E+00  0.000000E+00  0.000000E+00
105  2.20383511E-04 -7.090932E+01  1.261348E+03  2.980556E-06  2.094325E-05  0.000000E+00  0.000000E+00  0.000000E+00  0.000000E+00  0.000000E+00  0.000000E+00
106  2.41340621E-04 -7.090062E+01  1.121533E+03  3.592357E-06  2.494747E-05  0.000000E+00  0.000000E+00  0.000000E+00  0.000000E+00  0.000000E+00  0.000000E+00
107  2.64273321E-04 -7.089098E+01  9.949151E+02  4.327037E-06  2.971126E-05  0.000000E+00  0.000000E+00  0.000000E+00  0.000000E+00  0.000000E+00  0.000000E+00
108  2.89365355E-04 -7.088039E+01  8.801391E+02  5.210718E-06  3.537734E-05  0.000000E+00  0.000000E+00  0.000000E+00  0.000000E+00  0.000000E+00  0.000000E+00
109  3.16817200E-04 -7.086877E+01  7.761826E+02  6.275119E-06  4.211489E-05  0.000000E+00  0.000000E+00  0.000000E+00  0.000000E+00  0.000000E+00  0.000000E+00
110  3.46847541E-04 -7.085603E+01  6.821310E+02  7.558836E-06  5.012433E-05  0.000000E+00  0.000000E+00  0.000000E+00  0.000000E+00  0.000000E+00  0.000000E+00
111  3.79694864E-04 -7.084207E+01  5.971467E+02  9.108909E-06  5.964297E-05  0.000000E+00  0.000000E+00  0.000000E+00  0.000000E+00  0.000000E+00  0.000000E+00
112  4.15619192E-04 -7.082677E+01  5.204620E+02  1.098276E-05  7.095164E-05  0.000000E+00  0.000000E+00  0.000000E+00  0.000000E+00  0.000000E+00  0.000000E+00
113  4.54903944E-04 -7.080999E+01  4.513737E+02  1.325061E-05  8.438245E-05  0.000000E+00  0.000000E+00  0.000000E+00  0.000000E+00  0.000000E+00  0.000000E+00
114  4.97857967E-04 -7.079161E+01  3.892361E+02  1.599842E-05  1.003279E-04  0.000000E+00  0.000000E+00  0.000000E+00  0.000000E+00  0.000000E+00  0.000000E+00
115  5.44817717E-04 -7.077148E+01  3.334560E+02  1.933163E-05  1.192517E-04  0.000000E+00  0.000000E+00  0.000000E+00  0.000000E+00  0.000000E+00  0.000000E+00
116  5.96149619E-04 -7.074942E+01  2.834875E+02  2.337973E-05  1.417008E-04  0.000000E+00  0.000000E+00  0.000000E+00  0.000000E+00  0.000000E+00  0.000000E+00
117  6.52252617E-04 -7.072526E+01  2.388273E+02  2.830194E-05  1.683207E-04  0.000000E+00  0.000000E+00  0.000000E+00  0.000000E+00  0.000000E+00  0.000000E+00
118  7.13560914E-04 -7.069881E+01  1.990107E+02  3.429439E-05  1.998715E-04  0.000000E+00  0.000000E+00  0.000000E+00  0.000000E+00  0.000000E+00  0.000000E+00
119  7.80546942E-04 -7.066985E+01  1.636079E+02  4.159891E-05  2.372484E-04  0.000000E+00  0.000000E+00  0.000000E+00  0.000000E+00  0.000000E+00  0.000000E+00
120  8.53724541E-04 -7.063816E+01  1.322209E+02  5.051410E-05  2.815039E-04  0.000000E+00  0.000000E+00  0.000000E+00  0.000000E+00  0.000000E+00  0.000000E+00
121  9.33652389E-04 -7.060348E+01  1.044807E+02  6.140914E-05  3.338749E-04  0.000000E+00  0.000000E+00  0.000000E+00  0.000000E+00  0.000000E+00  0.000000E+00
122  1.02093769E-03 -7.056555E+01  8.004505E+01  7.474092E-05  3.958126E-04  0.000000E+00  0.000000E+00  0.000000E+00  0.000000E+00  0.000000E+00  0.000000E+00
123  1.11624013E-03 -7.052407E+01  5.859603E+01  9.107557E-05  4.690183E-04  0.000000E+00  0.000000E+00  0.000000E+00  0.000000E+00  0.000000E+00  0.000000E+00
124  1.22027613E-03 -7.047871E+01  3.983878E+01  1.111152E-04  5.554836E-04  0.000000E+00  0.000000E+00  0.000000E+00  0.000000E+00  0.000000E+00  0.000000E+00
125  1.33382338E-03 -7.042915E+01  2.349988E+01  1.357313E-04  6.575363E-04  0.000000E+00  0.000000E+00  0.000000E+00  0.000000E+00  0.000000E+00  0.000000E+00
126  1.45772573E-03 -7.037500E+01  9.326127E+00  1.660065E-04  7.778942E-04  0.000000E+00  0.000000E+00  0.000000E+00  0.000000E+00  0.000000E+00  0.000000E+00
127  1.59289840E-03 -7.031586E+01 -2.916405E+00  2.032866E-04  9.197240E-04  0.000000E+00  0.000000E+00  0.000000E+00  0.000000E+00  0.000000E+00  0.000000E+00
128  1.74033353E-03 -7.025132E+01 -1.344328E+01  2.492453E-04  1.086710E-03  0.000000E+00  0.000000E+00  0.000000E+00  0.000000E+00  0.000000E+00  0.000000E+00
129  1.90110615E-03 -7.018089E+01 -2.245243E+01  3.059646E-04  1.283131E-03  0.000000E+00  0.000000E+00  0.000000E+00  0.000000E+00  0.000000E+00  0.000000E+00
130  2.07638050E-03 -7.010410E+01 -3.012491E+01  3.760354E-04  1.513944E-03  0.000000E+00  0.000000E+00  0.000000E+00  0.000000E+00  0.000000E+00  0.000000E+00
131  2.26741677E-03 -7.002042E+01 -3.662553E+01  4.626819E-04  1.784881E-03  0.000000E+00  0.000000E+00  0.000000E+00  0.000000E+00  0.000000E+00  0.000000E+00
132  2.47557828E-03 -6.992927E+01 -4.210360E+01  5.699153E-04  2.102557E-03  0.000000E+00  0.000000E+00  0.000000E+00  0.000000E+00  0.000000E+00  0.000000E+00
133  2.70233906E-03 -6.983007E+01 -4.669358E+01  7.027249E-04  2.474579E-03  0.000000E+00  0.000000E+00  0.000000E+00  0.000000E+00  0.000000E+00  0.000000E+00
134  2.94929195E-03 -6.972219E+01 -5.051592E+01  8.673134E-04  2.909679E-03  0.000000E+00  0.000000E+00  0.000000E+00  0.000000E+00  0.000000E+00  0.000000E+00
135  3.21815711E-03 -6.960495E+01 -5.367778E+01  1.071386E-03  3.417844E-03  0.000000E+00  0.000000E+00  0.000000E+00  0.000000E+00  0.000000E+00  0.000000E+00
136  3.51079106E-03 -6.947767E+01 -5.627394E+01  1.324508E-03  4.010460E-03  0.000000E+00  0.000000E+00  0.000000E+00  0.000000E+00  0.000000E+00  0.000000E+00
137  3.82919619E-03 -6.933960E+01 -5.838764E+01  1.638535E-03  4.700464E-03  0.000000E+00  0.000000E+00  0.000000E+00  0.000000E+00  0.000000E+00  0.000000E+00
138  4.17553074E-03 -6.918999E+01 -6.009153E+01  2.028148E-03  5.502493E-03  0.000000E+00  0.000000E+00  0.000000E+00  0.000000E+00  0.000000E+00  0.000000E+00
139  4.55211944E-03 -6.902805E+01 -6.144855E+01  2.511495E-03  6.433039E-03  0.000000E+00  0.000000E+00  0.000000E+00  0.000000E+00  0.000000E+00  0.000000E+00
140  4.96146447E-03 -6.885296E+01 -6.251288E+01  3.110965E-03  7.510593E-03  0.000000E+00  0.000000E+00  0.000000E+00  0.000000E+00  0.000000E+00  0.000000E+00
141  5.40625706E-03 -6.866388E+01 -6.333086E+01  3.854131E-03  8.755783E-03  0.000000E+00  0.000000E+00  0.000000E+00  0.000000E+00  0.000000E+00  0.000000E+00
142  5.88938963E-03 -6.845996E+01 -6.394180E+01  4.774860E-03  1.019148E-02  0.000000E+00  0.000000E+00  0.000000E+00  0.000000E+00  0.000000E+00  0.000000E+00
143  6.41396839E-03 -6.824032E+01 -6.437887E+01  5.914644E-03  1.184288E-02  0.000000E+00  0.000000E+00  0.000000E+00  0.000000E+00  0.000000E+00  0.000000E+00
144  6.98332646E-03 -6.800407E+01 -6.466984E+01  7.324171E-03  1.373753E-02  0.000000E+00  0.000000E+00  0.000000E+00  0.000000E+00  0.000000E+00  0.000000E+00
145  7.60103751E-03 -6.775030E+01 -6.483782E+01  9.065154E-03  1.590532E-02  0.000000E+00  0.000000E+00  0.000000E+00  0.000000E+00  0.000000E+00  0.000000E+00
146  8.27092988E-03 -6.747811E+01 -6.490189E+01  1.121246E-02  1.837836E-02  0.000000E+00  0.000000E+00  0.000000E+00  0.000000E+00  0.000000E+00  0.000000E+00
147  8.99710118E-03 -6.718657E+01 -6.487768E+01  1.385657E-02  2.119075E-02  0.000000E+00  0.000000E+00  0.000000E+00  0.000000E+00  0.000000E+00  0.000000E+00
148  9.78393329E-03 -6.687474E+01 -6.477793E+01  1.710632E-02  2.437829E-02  0.000000E+00  0.000000E+00  0.000000E+00  0.000000E+00  0.000000E+00  0.000000E+00
149  1.06361078E-02 -6.654167E+01 -6.461289E+01  2.109204E-02  2.797795E-02  0.000000E+00  0.000000E+00  0.000000E+00  0.000000E+00  0.000000E+00  0.000000E+00
150  1.15586218E-02 -6.618641E+01 -6.439076E+01  2.596894E-02  3.202725E-02  0.000000E+00  0.000000E+00  0.000000E+00  0.000000E+00  0.000000E+00  0.000000E+00
151  1.25568040E-02 -6.580796E+01 -6.411802E+01  3.192084E-02  3.656335E-02  0.000000E+00  0.000000E+00  0.000000E+00  0.000000E+00  0.000000E+00  0.000000E+00
152  1.36363313E-02 -6.540535E+01 -6.379971E+01  3.916405E-02  4.162200E-02  0.000000E+00  0.000000E+00  0.000000E+00  0.000000E+00  0.000000E+00  0.000000E+00
153  1.48032451E-02 -6.497756E+01 -6.343968E+01  4.795130E-02  4.723620E-02  0.000000E+00  0.000000E+00  0.000000E+00  0.000000E+00  0.000000E+00  0.000000E+00
154  1.60639684E-02 -6.452362E+01 -6.304086E+01  5.857569E-02  5.343455E-02  0.000000E+00  0.000000E+00  0.000000E+00  0.000000E+00  0.000000E+00  0.000000E+00
155  1.74253227E-02 -6.404254E+01 -6.260539E+01  7.137423E-02  6.023946E-02  0.000000E+00  0.000000E+00  0.000000E+00  0.000000E+00  0.000000E+00  0.000000E+00
156  1.88945447E-02 -6.353341E+01 -6.213477E+01  8.673077E-02  6.766498E-02  0.000000E+00  0.000000E+00  0.000000E+00  0.000000E+00  0.000000E+00  0.000000E+00
157  2.04793037E-02 -6.299539E+01 -6.163009E+01  1.050780E-01  7.571448E-02  0.000000E+00  0.000000E+00  0.000000E+00  0.000000E+00  0.000000E+00  0.000000E+00
158  2.21877176E-02 -6.242773E+01 -6.109207E+01  1.268978E-01  8.437809E-02  0.000000E+00  0.000000E+00  0.000000E+00  0.000000E+00  0.000000E+00  0.000000E+00
159  2.40283703E-02 -6.182981E+01 -6.052116E+01  1.527198E-01  9.363010E-02  0.000000E+00  0.000000E+00  0.000000E+00  0.000000E+00  0.000000E+00  0.000000E+00
160  2.60103273E-02 -6.120111E+01 -5.991767E+01  1.831173E-01  1.034263E-01  0.000000E+00  0.000000E+00  0.000000E+00  0.000000E+00  0.000000E+00  0.000000E+00
161  2.81431521E-02 -6.054115E+01 -5.928175E+01  2.186993E-01  1.137014E-01  0.000000E+00  0.000000E+00  0.000000E+00  0.000000E+00  0.000000E+00  0.000000E+00
162  3.04369210E-02 -5.984944E+01 -5.861345E+01  2.600993E-01  1.243670E-01  0.000000E+00  0.000000E+00  0.000000E+00  0.000000E+00  0.000000E+00  0.000000E+00
163  3.29022384E-02 -5.912547E+01 -5.791265E+01  3.079589E-01  1.353096E-01  0.000000E+00  0.000000E+00  0.000000E+00  0.000000E+00  0.000000E+00  0.000000E+00
164  3.55502504E-02 -5.836870E+01 -5.717917E+01  3.629063E-01  1.463899E-01  0.000000E+00  0.000000E+00  0.000000E+00  0.000000E+00  0.000000E+00  0.000000E+00
165  3.83926583E-02 -5.757864E+01 -5.641276E+01  4.255286E-01  1.574427E-01  0.000000E+00  0.000000E+00  0.000000E+00  0.000000E+00  0.000000E+00  0.000000E+00
166  4.14417311E-02 -5.675496E+01 -5.561322E+01  4.963394E-01  1.682778E-01  0.000000E+00  0.000000E+00  0.000000E+00  0.000000E+00  0.000000E+00  0.000000E+00
167  4.47103165E-02 -5.589759E+01 -5.478053E+01  5.757400E-01  1.786828E-01  0.000000E+00  0.000000E+00  0.000000E+00  0.000000E+00  0.000000E+00  0.000000E+00
168  4.82118514E-02 -5.500674E+01 -5.391492E+01  6.639760E-01  1.884272E-01  0.000000E+00  0.000000E+00  0.000000E+00  0.000000E+00  0.000000E+00  0.000000E+00
169  5.19603709E-02 -5.408297E+01 -5.301688E+01  7.610907E-01  1.972673E-01  0.000000E+00  0.000000E+00  0.000000E+00  0.000000E+00  0.000000E+00  0.000000E+00
170  5.59705163E-02 -5.312708E+01 -5.208717E+01  8.668765E-01  2.049544E-01  0.000000E+00  0.000000E+00  0.000000E+00  0.000000E+00  0.000000E+00  0.000000E+00
171  6.02575411E-02 -5.214002E+01 -5.112669E+01  9.808282E-01  2.112425E-01  0.000000E+00  0.000000E+00  0.000000E+00  0.000000E+00  0.000000E+00  0.000000E+00
172  6.48373163E-02 -5.112282E+01 -5.013644E+01  1.102100E+00  2.158989E-01  0.000000E+00  0.000000E+00  0.000000E+00  0.000000E+00  0.000000E+00  0.000000E+00
173  6.97263340E-02 -5.007654E+01 -4.911743E+01  1.229471E+00  2.187147E-01  0.000000E+00  0.000000E+00  0.000000E+00  0.000000E+00  0.000000E+00  0.000000E+00
174  7.49417091E-02 -4.900230E+01 -4.807073E+01  1.361324E+00  2.195163E-01  0.000000E+00  0.000000E+00  0.000000E+00  0.000000E+00  0.000000E+00  0.000000E+00
175  8.05011798E-02 -4.790126E+01 -4.699747E+01  1.495641E+00  2.181760E-01  0.000000E+00  0.000000E+00  0.000000E+00  0.000000E+00  0.000000E+00  0.000000E+00
176  8.64231061E-02 -4.677502E+01 -4.589918E+01  1.630019E+00  2.146224E-01  0.000000E+00  0.000000E+00  0.000000E+00  0.000000E+00  0.000000E+00  0.000000E+00
177  9.27264671E-02 -4.562538E+01 -4.477757E+01  1.761714E+00  2.088476E-01  0.000000E+00  0.000000E+00  0.000000E+00  0.000000E+00  0.000000E+00  0.000000E+00
178  9.94308562E-02 -4.445469E+01 -4.363489E+01  1.887703E+00  2.009125E-01  0.000000E+00  0.000000E+00  0.000000E+00  0.000000E+00  0.000000E+00  0.000000E+00
179  1.06556475E-01 -4.326541E+01 -4.247351E+01  2.004780E+00  1.909489E-01  0.000000E+00  0.000000E+00  0.000000E+00  0.000000E+00  0.000000E+00  0.000000E+00
180  1.14124124E-01 -4.205996E+01 -4.129577E+01  2.109670E+00  1.791573E-01  0.000000E+00  0.000000E+00  0.000000E+00  0.000000E+00  0.000000E+00  0.000000E+00
181  1.22155196E-01 -4.084052E+01 -4.010381E+01  2.199170E+00  1.658021E-01  0.000000E+00  0.000000E+00  0.000000E+00  0.000000E+00  0.000000E+00  0.000000E+00
182  1.30671661E-01 -3.960930E+01 -3.889979E+01  2.270292E+00  1.512023E-01  0.000000E+00  0.000000E+00  0.000000E+00  0.000000E+00  0.000000E+00  0.000000E+00
183  1.39696055E-01 -3.836869E+01 -3.768605E+01  2.320427E+00  1.357182E-01  0.000000E+00  0.000000E+00  0.000000E+00  0.000000E+00  0.000000E+00  0.000000E+00
184  1.49251467E-01 -3.712155E+01 -3.646541E+01  2.347487E+00  1.197354E-01  0.000000E+00  0.000000E+00  0.000000E+00  0.000000E+00  0.000000E+00  0.000000E+00
185  1.59361522E-01 -3.587132E+01 -3.524120E+01  2.350040E+00  1.036477E-01  0.000000E+00  0.000000E+00  0.000000E+00  0.000000E+00  0.000000E+00  0.000000E+00
186  1.70050362E-01 -3.462150E+01 -3.401689E+01  2.327415E+00  8.783744E-02  0.000000E+00  0.000000E+00  0.000000E+00  0.000000E+00  0.000000E+00  0.000000E+00
187  1.81342630E-01 -3.337542E+01 -3.279572E+01  2.279760E+00  7.265838E-02  0.000000E+00  0.000000E+00  0.000000E+00  0.000000E+00  0.000000E+00  0.000000E+00
188  1.93263449E-01 -3.213569E+01 -3.158030E+01  2.208066E+00  5.842058E-02  0.000000E+00  0.000000E+00  0.000000E+00  0.000000E+00  0.000000E+00  0.000000E+00
189  2.05838402E-01 -3.090408E+01 -3.037233E+01  2.114140E+00  4.537869E-02  0.000000E+00  0.000000E+00  0.000000E+00  0.000000E+00  0.000000E+00  0.000000E+00
190  2.19093507E-01 -2.968140E+01 -2.917261E+01  2.000528E+00  3.372402E-02  0.000000E+00  0.000000E+00  0.000000E+00  0.000000E+00  0.000000E+00  0.000000E+00
191  2.33055201E-01 -2.846816E+01 -2.798166E+01  1.870407E+00  2.358039E-02  0.000000E+00  0.000000E+00  0.000000E+00  0.000000E+00  0.000000E+00  0.000000E+00
192  2.47750307E-01 -2.726489E+01 -2.679996E+01  1.727428E+00  1.500364E-02  0.000000E+00  0.000000E+00  0.000000E+00  0.000000E+00  0.000000E+00  0.000000E+00
193  2.63206019E-01 -2.607291E+01 -2.562885E+01  1.575544E+00  7.984744E-03  0.000000E+00  0.000000E+00  0.000000E+00  0.000000E+00  0.000000E+00  0.000000E+00
194  2.79449870E-01 -2.489435E+01 -2.447042E+01  1.418808E+00  2.456399E-03  0.000000E+00  0.000000E+00  0.000000E+00  0.000000E+00  0.000000E+00  0.000000E+00
195  2.96509710E-01 -2.373169E+01 -2.332713E+01  1.261185E+00 -1.697171E-03  0.000000E+00  0.000000E+00  0.000000E+00  0.000000E+00  0.000000E+00  0.000000E+00
196  3.14413681E-01 -2.258696E+01 -2.220100E+01  1.106359E+00 -4.627944E-03  0.000000E+00  0.000000E+00  0.000000E+00  0.000000E+00  0.000000E+00  0.000000E+00
197  3.33190188E-01 -2.146130E+01 -2.109320E+01  9.575872E-01 -6.510730E-03  0.000000E+00  0.000000E+00  0.000000E+00  0.000000E+00  0.000000E+00  0.000000E+00
198  3.52867877E-01 -2.035548E+01 -2.000453E+01  8.175803E-01 -7.530294E-03  0.000000E+00  0.000000E+00  0.000000E+00  0.000000E+00  0.000000E+00  0.000000E+00
199  3.73475605E-01 -1.927067E+01 -1.893617E+01  6.884312E-01 -7.870078E-03  0.000000E+00  0.000000E+00  0.000000E+00  0.000000E+00  0.000000E+00  0.000000E+00
200  3.95042416E-01 -1.820943E+01 -1.789069E+01  5.715869E-01 -7.703043E-03  0.000000E+00  0.000000E+00  0.000000E+00  0.000000E+00  0.000000E+00  0.000000E+00
201  4.17597515E-01 -1.717551E+01 -1.687185E+01  4.678588E-01 -7.184720E-03  0.000000E+00  0.000000E+00  0.000000E+00  0.000000E+00  0.000000E+00  0.000000E+00
202  4.41170244E-01 -1.617347E+01 -1.588422E+01  3.774713E-01 -6.448439E-03  0.000000E+00  0.000000E+00  0.000000E+00  0.000000E+00  0.000000E+00  0.000000E+00
203  4.65790054E-01 -1.520802E+01 -1.493253E+01  3.001379E-01 -5.602817E-03  0.000000E+00  0.000000E+00  0.000000E+00  0.000000E+00  0.000000E+00  0.000000E+00
204  4.91486481E-01 -1.428334E+01 -1.402097E+01  2.351586E-01 -4.731369E-03  0.000000E+00  0.000000E+00  0.000000E+00  0.000000E+00  0.000000E+00  0.000000E+00
205  5.18289124E-01 -1.340261E+01 -1.315275E+01  1.815273E-01 -3.893931E-03  0.000000E+00  0.000000E+00  0.000000E+00  0.000000E+00  0.000000E+00  0.000000E+00
206  5.46227617E-01 -1.256783E+01 -1.232987E+01  1.380393E-01 -3.129438E-03  0.000000E+00  0.000000E+00  0.000000E+00  0.000000E+00  0.000000E+00  0.000000E+00
207  5.75331612E-01 -1.177967E+01 -1.155305E+01  1.033905E-01 -2.459517E-03  0.000000E+00  0.000000E+00  0.000000E+00  0.000000E+00  0.000000E+00  0.000000E+00
208  6.05630751E-01 -1.103791E+01 -1.082206E+01  7.626242E-02 -1.892374E-03  0.000000E+00  0.000000E+00  0.000000E+00  0.000000E+00  0.000000E+00  0.000000E+00
209  6.37154647E-01 -1.034137E+01 -1.013575E+01  5.538923E-02 -1.426555E-03  0.000000E+00  0.000000E+00  0.000000E+00  0.000000E+00  0.000000E+00  0.000000E+00
210  6.69932864E-01 -9.688292E+00 -9.492398E+00  3.960531E-02 -1.054281E-03  0.000000E+00  0.000000E+00  0.000000E+00  0.000000E+00  0.000000E+00  0.000000E+00
211  7.03994894E-01 -9.076812E+00 -8.890143E+00  2.787533E-02 -7.641957E-04  0.000000E+00  0.000000E+00  0.000000E+00  0.000000E+00  0.000000E+00  0.000000E+00
212  7.39370141E-01 -8.504780E+00 -8.326863E+00  1.930841E-02 -5.434674E-04  0.000000E+00  0.000000E+00  0.000000E+00  0.000000E+00  0.000000E+00  0.000000E+00
213  7.76087899E-01 -7.970104E+00 -7.800486E+00  1.315985E-02 -3.792811E-04  0.000000E+00  0.000000E+00  0.000000E+00  0.000000E+00  0.000000E+00  0.000000E+00
214  8.14177341E-01 -7.470733E+00 -7.308980E+00  8.823657E-03 -2.597961E-04  0.000000E+00  0.000000E+00  0.000000E+00  0.000000E+00  0.000000E+00  0.000000E+00
215  8.53667493E-01 -7.004632E+00 -6.850333E+00  5.819036E-03 -1.746727E-04  0.000000E+00  0.000000E+00  0.000000E+00  0.000000E+00  0.000000E+00  0.000000E+00
216  8.94587226E-01 -6.569778E+00 -6.422541E+00  3.773701E-03 -1.152799E-04  0.000000E+00  0.000000E+00  0.000000E+00  0.000000E+00  0.000000E+00  0.000000E+00
217  9.36965239E-01 -6.164163E+00 -6.023616E+00  2.406049E-03 -7.468190E-05  0.000000E+00  0.000000E+00  0.000000E+00  0.000000E+00  0.000000E+00  0.000000E+00
218  9.80830042E-01 -5.785828E+00 -5.651619E+00  1.507877E-03 -4.748876E-05  0.000000E+00  0.000000E+00  0.000000E+00  0.000000E+00  0.000000E+00  0.000000E+00
219  1.02620995E+00 -5.432904E+00 -5.304700E+00  9.286532E-04 -2.963792E-05  0.000000E+00  0.000000E+00  0.000000E+00  0.000000E+00  0.000000E+00  0.000000E+00
220  1.07313306E+00 -5.103643E+00 -4.981127E+00  5.619109E-04 -1.815274E-05  0.000000E+00  0.000000E+00  0.000000E+00  0.000000E+00  0.000000E+00  0.000000E+00
221  1.12162725E+00 -4.796473E+00 -4.679348E+00  3.339688E-04 -1.090991E-05  0.000000E+00  0.000000E+00  0.000000E+00  0.000000E+00  0.000000E+00  0.000000E+00
222  1.17172015E+00 -4.509912E+00 -4.397896E+00  1.949243E-04 -6.433150E-06  0.000000E+00  0.000000E+00  0.000000E+00  0.000000E+00  0.000000E+00  0.000000E+00
223  1.22343919E+00 -4.242643E+00 -4.135470E+00  1.116975E-04 -3.721187E-06  0.000000E+00  0.000000E+00  0.000000E+00  0.000000E+00  0.000000E+00  0.000000E+00
224  1.27681148E+00 -3.993417E+00 -3.890836E+00  6.282519E-05 -2.111161E-06  0.000000E+00  0.000000E+00  0.000000E+00  0.000000E+00  0.000000E+00  0.000000E+00
225  1.33186393E+00 -3.761051E+00 -3.662824E+00  3.467615E-05 -1.174532E-06  0.000000E+00  0.000000E+00  0.000000E+00  0.000000E+00  0.000000E+00  0.000000E+00
226  1.38862315E+00 -3.544410E+00 -3.450314E+00  1.877709E-05 -6.406627E-07  0.000000E+00  0.000000E+00  0.000000E+00  0.000000E+00  0.000000E+00  0.000000E+00
227  1.44711548E+00 -3.342396E+00 -3.252220E+00  9.972846E-06 -3.425541E-07  0.000000E+00  0.000000E+00  0.000000E+00  0.000000E+00  0.000000E+00  0.000000E+00
228  1.50736699E+00 -3.153955E+00 -3.067500E+00  5.193929E-06 -1.795041E-07  0.000000E+00  0.000000E+00  0.000000E+00  0.000000E+00  0.000000E+00  0.000000E+00
229  1.56940344E+00 -2.978073E+00 -2.895151E+00  2.651863E-06 -9.216648E-08  0.000000E+00  0.000000E+00  0.000000E+00  0.000000E+00  0.000000E+00  0.000000E+00
230  1.63325033E+00 -2.813800E+00 -2.734234E+00  1.327016E-06 -4.635857E-08  0.000000E+00  0.000000E+00  0.000000E+00  0.000000E+00  0.000000E+00  0.000000E+00
231  1.69893283E+00 -2.660255E+00 -2.583878E+00  6.506734E-07 -2.283750E-08  0.000000E+00  0.000000E+00  0.000000E+00  0.000000E+00  0.000000E+00  0.000000E+00
232  1.76647584E+00 -2.516639E+00 -2.443293E+00  3.125386E-07 -1.101614E-08  0.000000E+00  0.000000E+00  0.000000E+00  0.000000E+00  0.000000E+00  0.000000E+00
233  1.83590395E+00 -2.382246E+00 -2.311782E+00  1.470245E-07 -5.202020E-09  0.000000E+00  0.000000E+00  0.000000E+00  0.000000E+00  0.000000E+00  0.000000E+00
234  1.90724144E+00 -2.256463E+00 -2.188742E+00  6.771941E-08 -2.404221E-09  0.000000E+00  0.000000E+00  0.000000E+00  0.000000E+00  0.000000E+00  0.000000E+00
235  1.98051228E+00 -2.138770E+00 -2.073658E+00  3.053281E-08 -1.087260E-09  0.000000E+00  0.000000E+00  0.000000E+00  0.000000E+00  0.000000E+00  0.000000E+00
236  2.05574015E+00 -2.028725E+00 -1.966097E+00  1.347234E-08 -4.809994E-10  0.000000E+00  0.000000E+00  0.000000E+00  0.000000E+00  0.000000E+00  0.000000E+00
237  2.13294840E+00 -1.925951E+00 -1.865688E+00  5.816153E-09 -2.081150E-10  0.000000E+00  0.000000E+00  0.000000E+00  0.000000E+00  0.000000E+00  0.000000E+00
238  2.21216008E+00 -1.830112E+00 -1.772103E+00  2.456058E-09 -8.804485E-11  0.000000E+00  0.000000E+00  0.000000E+00  0.000000E+00  0.000000E+00  0.000000E+00
239  2.29339794E+00 -1.740893E+00 -1.685031E+00  1.014252E-09 -3.641163E-11  0.000000E+00  0.000000E+00  0.000000E+00  0.000000E+00  0.000000E+00  0.000000E+00
240  2.37668441E+00 -1.657974E+00 -1.604160E+00  4.094990E-10 -1.597069E-11  0.000000E+00  0.000000E+00  0.000000E+00  0.000000E+00  0.000000E+00  0.000000E+00
241  2.46204160E+00 -1.581013E+00 -1.529153E+00  1.616049E-10 -2.678461E-12  0.000000E+00  0.000000E+00  0.000000E+00  0.000000E+00  0.000000E+00  0.000000E+00
