#      n =  4
#  kappa = -1
# energy = -4.85352761E+02
#zenergy =  0.00000000E+00
#     dn =  3.83266332E+00
# qrnorm =  1.00085010E+00
#SelfEne =  2.72113860E+32
#     vc = -2.43084275E+03
#     vr = -3.47469957E+03
#  ilast =  261
#    ifm =    0
#    cfm =  0.00000000E+00
#    xfm =  0.00000000E+00
#    rfn =  2.04793037E-02
#    pdx =  9.99812192E-01
#   bqp0 = -2.86687516E-05
#   bqp1 =  0.00000000E+00
#    idx = 9
# LEPTON = 0
#   MASS =  1.00000000E+00
# CHARGE =  1.00000000E+00
#  EUNIT =  2.72113860E+01
#  RUNIT =  4.13413733E+16
#  LUNIT =  5.29177211E-01
#    AMU =  1.82288849E+03
#    FSC =  7.29735257E-03


0    1.40845070E-08 -1.178053E-02  8.875546E+06  2.965775E-06 -8.509765E-11  0.000000E+00  0.000000E+00  0.000000E+00  0.000000E+00  0.000000E+00  0.000000E+00
1    1.54458033E-08 -1.291915E-02  8.093335E+06  3.252367E-06 -1.023301E-10  0.000000E+00  0.000000E+00  0.000000E+00  0.000000E+00  0.000000E+00  0.000000E+00
2    1.69386420E-08 -1.416778E-02  7.380075E+06  3.566654E-06 -1.230549E-10  0.000000E+00  0.000000E+00  0.000000E+00  0.000000E+00  0.000000E+00  0.000000E+00
3    1.85757639E-08 -1.553710E-02  6.729675E+06  3.911316E-06 -1.479798E-10  0.000000E+00  0.000000E+00  0.000000E+00  0.000000E+00  0.000000E+00  0.000000E+00
4    2.03710783E-08 -1.703873E-02  6.136605E+06  4.289285E-06 -1.779554E-10  0.000000E+00  0.000000E+00  0.000000E+00  0.000000E+00  0.000000E+00  0.000000E+00
5    2.23399067E-08 -1.868550E-02  5.595802E+06  4.703782E-06 -2.140055E-10  0.000000E+00  0.000000E+00  0.000000E+00  0.000000E+00  0.000000E+00  0.000000E+00
6    2.44990189E-08 -2.049142E-02  5.102660E+06  5.158338E-06 -2.573609E-10  0.000000E+00  0.000000E+00  0.000000E+00  0.000000E+00  0.000000E+00  0.000000E+00
7    2.68667586E-08 -2.247184E-02  4.652986E+06  5.656819E-06 -3.095008E-10  0.000000E+00  0.000000E+00  0.000000E+00  0.000000E+00  0.000000E+00  0.000000E+00
8    2.94633317E-08 -2.464366E-02  4.242940E+06  6.203475E-06 -3.722061E-10  0.000000E+00  0.000000E+00  0.000000E+00  0.000000E+00  0.000000E+00  0.000000E+00
9    3.23108539E-08 -2.702537E-02  3.869030E+06  6.802960E-06 -4.476174E-10  0.000000E+00  0.000000E+00  0.000000E+00  0.000000E+00  0.000000E+00  0.000000E+00
10   3.54335170E-08 -2.963723E-02  3.528078E+06  7.460373E-06 -5.383075E-10  0.000000E+00  0.000000E+00  0.000000E+00  0.000000E+00  0.000000E+00  0.000000E+00
11   3.88579005E-08 -3.250144E-02  3.217179E+06  8.181312E-06 -6.473717E-10  0.000000E+00  0.000000E+00  0.000000E+00  0.000000E+00  0.000000E+00  0.000000E+00
12   4.26132991E-08 -3.564252E-02  2.933671E+06  8.971928E-06 -7.785374E-10  0.000000E+00  0.000000E+00  0.000000E+00  0.000000E+00  0.000000E+00  0.000000E+00
13   4.67314733E-08 -3.908704E-02  2.675157E+06  9.838930E-06 -9.362741E-10  0.000000E+00  0.000000E+00  0.000000E+00  0.000000E+00  0.000000E+00  0.000000E+00
14   5.12476303E-08 -4.286443E-02  2.439424E+06  1.078971E-05 -1.125971E-09  0.000000E+00  0.000000E+00  0.000000E+00  0.000000E+00  0.000000E+00  0.000000E+00
15   5.62002313E-08 -4.700687E-02  2.224464E+06  1.183238E-05 -1.354104E-09  0.000000E+00  0.000000E+00  0.000000E+00  0.000000E+00  0.000000E+00  0.000000E+00
16   6.16312403E-08 -5.154947E-02  2.028454E+06  1.297578E-05 -1.628449E-09  0.000000E+00  0.000000E+00  0.000000E+00  0.000000E+00  0.000000E+00  0.000000E+00
17   6.75872020E-08 -5.653114E-02  1.849713E+06  1.422967E-05 -1.958386E-09  0.000000E+00  0.000000E+00  0.000000E+00  0.000000E+00  0.000000E+00  0.000000E+00
18   7.41184821E-08 -6.199401E-02  1.686728E+06  1.560471E-05 -2.355157E-09  0.000000E+00  0.000000E+00  0.000000E+00  0.000000E+00  0.000000E+00  0.000000E+00
19   8.12809116E-08 -6.798480E-02  1.538105E+06  1.711261E-05 -2.832315E-09  0.000000E+00  0.000000E+00  0.000000E+00  0.000000E+00  0.000000E+00  0.000000E+00
20   8.91353265E-08 -7.455437E-02  1.402580E+06  1.876620E-05 -3.406136E-09  0.000000E+00  0.000000E+00  0.000000E+00  0.000000E+00  0.000000E+00  0.000000E+00
21   9.77487367E-08 -8.175877E-02  1.278998E+06  2.057956E-05 -4.096214E-09  0.000000E+00  0.000000E+00  0.000000E+00  0.000000E+00  0.000000E+00  0.000000E+00
22   1.07194113E-07 -8.965905E-02  1.166308E+06  2.256811E-05 -4.926069E-09  0.000000E+00  0.000000E+00  0.000000E+00  0.000000E+00  0.000000E+00  0.000000E+00
23   1.17552189E-07 -9.832272E-02  1.063548E+06  2.474878E-05 -5.924047E-09  0.000000E+00  0.000000E+00  0.000000E+00  0.000000E+00  0.000000E+00  0.000000E+00
24   1.28910932E-07 -1.078234E-01  9.698439E+05  2.714013E-05 -7.124184E-09  0.000000E+00  0.000000E+00  0.000000E+00  0.000000E+00  0.000000E+00  0.000000E+00
25   1.41366993E-07 -1.182418E-01  8.843975E+05  2.976250E-05 -8.567427E-09  0.000000E+00  0.000000E+00  0.000000E+00  0.000000E+00  0.000000E+00  0.000000E+00
26   1.55026355E-07 -1.296667E-01  8.064811E+05  3.263820E-05 -1.030301E-08  0.000000E+00  0.000000E+00  0.000000E+00  0.000000E+00  0.000000E+00  0.000000E+00
27   1.70005236E-07 -1.421953E-01  7.354308E+05  3.579169E-05 -1.239015E-08  0.000000E+00  0.000000E+00  0.000000E+00  0.000000E+00  0.000000E+00  0.000000E+00
28   1.86431075E-07 -1.559342E-01  6.706415E+05  3.924981E-05 -1.490005E-08  0.000000E+00  0.000000E+00  0.000000E+00  0.000000E+00  0.000000E+00  0.000000E+00
29   2.04443616E-07 -1.710001E-01  6.115614E+05  4.304198E-05 -1.791832E-08  0.000000E+00  0.000000E+00  0.000000E+00  0.000000E+00  0.000000E+00  0.000000E+00
30   2.24195708E-07 -1.875211E-01  5.576882E+05  4.720040E-05 -2.154785E-08  0.000000E+00  0.000000E+00  0.000000E+00  0.000000E+00  0.000000E+00  0.000000E+00
31   2.45856126E-07 -2.056382E-01  5.085611E+05  5.176054E-05 -2.591258E-08  0.000000E+00  0.000000E+00  0.000000E+00  0.000000E+00  0.000000E+00  0.000000E+00
32   2.69608304E-07 -2.255048E-01  4.637636E+05  5.676108E-05 -3.116122E-08  0.000000E+00  0.000000E+00  0.000000E+00  0.000000E+00  0.000000E+00  0.000000E+00
33   2.95654667E-07 -2.472904E-01  4.229133E+05  6.224460E-05 -3.747285E-08  0.000000E+00  0.000000E+00  0.000000E+00  0.000000E+00  0.000000E+00  0.000000E+00
34   3.24216193E-07 -2.711796E-01  3.856629E+05  6.825767E-05 -4.506258E-08  0.000000E+00  0.000000E+00  0.000000E+00  0.000000E+00  0.000000E+00  0.000000E+00
35   3.55536886E-07 -2.973766E-01  3.516939E+05  7.485153E-05 -5.418952E-08  0.000000E+00  0.000000E+00  0.000000E+00  0.000000E+00  0.000000E+00  0.000000E+00
36   3.89881261E-07 -3.261026E-01  3.207189E+05  8.208206E-05 -6.516435E-08  0.000000E+00  0.000000E+00  0.000000E+00  0.000000E+00  0.000000E+00  0.000000E+00
37   4.27542511E-07 -3.576028E-01  2.924728E+05  9.001085E-05 -7.836161E-08  0.000000E+00  0.000000E+00  0.000000E+00  0.000000E+00  0.000000E+00  0.000000E+00
38   4.68840899E-07 -3.921450E-01  2.667152E+05  9.870530E-05 -9.423128E-08  0.000000E+00  0.000000E+00  0.000000E+00  0.000000E+00  0.000000E+00  0.000000E+00
39   5.14125814E-07 -4.300215E-01  2.432277E+05  1.082391E-04 -1.133137E-07  0.000000E+00  0.000000E+00  0.000000E+00  0.000000E+00  0.000000E+00  0.000000E+00
40   5.63783777E-07 -4.715555E-01  2.218092E+05  1.186935E-04 -1.362598E-07  0.000000E+00  0.000000E+00  0.000000E+00  0.000000E+00  0.000000E+00  0.000000E+00
41   6.18235912E-07 -5.170992E-01  2.022780E+05  1.301572E-04 -1.638515E-07  0.000000E+00  0.000000E+00  0.000000E+00  0.000000E+00  0.000000E+00  0.000000E+00
42   6.77944859E-07 -5.670395E-01  1.844676E+05  1.427276E-04 -1.970289E-07  0.000000E+00  0.000000E+00  0.000000E+00  0.000000E+00  0.000000E+00  0.000000E+00
43   7.43417883E-07 -6.218005E-01  1.682263E+05  1.565115E-04 -2.369225E-07  0.000000E+00  0.000000E+00  0.000000E+00  0.000000E+00  0.000000E+00  0.000000E+00
44   8.15209759E-07 -6.818461E-01  1.534163E+05  1.716257E-04 -2.848905E-07  0.000000E+00  0.000000E+00  0.000000E+00  0.000000E+00  0.000000E+00  0.000000E+00
45   8.93933023E-07 -7.476885E-01  1.399107E+05  1.881989E-04 -3.425689E-07  0.000000E+00  0.000000E+00  0.000000E+00  0.000000E+00  0.000000E+00  0.000000E+00
46   9.80253329E-07 -8.198841E-01  1.275952E+05  2.063716E-04 -4.119203E-07  0.000000E+00  0.000000E+00  0.000000E+00  0.000000E+00  0.000000E+00  0.000000E+00
47   1.07490332E-06 -8.990456E-01  1.163648E+05  2.262979E-04 -4.953062E-07  0.000000E+00  0.000000E+00  0.000000E+00  0.000000E+00  0.000000E+00  0.000000E+00
48   1.17868778E-06 -9.858455E-01  1.061239E+05  2.481471E-04 -5.955671E-07  0.000000E+00  0.000000E+00  0.000000E+00  0.000000E+00  0.000000E+00  0.000000E+00
49   1.29248727E-06 -1.081020E+00  9.678516E+04  2.721045E-04 -7.161162E-07  0.000000E+00  0.000000E+00  0.000000E+00  0.000000E+00  0.000000E+00  0.000000E+00
50   1.41726642E-06 -1.185375E+00  8.826928E+04  2.983732E-04 -8.610558E-07  0.000000E+00  0.000000E+00  0.000000E+00  0.000000E+00  0.000000E+00  0.000000E+00
51   1.55408252E-06 -1.299794E+00  8.050382E+04  3.271759E-04 -1.035317E-06  0.000000E+00  0.000000E+00  0.000000E+00  0.000000E+00  0.000000E+00  0.000000E+00
52   1.70409879E-06 -1.425248E+00  7.342252E+04  3.587571E-04 -1.244833E-06  0.000000E+00  0.000000E+00  0.000000E+00  0.000000E+00  0.000000E+00  0.000000E+00
53   1.86858481E-06 -1.562798E+00  6.696524E+04  3.933841E-04 -1.496727E-06  0.000000E+00  0.000000E+00  0.000000E+00  0.000000E+00  0.000000E+00  0.000000E+00
54   2.04893518E-06 -1.713608E+00  6.107702E+04  4.313504E-04 -1.799568E-06  0.000000E+00  0.000000E+00  0.000000E+00  0.000000E+00  0.000000E+00  0.000000E+00
55   2.24667680E-06 -1.878953E+00  5.570778E+04  4.729773E-04 -2.163648E-06  0.000000E+00  0.000000E+00  0.000000E+00  0.000000E+00  0.000000E+00  0.000000E+00
56   2.46348896E-06 -2.060232E+00  5.081174E+04  5.186176E-04 -2.601351E-06  0.000000E+00  0.000000E+00  0.000000E+00  0.000000E+00  0.000000E+00  0.000000E+00
57   2.70120429E-06 -2.258975E+00  4.634735E+04  5.686572E-04 -3.127544E-06  0.000000E+00  0.000000E+00  0.000000E+00  0.000000E+00  0.000000E+00  0.000000E+00
58   2.96183615E-06 -2.476857E+00  4.227659E+04  6.235194E-04 -3.760102E-06  0.000000E+00  0.000000E+00  0.000000E+00  0.000000E+00  0.000000E+00  0.000000E+00
59   3.24759167E-06 -2.715716E+00  3.856484E+04  6.836681E-04 -4.520508E-06  0.000000E+00  0.000000E+00  0.000000E+00  0.000000E+00  0.000000E+00  0.000000E+00
60   3.56088877E-06 -2.977564E+00  3.518053E+04  7.496115E-04 -5.434573E-06  0.000000E+00  0.000000E+00  0.000000E+00  0.000000E+00  0.000000E+00  0.000000E+00
61   3.90437587E-06 -3.264600E+00  3.209488E+04  8.219062E-04 -6.533303E-06  0.000000E+00  0.000000E+00  0.000000E+00  0.000000E+00  0.000000E+00  0.000000E+00
62   4.28096072E-06 -3.579235E+00  2.928164E+04  9.011626E-04 -7.853969E-06  0.000000E+00  0.000000E+00  0.000000E+00  0.000000E+00  0.000000E+00  0.000000E+00
63   4.69382455E-06 -3.924105E+00  2.671690E+04  9.880486E-04 -9.441325E-06  0.000000E+00  0.000000E+00  0.000000E+00  0.000000E+00  0.000000E+00  0.000000E+00
64   5.14645651E-06 -4.302092E+00  2.437886E+04  1.083296E-03 -1.134914E-05  0.000000E+00  0.000000E+00  0.000000E+00  0.000000E+00  0.000000E+00  0.000000E+00
65   5.64267994E-06 -4.716348E+00  2.224764E+04  1.187707E-03 -1.364198E-05  0.000000E+00  0.000000E+00  0.000000E+00  0.000000E+00  0.000000E+00  0.000000E+00
66   6.18668621E-06 -5.170318E+00  2.030512E+04  1.302158E-03 -1.639740E-05  0.000000E+00  0.000000E+00  0.000000E+00  0.000000E+00  0.000000E+00  0.000000E+00
67   6.78306446E-06 -5.667761E+00  1.853481E+04  1.427611E-03 -1.970849E-05  0.000000E+00  0.000000E+00  0.000000E+00  0.000000E+00  0.000000E+00  0.000000E+00
68   7.43684772E-06 -6.212780E+00  1.692167E+04  1.565116E-03 -2.368702E-05  0.000000E+00  0.000000E+00  0.000000E+00  0.000000E+00  0.000000E+00  0.000000E+00
69   8.15354812E-06 -6.809847E+00  1.545200E+04  1.715825E-03 -2.846710E-05  0.000000E+00  0.000000E+00  0.000000E+00  0.000000E+00  0.000000E+00  0.000000E+00
70   8.93920529E-06 -7.463830E+00  1.411334E+04  1.880994E-03 -3.420962E-05  0.000000E+00  0.000000E+00  0.000000E+00  0.000000E+00  0.000000E+00  0.000000E+00
71   9.80043817E-06 -8.180023E+00  1.289434E+04  2.062000E-03 -4.110758E-05  0.000000E+00  0.000000E+00  0.000000E+00  0.000000E+00  0.000000E+00  0.000000E+00
72   1.07444991E-05 -8.964176E+00  1.178467E+04  2.260346E-03 -4.939233E-05  0.000000E+00  0.000000E+00  0.000000E+00  0.000000E+00  0.000000E+00  0.000000E+00
73   1.17793295E-05 -9.822511E+00  1.077495E+04  2.477672E-03 -5.934111E-05  0.000000E+00  0.000000E+00  0.000000E+00  0.000000E+00  0.000000E+00  0.000000E+00
74   1.29136348E-05 -1.076176E+01  9.856670E+03  2.715771E-03 -7.128596E-05  0.000000E+00  0.000000E+00  0.000000E+00  0.000000E+00  0.000000E+00  0.000000E+00
75   1.41569462E-05 -1.178916E+01  9.022100E+03  2.976596E-03 -8.562425E-05  0.000000E+00  0.000000E+00  0.000000E+00  0.000000E+00  0.000000E+00  0.000000E+00
76   1.55197075E-05 -1.291250E+01  8.264256E+03  3.262276E-03 -1.028312E-04  0.000000E+00  0.000000E+00  0.000000E+00  0.000000E+00  0.000000E+00  0.000000E+00
77   1.70133553E-05 -1.414009E+01  7.576839E+03  3.575125E-03 -1.234746E-04  0.000000E+00  0.000000E+00  0.000000E+00  0.000000E+00  0.000000E+00  0.000000E+00
78   1.86504207E-05 -1.548074E+01  6.954218E+03  3.917663E-03 -1.482321E-04  0.000000E+00  0.000000E+00  0.000000E+00  0.000000E+00  0.000000E+00  0.000000E+00
79   2.04446227E-05 -1.694375E+01  6.391260E+03  4.292617E-03 -1.779111E-04  0.000000E+00  0.000000E+00  0.000000E+00  0.000000E+00  0.000000E+00  0.000000E+00
80   2.24109875E-05 -1.853882E+01  5.883520E+03  4.702946E-03 -2.134724E-04  0.000000E+00  0.000000E+00  0.000000E+00  0.000000E+00  0.000000E+00  0.000000E+00
81   2.45659712E-05 -2.027593E+01  5.427284E+03  5.151842E-03 -2.560569E-04  0.000000E+00  0.000000E+00  0.000000E+00  0.000000E+00  0.000000E+00  0.000000E+00
82   2.69275913E-05 -2.216516E+01  5.018870E+03  5.642746E-03 -3.070159E-04  0.000000E+00  0.000000E+00  0.000000E+00  0.000000E+00  0.000000E+00  0.000000E+00
83   2.95155769E-05 -2.421648E+01  4.655748E+03  6.179351E-03 -3.679455E-04  0.000000E+00  0.000000E+00  0.000000E+00  0.000000E+00  0.000000E+00  0.000000E+00
84   3.23515278E-05 -2.643933E+01  4.335897E+03  6.765606E-03 -4.407240E-04  0.000000E+00  0.000000E+00  0.000000E+00  0.000000E+00  0.000000E+00  0.000000E+00
85   3.54590885E-05 -2.884216E+01  4.057607E+03  7.405715E-03 -5.275517E-04  0.000000E+00  0.000000E+00  0.000000E+00  0.000000E+00  0.000000E+00  0.000000E+00
86   3.88641460E-05 -3.143171E+01  3.820346E+03  8.104124E-03 -6.309926E-04  0.000000E+00  0.000000E+00  0.000000E+00  0.000000E+00  0.000000E+00  0.000000E+00
87   4.25950311E-05 -3.421206E+01  3.624447E+03  8.865511E-03 -7.540133E-04  0.000000E+00  0.000000E+00  0.000000E+00  0.000000E+00  0.000000E+00  0.000000E+00
88   4.66827539E-05 -3.718335E+01  3.471129E+03  9.694754E-03 -9.000167E-04  0.000000E+00  0.000000E+00  0.000000E+00  0.000000E+00  0.000000E+00  0.000000E+00
89   5.11612515E-05 -4.034008E+01  3.363171E+03  1.059689E-02 -1.072863E-03  0.000000E+00  0.000000E+00  0.000000E+00  0.000000E+00  0.000000E+00  0.000000E+00
90   5.60676589E-05 -4.366875E+01  3.305270E+03  1.157710E-02 -1.276866E-03  0.000000E+00  0.000000E+00  0.000000E+00  0.000000E+00  0.000000E+00  0.000000E+00
91   6.14426048E-05 -4.714482E+01  3.304220E+03  1.264059E-02 -1.516755E-03  0.000000E+00  0.000000E+00  0.000000E+00  0.000000E+00  0.000000E+00  0.000000E+00
92   6.73305476E-05 -5.072868E+01  3.369675E+03  1.379262E-02 -1.797575E-03  0.000000E+00  0.000000E+00  0.000000E+00  0.000000E+00  0.000000E+00  0.000000E+00
93   7.37801101E-05 -5.436047E+01  3.514640E+03  1.503841E-02 -2.124492E-03  0.000000E+00  0.000000E+00  0.000000E+00  0.000000E+00  0.000000E+00  0.000000E+00
94   8.08444839E-05 -5.795353E+01  3.754473E+03  1.638319E-02 -2.502482E-03  0.000000E+00  0.000000E+00  0.000000E+00  0.000000E+00  0.000000E+00  0.000000E+00
95   8.85818410E-05 -6.138718E+01  4.100158E+03  1.783227E-02 -2.935830E-03  0.000000E+00  0.000000E+00  0.000000E+00  0.000000E+00  0.000000E+00  0.000000E+00
96   9.70557919E-05 -6.450115E+01  4.524009E+03  1.939139E-02 -3.427418E-03  0.000000E+00  0.000000E+00  0.000000E+00  0.000000E+00  0.000000E+00  0.000000E+00
97   1.06335888E-04 -6.710130E+01  4.857000E+03  2.106693E-02 -3.977824E-03  0.000000E+00  0.000000E+00  0.000000E+00  0.000000E+00  0.000000E+00  0.000000E+00
98   1.16498167E-04 -6.900239E+01  4.750119E+03  2.286550E-02 -4.584519E-03  0.000000E+00  0.000000E+00  0.000000E+00  0.000000E+00  0.000000E+00  0.000000E+00
99   1.27625740E-04 -7.013925E+01  4.025015E+03  2.479449E-02 -5.242058E-03  0.000000E+00  0.000000E+00  0.000000E+00  0.000000E+00  0.000000E+00  0.000000E+00
100  1.39809443E-04 -7.066706E+01  3.032300E+03  2.686618E-02 -5.944329E-03  0.000000E+00  0.000000E+00  0.000000E+00  0.000000E+00  0.000000E+00  0.000000E+00
101  1.53148538E-04 -7.085775E+01  2.271314E+03  2.909502E-02 -6.687709E-03  0.000000E+00  0.000000E+00  0.000000E+00  0.000000E+00  0.000000E+00  0.000000E+00
102  1.67751469E-04 -7.091153E+01  1.846331E+03  3.149243E-02 -7.472234E-03  0.000000E+00  0.000000E+00  0.000000E+00  0.000000E+00  0.000000E+00  0.000000E+00
103  1.83736702E-04 -7.092048E+01  1.599612E+03  3.407008E-02 -8.300549E-03  0.000000E+00  0.000000E+00  0.000000E+00  0.000000E+00  0.000000E+00  0.000000E+00
104  2.01233621E-04 -7.091667E+01  1.417322E+03  3.684144E-02 -9.176633E-03  0.000000E+00  0.000000E+00  0.000000E+00  0.000000E+00  0.000000E+00  0.000000E+00
105  2.20383511E-04 -7.090932E+01  1.261348E+03  3.982102E-02 -1.010511E-02  0.000000E+00  0.000000E+00  0.000000E+00  0.000000E+00  0.000000E+00  0.000000E+00
106  2.41340621E-04 -7.090062E+01  1.121533E+03  4.302401E-02 -1.109095E-02  0.000000E+00  0.000000E+00  0.000000E+00  0.000000E+00  0.000000E+00  0.000000E+00
107  2.64273321E-04 -7.089098E+01  9.949151E+02  4.646636E-02 -1.213941E-02  0.000000E+00  0.000000E+00  0.000000E+00  0.000000E+00  0.000000E+00  0.000000E+00
108  2.89365355E-04 -7.088039E+01  8.801391E+02  5.016484E-02 -1.325600E-02  0.000000E+00  0.000000E+00  0.000000E+00  0.000000E+00  0.000000E+00  0.000000E+00
109  3.16817200E-04 -7.086877E+01  7.761826E+02  5.413701E-02 -1.444648E-02  0.000000E+00  0.000000E+00  0.000000E+00  0.000000E+00  0.000000E+00  0.000000E+00
110  3.46847541E-04 -7.085603E+01  6.821310E+02  5.840129E-02 -1.571687E-02  0.000000E+00  0.000000E+00  0.000000E+00  0.000000E+00  0.000000E+00  0.000000E+00
111  3.79694864E-04 -7.084207E+01  5.971467E+02  6.297686E-02 -1.707349E-02  0.000000E+00  0.000000E+00  0.000000E+00  0.000000E+00  0.000000E+00  0.000000E+00
112  4.15619192E-04 -7.082677E+01  5.204620E+02  6.788368E-02 -1.852292E-02  0.000000E+00  0.000000E+00  0.000000E+00  0.000000E+00  0.000000E+00  0.000000E+00
113  4.54903944E-04 -7.080999E+01  4.513737E+02  7.314239E-02 -2.007203E-02  0.000000E+00  0.000000E+00  0.000000E+00  0.000000E+00  0.000000E+00  0.000000E+00
114  4.97857967E-04 -7.079161E+01  3.892361E+02  7.877423E-02 -2.172795E-02  0.000000E+00  0.000000E+00  0.000000E+00  0.000000E+00  0.000000E+00  0.000000E+00
115  5.44817717E-04 -7.077148E+01  3.334560E+02  8.480092E-02 -2.349811E-02  0.000000E+00  0.000000E+00  0.000000E+00  0.000000E+00  0.000000E+00  0.000000E+00
116  5.96149619E-04 -7.074942E+01  2.834875E+02  9.124454E-02 -2.539016E-02  0.000000E+00  0.000000E+00  0.000000E+00  0.000000E+00  0.000000E+00  0.000000E+00
117  6.52252617E-04 -7.072526E+01  2.388273E+02  9.812728E-02 -2.741200E-02  0.000000E+00  0.000000E+00  0.000000E+00  0.000000E+00  0.000000E+00  0.000000E+00
118  7.13560914E-04 -7.069881E+01  1.990107E+02  1.054712E-01 -2.957172E-02  0.000000E+00  0.000000E+00  0.000000E+00  0.000000E+00  0.000000E+00  0.000000E+00
119  7.80546942E-04 -7.066985E+01  1.636079E+02  1.132981E-01 -3.187757E-02  0.000000E+00  0.000000E+00  0.000000E+00  0.000000E+00  0.000000E+00  0.000000E+00
120  8.53724541E-04 -7.063816E+01  1.322209E+02  1.216289E-01 -3.433791E-02  0.000000E+00  0.000000E+00  0.000000E+00  0.000000E+00  0.000000E+00  0.000000E+00
121  9.33652389E-04 -7.060348E+01  1.044807E+02  1.304834E-01 -3.696113E-02  0.000000E+00  0.000000E+00  0.000000E+00  0.000000E+00  0.000000E+00  0.000000E+00
122  1.02093769E-03 -7.056555E+01  8.004505E+01  1.398796E-01 -3.975555E-02  0.000000E+00  0.000000E+00  0.000000E+00  0.000000E+00  0.000000E+00  0.000000E+00
123  1.11624013E-03 -7.052407E+01  5.859603E+01  1.498334E-01 -4.272936E-02  0.000000E+00  0.000000E+00  0.000000E+00  0.000000E+00  0.000000E+00  0.000000E+00
124  1.22027613E-03 -7.047871E+01  3.983878E+01  1.603575E-01 -4.589046E-02  0.000000E+00  0.000000E+00  0.000000E+00  0.000000E+00  0.000000E+00  0.000000E+00
125  1.33382338E-03 -7.042915E+01  2.349988E+01  1.714609E-01 -4.924632E-02  0.000000E+00  0.000000E+00  0.000000E+00  0.000000E+00  0.000000E+00  0.000000E+00
126  1.45772573E-03 -7.037500E+01  9.326127E+00  1.831477E-01 -5.280381E-02  0.000000E+00  0.000000E+00  0.000000E+00  0.000000E+00  0.000000E+00  0.000000E+00
127  1.59289840E-03 -7.031586E+01 -2.916405E+00  1.954161E-01 -5.656898E-02  0.000000E+00  0.000000E+00  0.000000E+00  0.000000E+00  0.000000E+00  0.000000E+00
128  1.74033353E-03 -7.025132E+01 -1.344328E+01  2.082572E-01 -6.054683E-02  0.000000E+00  0.000000E+00  0.000000E+00  0.000000E+00  0.000000E+00  0.000000E+00
129  1.90110615E-03 -7.018089E+01 -2.245243E+01  2.216534E-01 -6.474100E-02  0.000000E+00  0.000000E+00  0.000000E+00  0.000000E+00  0.000000E+00  0.000000E+00
130  2.07638050E-03 -7.010410E+01 -3.012491E+01  2.355769E-01 -6.915351E-02  0.000000E+00  0.000000E+00  0.000000E+00  0.000000E+00  0.000000E+00  0.000000E+00
131  2.26741677E-03 -7.002042E+01 -3.662553E+01  2.499877E-01 -7.378435E-02  0.000000E+00  0.000000E+00  0.000000E+00  0.000000E+00  0.000000E+00  0.000000E+00
132  2.47557828E-03 -6.992927E+01 -4.210360E+01  2.648322E-01 -7.863108E-02  0.000000E+00  0.000000E+00  0.000000E+00  0.000000E+00  0.000000E+00  0.000000E+00
133  2.70233906E-03 -6.983007E+01 -4.669358E+01  2.800402E-01 -8.368838E-02  0.000000E+00  0.000000E+00  0.000000E+00  0.000000E+00  0.000000E+00  0.000000E+00
134  2.94929195E-03 -6.972219E+01 -5.051592E+01  2.955231E-01 -8.894756E-02  0.000000E+00  0.000000E+00  0.000000E+00  0.000000E+00  0.000000E+00  0.000000E+00
135  3.21815711E-03 -6.960495E+01 -5.367778E+01  3.111712E-01 -9.439598E-02  0.000000E+00  0.000000E+00  0.000000E+00  0.000000E+00  0.000000E+00  0.000000E+00
136  3.51079106E-03 -6.947767E+01 -5.627394E+01  3.268513E-01 -1.000165E-01  0.000000E+00  0.000000E+00  0.000000E+00  0.000000E+00  0.000000E+00  0.000000E+00
137  3.82919619E-03 -6.933960E+01 -5.838764E+01  3.424036E-01 -1.057868E-01  0.000000E+00  0.000000E+00  0.000000E+00  0.000000E+00  0.000000E+00  0.000000E+00
138  4.17553074E-03 -6.918999E+01 -6.009153E+01  3.576391E-01 -1.116787E-01  0.000000E+00  0.000000E+00  0.000000E+00  0.000000E+00  0.000000E+00  0.000000E+00
139  4.55211944E-03 -6.902805E+01 -6.144855E+01  3.723375E-01 -1.176577E-01  0.000000E+00  0.000000E+00  0.000000E+00  0.000000E+00  0.000000E+00  0.000000E+00
140  4.96146447E-03 -6.885296E+01 -6.251288E+01  3.862439E-01 -1.236818E-01  0.000000E+00  0.000000E+00  0.000000E+00  0.000000E+00  0.000000E+00  0.000000E+00
141  5.40625706E-03 -6.866388E+01 -6.333086E+01  3.990674E-01 -1.297013E-01  0.000000E+00  0.000000E+00  0.000000E+00  0.000000E+00  0.000000E+00  0.000000E+00
142  5.88938963E-03 -6.845996E+01 -6.394180E+01  4.104793E-01 -1.356582E-01  0.000000E+00  0.000000E+00  0.000000E+00  0.000000E+00  0.000000E+00  0.000000E+00
143  6.41396839E-03 -6.824032E+01 -6.437887E+01  4.201124E-01 -1.414851E-01  0.000000E+00  0.000000E+00  0.000000E+00  0.000000E+00  0.000000E+00  0.000000E+00
144  6.98332646E-03 -6.800407E+01 -6.466984E+01  4.275613E-01 -1.471054E-01  0.000000E+00  0.000000E+00  0.000000E+00  0.000000E+00  0.000000E+00  0.000000E+00
145  7.60103751E-03 -6.775030E+01 -6.483782E+01  4.323841E-01 -1.524328E-01  0.000000E+00  0.000000E+00  0.000000E+00  0.000000E+00  0.000000E+00  0.000000E+00
146  8.27092988E-03 -6.747811E+01 -6.490189E+01  4.341052E-01 -1.573710E-01  0.000000E+00  0.000000E+00  0.000000E+00  0.000000E+00  0.000000E+00  0.000000E+00
147  8.99710118E-03 -6.718657E+01 -6.487768E+01  4.322213E-01 -1.618208E-01  0.000000E+00  0.000000E+00  0.000000E+00  0.000000E+00  0.000000E+00  0.000000E+00
148  9.78393329E-03 -6.687474E+01 -6.477793E+01  4.262090E-01 -1.656624E-01  0.000000E+00  0.000000E+00  0.000000E+00  0.000000E+00  0.000000E+00  0.000000E+00
149  1.06361078E-02 -6.654167E+01 -6.461289E+01  4.155350E-01 -1.687733E-01  0.000000E+00  0.000000E+00  0.000000E+00  0.000000E+00  0.000000E+00  0.000000E+00
150  1.15586218E-02 -6.618641E+01 -6.439076E+01  3.996709E-01 -1.710248E-01  0.000000E+00  0.000000E+00  0.000000E+00  0.000000E+00  0.000000E+00  0.000000E+00
151  1.25568040E-02 -6.580796E+01 -6.411802E+01  3.781100E-01 -1.722836E-01  0.000000E+00  0.000000E+00  0.000000E+00  0.000000E+00  0.000000E+00  0.000000E+00
152  1.36363313E-02 -6.540535E+01 -6.379971E+01  3.503896E-01 -1.724150E-01  0.000000E+00  0.000000E+00  0.000000E+00  0.000000E+00  0.000000E+00  0.000000E+00
153  1.48032451E-02 -6.497756E+01 -6.343968E+01  3.161156E-01 -1.712860E-01  0.000000E+00  0.000000E+00  0.000000E+00  0.000000E+00  0.000000E+00  0.000000E+00
154  1.60639684E-02 -6.452362E+01 -6.304086E+01  2.749928E-01 -1.687694E-01  0.000000E+00  0.000000E+00  0.000000E+00  0.000000E+00  0.000000E+00  0.000000E+00
155  1.74253227E-02 -6.404254E+01 -6.260539E+01  2.268577E-01 -1.647490E-01  0.000000E+00  0.000000E+00  0.000000E+00  0.000000E+00  0.000000E+00  0.000000E+00
156  1.88945447E-02 -6.353341E+01 -6.213477E+01  1.717148E-01 -1.591245E-01  0.000000E+00  0.000000E+00  0.000000E+00  0.000000E+00  0.000000E+00  0.000000E+00
157  2.04793037E-02 -6.299539E+01 -6.163009E+01  1.097745E-01 -1.518183E-01  0.000000E+00  0.000000E+00  0.000000E+00  0.000000E+00  0.000000E+00  0.000000E+00
158  2.21877176E-02 -6.242773E+01 -6.109207E+01  4.149233E-02 -1.427818E-01  0.000000E+00  0.000000E+00  0.000000E+00  0.000000E+00  0.000000E+00  0.000000E+00
159  2.40283703E-02 -6.182981E+01 -6.052116E+01 -3.239437E-02 -1.320019E-01  0.000000E+00  0.000000E+00  0.000000E+00  0.000000E+00  0.000000E+00  0.000000E+00
160  2.60103273E-02 -6.120111E+01 -5.991767E+01 -1.108332E-01 -1.195082E-01  0.000000E+00  0.000000E+00  0.000000E+00  0.000000E+00  0.000000E+00  0.000000E+00
161  2.81431521E-02 -6.054115E+01 -5.928175E+01 -1.924308E-01 -1.053793E-01  0.000000E+00  0.000000E+00  0.000000E+00  0.000000E+00  0.000000E+00  0.000000E+00
162  3.04369210E-02 -5.984944E+01 -5.861345E+01 -2.754375E-01 -8.974761E-02  0.000000E+00  0.000000E+00  0.000000E+00  0.000000E+00  0.000000E+00  0.000000E+00
163  3.29022384E-02 -5.912547E+01 -5.791265E+01 -3.577464E-01 -7.280433E-02  0.000000E+00  0.000000E+00  0.000000E+00  0.000000E+00  0.000000E+00  0.000000E+00
164  3.55502504E-02 -5.836870E+01 -5.717917E+01 -4.369113E-01 -5.480119E-02  0.000000E+00  0.000000E+00  0.000000E+00  0.000000E+00  0.000000E+00  0.000000E+00
165  3.83926583E-02 -5.757864E+01 -5.641276E+01 -5.101867E-01 -3.605053E-02  0.000000E+00  0.000000E+00  0.000000E+00  0.000000E+00  0.000000E+00  0.000000E+00
166  4.14417311E-02 -5.675496E+01 -5.561322E+01 -5.745934E-01 -1.692224E-02  0.000000E+00  0.000000E+00  0.000000E+00  0.000000E+00  0.000000E+00  0.000000E+00
167  4.47103165E-02 -5.589759E+01 -5.478053E+01 -6.270125E-01  2.162679E-03  0.000000E+00  0.000000E+00  0.000000E+00  0.000000E+00  0.000000E+00  0.000000E+00
168  4.82118514E-02 -5.500674E+01 -5.391492E+01 -6.643075E-01  2.074227E-02  0.000000E+00  0.000000E+00  0.000000E+00  0.000000E+00  0.000000E+00  0.000000E+00
169  5.19603709E-02 -5.408297E+01 -5.301688E+01 -6.834740E-01  3.832749E-02  0.000000E+00  0.000000E+00  0.000000E+00  0.000000E+00  0.000000E+00  0.000000E+00
170  5.59705163E-02 -5.312708E+01 -5.208717E+01 -6.818138E-01  5.441972E-02  0.000000E+00  0.000000E+00  0.000000E+00  0.000000E+00  0.000000E+00  0.000000E+00
171  6.02575411E-02 -5.214002E+01 -5.112669E+01 -6.571249E-01  6.853127E-02  0.000000E+00  0.000000E+00  0.000000E+00  0.000000E+00  0.000000E+00  0.000000E+00
172  6.48373163E-02 -5.112282E+01 -5.013644E+01 -6.079011E-01  8.020819E-02  0.000000E+00  0.000000E+00  0.000000E+00  0.000000E+00  0.000000E+00  0.000000E+00
173  6.97263340E-02 -5.007654E+01 -4.911743E+01 -5.335258E-01  8.905429E-02  0.000000E+00  0.000000E+00  0.000000E+00  0.000000E+00  0.000000E+00  0.000000E+00
174  7.49417091E-02 -4.900230E+01 -4.807073E+01 -4.344480E-01  9.475497E-02  0.000000E+00  0.000000E+00  0.000000E+00  0.000000E+00  0.000000E+00  0.000000E+00
175  8.05011798E-02 -4.790126E+01 -4.699747E+01 -3.123223E-01  9.709934E-02  0.000000E+00  0.000000E+00  0.000000E+00  0.000000E+00  0.000000E+00  0.000000E+00
176  8.64231061E-02 -4.677502E+01 -4.589918E+01 -1.700973E-01  9.599887E-02  0.000000E+00  0.000000E+00  0.000000E+00  0.000000E+00  0.000000E+00  0.000000E+00
177  9.27264671E-02 -4.562538E+01 -4.477757E+01 -1.203514E-02  9.150083E-02  0.000000E+00  0.000000E+00  0.000000E+00  0.000000E+00  0.000000E+00  0.000000E+00
178  9.94308562E-02 -4.445469E+01 -4.363489E+01  1.563497E-01  8.379483E-02  0.000000E+00  0.000000E+00  0.000000E+00  0.000000E+00  0.000000E+00  0.000000E+00
179  1.06556475E-01 -4.326541E+01 -4.247351E+01  3.284415E-01  7.321136E-02  0.000000E+00  0.000000E+00  0.000000E+00  0.000000E+00  0.000000E+00  0.000000E+00
180  1.14124124E-01 -4.205996E+01 -4.129577E+01  4.967655E-01  6.021157E-02  0.000000E+00  0.000000E+00  0.000000E+00  0.000000E+00  0.000000E+00  0.000000E+00
181  1.22155196E-01 -4.084052E+01 -4.010381E+01  6.533179E-01  4.536858E-02  0.000000E+00  0.000000E+00  0.000000E+00  0.000000E+00  0.000000E+00  0.000000E+00
182  1.30671661E-01 -3.960930E+01 -3.889979E+01  7.899678E-01  2.934081E-02  0.000000E+00  0.000000E+00  0.000000E+00  0.000000E+00  0.000000E+00  0.000000E+00
183  1.39696055E-01 -3.836869E+01 -3.768605E+01  8.989116E-01  1.283875E-02  0.000000E+00  0.000000E+00  0.000000E+00  0.000000E+00  0.000000E+00  0.000000E+00
184  1.49251467E-01 -3.712155E+01 -3.646541E+01  9.731499E-01 -3.412996E-03  0.000000E+00  0.000000E+00  0.000000E+00  0.000000E+00  0.000000E+00  0.000000E+00
185  1.59361522E-01 -3.587132E+01 -3.524120E+01  1.006952E+00 -1.871569E-02  0.000000E+00  0.000000E+00  0.000000E+00  0.000000E+00  0.000000E+00  0.000000E+00
186  1.70050362E-01 -3.462150E+01 -3.401689E+01  9.962735E-01 -3.243540E-02  0.000000E+00  0.000000E+00  0.000000E+00  0.000000E+00  0.000000E+00  0.000000E+00
187  1.81342630E-01 -3.337542E+01 -3.279572E+01  9.390833E-01 -4.403769E-02  0.000000E+00  0.000000E+00  0.000000E+00  0.000000E+00  0.000000E+00  0.000000E+00
188  1.93263449E-01 -3.213569E+01 -3.158030E+01  8.355833E-01 -5.311545E-02  0.000000E+00  0.000000E+00  0.000000E+00  0.000000E+00  0.000000E+00  0.000000E+00
189  2.05838402E-01 -3.090408E+01 -3.037233E+01  6.882852E-01 -5.940794E-02  0.000000E+00  0.000000E+00  0.000000E+00  0.000000E+00  0.000000E+00  0.000000E+00
190  2.19093507E-01 -2.968140E+01 -2.917261E+01  5.019395E-01 -6.280993E-02  0.000000E+00  0.000000E+00  0.000000E+00  0.000000E+00  0.000000E+00  0.000000E+00
191  2.33055201E-01 -2.846816E+01 -2.798166E+01  2.833131E-01 -6.337079E-02  0.000000E+00  0.000000E+00  0.000000E+00  0.000000E+00  0.000000E+00  0.000000E+00
192  2.47750307E-01 -2.726489E+01 -2.679996E+01  4.082606E-02 -6.128374E-02  0.000000E+00  0.000000E+00  0.000000E+00  0.000000E+00  0.000000E+00  0.000000E+00
193  2.63206019E-01 -2.607291E+01 -2.562885E+01 -2.159278E-01 -5.686613E-02  0.000000E+00  0.000000E+00  0.000000E+00  0.000000E+00  0.000000E+00  0.000000E+00
194  2.79449870E-01 -2.489435E+01 -2.447042E+01 -4.767429E-01 -5.053215E-02  0.000000E+00  0.000000E+00  0.000000E+00  0.000000E+00  0.000000E+00  0.000000E+00
195  2.96509710E-01 -2.373169E+01 -2.332713E+01 -7.314010E-01 -4.276036E-02  0.000000E+00  0.000000E+00  0.000000E+00  0.000000E+00  0.000000E+00  0.000000E+00
196  3.14413681E-01 -2.258696E+01 -2.220100E+01 -9.702584E-01 -3.405898E-02  0.000000E+00  0.000000E+00  0.000000E+00  0.000000E+00  0.000000E+00  0.000000E+00
197  3.33190188E-01 -2.146130E+01 -2.109320E+01 -1.184779E+00 -2.493248E-02  0.000000E+00  0.000000E+00  0.000000E+00  0.000000E+00  0.000000E+00  0.000000E+00
198  3.52867877E-01 -2.035548E+01 -2.000453E+01 -1.367972E+00 -1.585161E-02  0.000000E+00  0.000000E+00  0.000000E+00  0.000000E+00  0.000000E+00  0.000000E+00
199  3.73475605E-01 -1.927067E+01 -1.893617E+01 -1.514711E+00 -7.228786E-03  0.000000E+00  0.000000E+00  0.000000E+00  0.000000E+00  0.000000E+00  0.000000E+00
200  3.95042416E-01 -1.820943E+01 -1.789069E+01 -1.621907E+00  6.005697E-04  0.000000E+00  0.000000E+00  0.000000E+00  0.000000E+00  0.000000E+00  0.000000E+00
201  4.17597515E-01 -1.717551E+01 -1.687185E+01 -1.688535E+00  7.389577E-03  0.000000E+00  0.000000E+00  0.000000E+00  0.000000E+00  0.000000E+00  0.000000E+00
202  4.41170244E-01 -1.617347E+01 -1.588422E+01 -1.715512E+00  1.298375E-02  0.000000E+00  0.000000E+00  0.000000E+00  0.000000E+00  0.000000E+00  0.000000E+00
203  4.65790054E-01 -1.520802E+01 -1.493253E+01 -1.705452E+00  1.731743E-02  0.000000E+00  0.000000E+00  0.000000E+00  0.000000E+00  0.000000E+00  0.000000E+00
204  4.91486481E-01 -1.428334E+01 -1.402097E+01 -1.662335E+00  2.040388E-02  0.000000E+00  0.000000E+00  0.000000E+00  0.000000E+00  0.000000E+00  0.000000E+00
205  5.18289124E-01 -1.340261E+01 -1.315275E+01 -1.591120E+00  2.232079E-02  0.000000E+00  0.000000E+00  0.000000E+00  0.000000E+00  0.000000E+00  0.000000E+00
206  5.46227617E-01 -1.256783E+01 -1.232987E+01 -1.497348E+00  2.319353E-02  0.000000E+00  0.000000E+00  0.000000E+00  0.000000E+00  0.000000E+00  0.000000E+00
207  5.75331612E-01 -1.177967E+01 -1.155305E+01 -1.386767E+00  2.317800E-02  0.000000E+00  0.000000E+00  0.000000E+00  0.000000E+00  0.000000E+00  0.000000E+00
208  6.05630751E-01 -1.103791E+01 -1.082206E+01 -1.264999E+00  2.244484E-02  0.000000E+00  0.000000E+00  0.000000E+00  0.000000E+00  0.000000E+00  0.000000E+00
209  6.37154647E-01 -1.034137E+01 -1.013575E+01 -1.137275E+00  2.116608E-02  0.000000E+00  0.000000E+00  0.000000E+00  0.000000E+00  0.000000E+00  0.000000E+00
210  6.69932864E-01 -9.688292E+00 -9.492398E+00 -1.008238E+00  1.950461E-02  0.000000E+00  0.000000E+00  0.000000E+00  0.000000E+00  0.000000E+00  0.000000E+00
211  7.03994894E-01 -9.076812E+00 -8.890143E+00 -8.818108E-01  1.760685E-02  0.000000E+00  0.000000E+00  0.000000E+00  0.000000E+00  0.000000E+00  0.000000E+00
212  7.39370141E-01 -8.504780E+00 -8.326863E+00 -7.611368E-01  1.559815E-02  0.000000E+00  0.000000E+00  0.000000E+00  0.000000E+00  0.000000E+00  0.000000E+00
213  7.76087899E-01 -7.970104E+00 -7.800486E+00 -6.485714E-01  1.358066E-02  0.000000E+00  0.000000E+00  0.000000E+00  0.000000E+00  0.000000E+00  0.000000E+00
214  8.14177341E-01 -7.470733E+00 -7.308980E+00 -5.457211E-01  1.163320E-02  0.000000E+00  0.000000E+00  0.000000E+00  0.000000E+00  0.000000E+00  0.000000E+00
215  8.53667493E-01 -7.004632E+00 -6.850333E+00 -4.535155E-01  9.812544E-03  0.000000E+00  0.000000E+00  0.000000E+00  0.000000E+00  0.000000E+00  0.000000E+00
216  8.94587226E-01 -6.569778E+00 -6.422541E+00 -3.723023E-01  8.155789E-03  0.000000E+00  0.000000E+00  0.000000E+00  0.000000E+00  0.000000E+00  0.000000E+00
217  9.36965239E-01 -6.164163E+00 -6.023616E+00 -3.019543E-01  6.683306E-03  0.000000E+00  0.000000E+00  0.000000E+00  0.000000E+00  0.000000E+00  0.000000E+00
218  9.80830042E-01 -5.785828E+00 -5.651619E+00 -2.419776E-01  5.401941E-03  0.000000E+00  0.000000E+00  0.000000E+00  0.000000E+00  0.000000E+00  0.000000E+00
219  1.02620995E+00 -5.432904E+00 -5.304700E+00 -1.916167E-01  4.308202E-03  0.000000E+00  0.000000E+00  0.000000E+00  0.000000E+00  0.000000E+00  0.000000E+00
220  1.07313306E+00 -5.103643E+00 -4.981127E+00 -1.499486E-01  3.391204E-03  0.000000E+00  0.000000E+00  0.000000E+00  0.000000E+00  0.000000E+00  0.000000E+00
221  1.12162725E+00 -4.796473E+00 -4.679348E+00 -1.159633E-01  2.635254E-03  0.000000E+00  0.000000E+00  0.000000E+00  0.000000E+00  0.000000E+00  0.000000E+00
222  1.17172015E+00 -4.509912E+00 -4.397896E+00 -8.862946E-02  2.021994E-03  0.000000E+00  0.000000E+00  0.000000E+00  0.000000E+00  0.000000E+00  0.000000E+00
223  1.22343919E+00 -4.242643E+00 -4.135470E+00 -6.694530E-02  1.532102E-03  0.000000E+00  0.000000E+00  0.000000E+00  0.000000E+00  0.000000E+00  0.000000E+00
224  1.27681148E+00 -3.993417E+00 -3.890836E+00 -4.997413E-02  1.146551E-03  0.000000E+00  0.000000E+00  0.000000E+00  0.000000E+00  0.000000E+00  0.000000E+00
225  1.33186393E+00 -3.761051E+00 -3.662824E+00 -3.686782E-02  8.474831E-04  0.000000E+00  0.000000E+00  0.000000E+00  0.000000E+00  0.000000E+00  0.000000E+00
226  1.38862315E+00 -3.544410E+00 -3.450314E+00 -2.687917E-02  6.187653E-04  0.000000E+00  0.000000E+00  0.000000E+00  0.000000E+00  0.000000E+00  0.000000E+00
227  1.44711548E+00 -3.342396E+00 -3.252220E+00 -1.936581E-02  4.462655E-04  0.000000E+00  0.000000E+00  0.000000E+00  0.000000E+00  0.000000E+00  0.000000E+00
228  1.50736699E+00 -3.153955E+00 -3.067500E+00 -1.378758E-02  3.179367E-04  0.000000E+00  0.000000E+00  0.000000E+00  0.000000E+00  0.000000E+00  0.000000E+00
229  1.56940344E+00 -2.978073E+00 -2.895151E+00 -9.699539E-03  2.237526E-04  0.000000E+00  0.000000E+00  0.000000E+00  0.000000E+00  0.000000E+00  0.000000E+00
230  1.63325033E+00 -2.813800E+00 -2.734234E+00 -6.742168E-03  1.555500E-04  0.000000E+00  0.000000E+00  0.000000E+00  0.000000E+00  0.000000E+00  0.000000E+00
231  1.69893283E+00 -2.660255E+00 -2.583878E+00 -4.630265E-03  1.068157E-04  0.000000E+00  0.000000E+00  0.000000E+00  0.000000E+00  0.000000E+00  0.000000E+00
232  1.76647584E+00 -2.516639E+00 -2.443293E+00 -3.141521E-03  7.245145E-05  0.000000E+00  0.000000E+00  0.000000E+00  0.000000E+00  0.000000E+00  0.000000E+00
233  1.83590395E+00 -2.382246E+00 -2.311782E+00 -2.105571E-03  4.853845E-05  0.000000E+00  0.000000E+00  0.000000E+00  0.000000E+00  0.000000E+00  0.000000E+00
234  1.90724144E+00 -2.256463E+00 -2.188742E+00 -1.393999E-03  3.211647E-05  0.000000E+00  0.000000E+00  0.000000E+00  0.000000E+00  0.000000E+00  0.000000E+00
235  1.98051228E+00 -2.138770E+00 -2.073658E+00 -9.115542E-04  2.098681E-05  0.000000E+00  0.000000E+00  0.000000E+00  0.000000E+00  0.000000E+00  0.000000E+00
236  2.05574015E+00 -2.028725E+00 -1.966097E+00 -5.887007E-04  1.354294E-05  0.000000E+00  0.000000E+00  0.000000E+00  0.000000E+00  0.000000E+00  0.000000E+00
237  2.13294840E+00 -1.925951E+00 -1.865688E+00 -3.754585E-04  8.629726E-06  0.000000E+00  0.000000E+00  0.000000E+00  0.000000E+00  0.000000E+00  0.000000E+00
238  2.21216008E+00 -1.830112E+00 -1.772103E+00 -2.364545E-04  5.429578E-06  0.000000E+00  0.000000E+00  0.000000E+00  0.000000E+00  0.000000E+00  0.000000E+00
239  2.29339794E+00 -1.740893E+00 -1.685031E+00 -1.470325E-04  3.372771E-06  0.000000E+00  0.000000E+00  0.000000E+00  0.000000E+00  0.000000E+00  0.000000E+00
240  2.37668441E+00 -1.657974E+00 -1.604160E+00 -9.026541E-05  2.068352E-06  0.000000E+00  0.000000E+00  0.000000E+00  0.000000E+00  0.000000E+00  0.000000E+00
241  2.46204160E+00 -1.581013E+00 -1.529153E+00 -5.470581E-05  1.252110E-06  0.000000E+00  0.000000E+00  0.000000E+00  0.000000E+00  0.000000E+00  0.000000E+00
242  2.54949133E+00 -1.510614E+00 -1.460618E+00 -3.272750E-05  7.481762E-07  0.000000E+00  0.000000E+00  0.000000E+00  0.000000E+00  0.000000E+00  0.000000E+00
243  2.63905511E+00 -1.447346E+00 -1.399129E+00 -1.932516E-05  4.412398E-07  0.000000E+00  0.000000E+00  0.000000E+00  0.000000E+00  0.000000E+00  0.000000E+00
244  2.73075413E+00 -1.390683E+00 -1.344164E+00 -1.126231E-05  2.568159E-07  0.000000E+00  0.000000E+00  0.000000E+00  0.000000E+00  0.000000E+00  0.000000E+00
245  2.82460929E+00 -1.340113E+00 -1.295216E+00 -6.477211E-06  1.475063E-07  0.000000E+00  0.000000E+00  0.000000E+00  0.000000E+00  0.000000E+00  0.000000E+00
246  2.92064119E+00 -1.295138E+00 -1.251791E+00 -3.675921E-06  8.359971E-08  0.000000E+00  0.000000E+00  0.000000E+00  0.000000E+00  0.000000E+00  0.000000E+00
247  3.01887011E+00 -1.255280E+00 -1.213416E+00 -2.058366E-06  4.674844E-08  0.000000E+00  0.000000E+00  0.000000E+00  0.000000E+00  0.000000E+00  0.000000E+00
248  3.11931605E+00 -1.220084E+00 -1.179637E+00 -1.137148E-06  2.579047E-08  0.000000E+00  0.000000E+00  0.000000E+00  0.000000E+00  0.000000E+00  0.000000E+00
249  3.22199870E+00 -1.189114E+00 -1.150023E+00 -6.197393E-07  1.403595E-08  0.000000E+00  0.000000E+00  0.000000E+00  0.000000E+00  0.000000E+00  0.000000E+00
250  3.32693748E+00 -1.161962E+00 -1.124169E+00 -3.331637E-07  7.534845E-09  0.000000E+00  0.000000E+00  0.000000E+00  0.000000E+00  0.000000E+00  0.000000E+00
251  3.43415149E+00 -1.138242E+00 -1.101692E+00 -1.766531E-07  3.989479E-09  0.000000E+00  0.000000E+00  0.000000E+00  0.000000E+00  0.000000E+00  0.000000E+00
252  3.54365956E+00 -1.117598E+00 -1.082237E+00 -9.237578E-08  2.083175E-09  0.000000E+00  0.000000E+00  0.000000E+00  0.000000E+00  0.000000E+00  0.000000E+00
253  3.65548024E+00 -1.099695E+00 -1.065474E+00 -4.763502E-08  1.072657E-09  0.000000E+00  0.000000E+00  0.000000E+00  0.000000E+00  0.000000E+00  0.000000E+00
254  3.76963178E+00 -1.084227E+00 -1.051099E+00 -2.422053E-08  5.446023E-10  0.000000E+00  0.000000E+00  0.000000E+00  0.000000E+00  0.000000E+00  0.000000E+00
255  3.88613217E+00 -1.070913E+00 -1.038832E+00 -1.214194E-08  2.726078E-10  0.000000E+00  0.000000E+00  0.000000E+00  0.000000E+00  0.000000E+00  0.000000E+00
256  4.00499912E+00 -1.059495E+00 -1.028419E+00 -6.000629E-09  1.345224E-10  0.000000E+00  0.000000E+00  0.000000E+00  0.000000E+00  0.000000E+00  0.000000E+00
257  4.12625005E+00 -1.049740E+00 -1.019628E+00 -2.923263E-09  6.543418E-11  0.000000E+00  0.000000E+00  0.000000E+00  0.000000E+00  0.000000E+00  0.000000E+00
258  4.24990215E+00 -1.041437E+00 -1.012250E+00 -1.403651E-09  3.137080E-11  0.000000E+00  0.000000E+00  0.000000E+00  0.000000E+00  0.000000E+00  0.000000E+00
259  4.37597231E+00 -1.034397E+00 -1.006098E+00 -6.642454E-10  1.482224E-11  0.000000E+00  0.000000E+00  0.000000E+00  0.000000E+00  0.000000E+00  0.000000E+00
260  4.50447717E+00 -1.028451E+00 -1.001005E+00 -3.097661E-10  7.128832E-12  0.000000E+00  0.000000E+00  0.000000E+00  0.000000E+00  0.000000E+00  0.000000E+00
261  4.63543312E+00 -1.023448E+00 -9.968211E-01 -1.423422E-10  2.611322E-12  0.000000E+00  0.000000E+00  0.000000E+00  0.000000E+00  0.000000E+00  0.000000E+00
