#      n =  5
#  kappa =  2
# energy = -2.94898024E+00
#zenergy =  0.00000000E+00
#     dn =  2.85203150E+00
# qrnorm =  1.00002942E+00
#SelfEne =  2.72113860E+32
#     vc = -6.41326617E+01
#     vr = -8.03786870E+02
#  ilast =  417
#    ifm =    0
#    cfm =  0.00000000E+00
#    xfm =  0.00000000E+00
#    rfn =  2.05838402E-01
#    pdx =  2.97203611E+00
#   bqp0 =  5.56370045E+04
#   bqp1 =  0.00000000E+00
#    idx = 19
# LEPTON = 0
#   MASS =  1.00000000E+00
# CHARGE =  1.00000000E+00
#  EUNIT =  2.72113860E+01
#  RUNIT =  4.13413733E+16
#  LUNIT =  5.29177211E-01
#    AMU =  1.82288849E+03
#    FSC =  7.29735257E-03


0    1.40845070E-08 -1.178053E-02  8.875546E+06  1.448100E-19  8.004459E-15  0.000000E+00  0.000000E+00  0.000000E+00  0.000000E+00  0.000000E+00  0.000000E+00
1    1.54458033E-08 -1.291915E-02  8.093335E+06  1.904955E-19  9.626335E-15  0.000000E+00  0.000000E+00  0.000000E+00  0.000000E+00  0.000000E+00  0.000000E+00
2    1.69386420E-08 -1.416778E-02  7.380075E+06  2.508316E-19  1.157717E-14  0.000000E+00  0.000000E+00  0.000000E+00  0.000000E+00  0.000000E+00  0.000000E+00
3    1.85757639E-08 -1.553710E-02  6.729675E+06  3.304761E-19  1.392319E-14  0.000000E+00  0.000000E+00  0.000000E+00  0.000000E+00  0.000000E+00  0.000000E+00
4    2.03710783E-08 -1.703873E-02  6.136605E+06  4.355738E-19  1.674462E-14  0.000000E+00  0.000000E+00  0.000000E+00  0.000000E+00  0.000000E+00  0.000000E+00
5    2.23399067E-08 -1.868550E-02  5.595802E+06  5.742311E-19  2.013763E-14  0.000000E+00  0.000000E+00  0.000000E+00  0.000000E+00  0.000000E+00  0.000000E+00
6    2.44990189E-08 -2.049142E-02  5.102660E+06  7.571409E-19  2.421831E-14  0.000000E+00  0.000000E+00  0.000000E+00  0.000000E+00  0.000000E+00  0.000000E+00
7    2.68667586E-08 -2.247184E-02  4.652986E+06  9.984055E-19  2.912586E-14  0.000000E+00  0.000000E+00  0.000000E+00  0.000000E+00  0.000000E+00  0.000000E+00
8    2.94633317E-08 -2.464366E-02  4.242940E+06  1.316627E-18  3.502757E-14  0.000000E+00  0.000000E+00  0.000000E+00  0.000000E+00  0.000000E+00  0.000000E+00
9    3.23108539E-08 -2.702537E-02  3.869030E+06  1.736336E-18  4.212530E-14  0.000000E+00  0.000000E+00  0.000000E+00  0.000000E+00  0.000000E+00  0.000000E+00
10   3.54335170E-08 -2.963723E-02  3.528078E+06  2.289888E-18  5.066154E-14  0.000000E+00  0.000000E+00  0.000000E+00  0.000000E+00  0.000000E+00  0.000000E+00
11   3.88579005E-08 -3.250144E-02  3.217179E+06  3.019951E-18  6.092663E-14  0.000000E+00  0.000000E+00  0.000000E+00  0.000000E+00  0.000000E+00  0.000000E+00
12   4.26132991E-08 -3.564252E-02  2.933671E+06  3.982806E-18  7.327193E-14  0.000000E+00  0.000000E+00  0.000000E+00  0.000000E+00  0.000000E+00  0.000000E+00
13   4.67314733E-08 -3.908704E-02  2.675157E+06  5.252660E-18  8.811923E-14  0.000000E+00  0.000000E+00  0.000000E+00  0.000000E+00  0.000000E+00  0.000000E+00
14   5.12476303E-08 -4.286443E-02  2.439424E+06  6.927396E-18  1.059733E-13  0.000000E+00  0.000000E+00  0.000000E+00  0.000000E+00  0.000000E+00  0.000000E+00
15   5.62002313E-08 -4.700687E-02  2.224464E+06  9.136096E-18  1.274463E-13  0.000000E+00  0.000000E+00  0.000000E+00  0.000000E+00  0.000000E+00  0.000000E+00
16   6.16312403E-08 -5.154947E-02  2.028454E+06  1.204897E-17  1.532689E-13  0.000000E+00  0.000000E+00  0.000000E+00  0.000000E+00  0.000000E+00  0.000000E+00
17   6.75872020E-08 -5.653114E-02  1.849713E+06  1.589055E-17  1.843229E-13  0.000000E+00  0.000000E+00  0.000000E+00  0.000000E+00  0.000000E+00  0.000000E+00
18   7.41184821E-08 -6.199401E-02  1.686728E+06  2.095687E-17  2.216700E-13  0.000000E+00  0.000000E+00  0.000000E+00  0.000000E+00  0.000000E+00  0.000000E+00
19   8.12809116E-08 -6.798480E-02  1.538105E+06  2.763837E-17  2.665815E-13  0.000000E+00  0.000000E+00  0.000000E+00  0.000000E+00  0.000000E+00  0.000000E+00
20   8.91353265E-08 -7.455437E-02  1.402580E+06  3.644995E-17  3.205916E-13  0.000000E+00  0.000000E+00  0.000000E+00  0.000000E+00  0.000000E+00  0.000000E+00
21   9.77487367E-08 -8.175877E-02  1.278998E+06  4.807065E-17  3.855452E-13  0.000000E+00  0.000000E+00  0.000000E+00  0.000000E+00  0.000000E+00  0.000000E+00
22   1.07194113E-07 -8.965905E-02  1.166308E+06  6.339586E-17  4.636578E-13  0.000000E+00  0.000000E+00  0.000000E+00  0.000000E+00  0.000000E+00  0.000000E+00
23   1.17552189E-07 -9.832272E-02  1.063548E+06  8.360654E-17  5.575901E-13  0.000000E+00  0.000000E+00  0.000000E+00  0.000000E+00  0.000000E+00  0.000000E+00
24   1.28910932E-07 -1.078234E-01  9.698439E+05  1.102599E-16  6.705547E-13  0.000000E+00  0.000000E+00  0.000000E+00  0.000000E+00  0.000000E+00  0.000000E+00
25   1.41366993E-07 -1.182418E-01  8.843975E+05  1.454095E-16  8.064018E-13  0.000000E+00  0.000000E+00  0.000000E+00  0.000000E+00  0.000000E+00  0.000000E+00
26   1.55026355E-07 -1.296667E-01  8.064811E+05  1.917635E-16  9.697664E-13  0.000000E+00  0.000000E+00  0.000000E+00  0.000000E+00  0.000000E+00  0.000000E+00
27   1.70005236E-07 -1.421953E-01  7.354308E+05  2.528929E-16  1.166222E-12  0.000000E+00  0.000000E+00  0.000000E+00  0.000000E+00  0.000000E+00  0.000000E+00
28   1.86431075E-07 -1.559342E-01  6.706415E+05  3.335071E-16  1.402468E-12  0.000000E+00  0.000000E+00  0.000000E+00  0.000000E+00  0.000000E+00  0.000000E+00
29   2.04443616E-07 -1.710001E-01  6.115614E+05  4.398161E-16  1.686576E-12  0.000000E+00  0.000000E+00  0.000000E+00  0.000000E+00  0.000000E+00  0.000000E+00
30   2.24195708E-07 -1.875211E-01  5.576882E+05  5.800082E-16  2.028216E-12  0.000000E+00  0.000000E+00  0.000000E+00  0.000000E+00  0.000000E+00  0.000000E+00
31   2.45856126E-07 -2.056382E-01  5.085611E+05  7.648828E-16  2.439047E-12  0.000000E+00  0.000000E+00  0.000000E+00  0.000000E+00  0.000000E+00  0.000000E+00
32   2.69608304E-07 -2.255048E-01  4.637636E+05  1.008678E-15  2.933099E-12  0.000000E+00  0.000000E+00  0.000000E+00  0.000000E+00  0.000000E+00  0.000000E+00
33   2.95654667E-07 -2.472904E-01  4.229133E+05  1.330170E-15  3.527208E-12  0.000000E+00  0.000000E+00  0.000000E+00  0.000000E+00  0.000000E+00  0.000000E+00
34   3.24216193E-07 -2.711796E-01  3.856629E+05  1.754117E-15  4.241604E-12  0.000000E+00  0.000000E+00  0.000000E+00  0.000000E+00  0.000000E+00  0.000000E+00
35   3.55536886E-07 -2.973766E-01  3.516939E+05  2.313168E-15  5.100691E-12  0.000000E+00  0.000000E+00  0.000000E+00  0.000000E+00  0.000000E+00  0.000000E+00
36   3.89881261E-07 -3.261026E-01  3.207189E+05  3.050365E-15  6.133790E-12  0.000000E+00  0.000000E+00  0.000000E+00  0.000000E+00  0.000000E+00  0.000000E+00
37   4.27542511E-07 -3.576028E-01  2.924728E+05  4.022471E-15  7.375975E-12  0.000000E+00  0.000000E+00  0.000000E+00  0.000000E+00  0.000000E+00  0.000000E+00
38   4.68840899E-07 -3.921450E-01  2.667152E+05  5.304330E-15  8.869782E-12  0.000000E+00  0.000000E+00  0.000000E+00  0.000000E+00  0.000000E+00  0.000000E+00
39   5.14125814E-07 -4.300215E-01  2.432277E+05  6.994612E-15  1.066605E-11  0.000000E+00  0.000000E+00  0.000000E+00  0.000000E+00  0.000000E+00  0.000000E+00
40   5.63783777E-07 -4.715555E-01  2.218092E+05  9.223439E-15  1.282590E-11  0.000000E+00  0.000000E+00  0.000000E+00  0.000000E+00  0.000000E+00  0.000000E+00
41   6.18235912E-07 -5.170992E-01  2.022780E+05  1.216236E-14  1.542311E-11  0.000000E+00  0.000000E+00  0.000000E+00  0.000000E+00  0.000000E+00  0.000000E+00
42   6.77944859E-07 -5.670395E-01  1.844676E+05  1.603755E-14  1.854608E-11  0.000000E+00  0.000000E+00  0.000000E+00  0.000000E+00  0.000000E+00  0.000000E+00
43   7.43417883E-07 -6.218005E-01  1.682263E+05  2.114722E-14  2.230137E-11  0.000000E+00  0.000000E+00  0.000000E+00  0.000000E+00  0.000000E+00  0.000000E+00
44   8.15209759E-07 -6.818461E-01  1.534163E+05  2.788452E-14  2.681665E-11  0.000000E+00  0.000000E+00  0.000000E+00  0.000000E+00  0.000000E+00  0.000000E+00
45   8.93933023E-07 -7.476885E-01  1.399107E+05  3.676786E-14  3.224577E-11  0.000000E+00  0.000000E+00  0.000000E+00  0.000000E+00  0.000000E+00  0.000000E+00
46   9.80253329E-07 -8.198841E-01  1.275952E+05  4.848055E-14  3.877419E-11  0.000000E+00  0.000000E+00  0.000000E+00  0.000000E+00  0.000000E+00  0.000000E+00
47   1.07490332E-06 -8.990456E-01  1.163648E+05  6.392351E-14  4.662362E-11  0.000000E+00  0.000000E+00  0.000000E+00  0.000000E+00  0.000000E+00  0.000000E+00
48   1.17868778E-06 -9.858455E-01  1.061239E+05  8.428448E-14  5.606132E-11  0.000000E+00  0.000000E+00  0.000000E+00  0.000000E+00  0.000000E+00  0.000000E+00
49   1.29248727E-06 -1.081020E+00  9.678516E+04  1.111292E-13  6.740897E-11  0.000000E+00  0.000000E+00  0.000000E+00  0.000000E+00  0.000000E+00  0.000000E+00
50   1.41726642E-06 -1.185375E+00  8.826928E+04  1.465216E-13  8.105311E-11  0.000000E+00  0.000000E+00  0.000000E+00  0.000000E+00  0.000000E+00  0.000000E+00
51   1.55408252E-06 -1.299794E+00  8.050382E+04  1.931824E-13  9.745743E-11  0.000000E+00  0.000000E+00  0.000000E+00  0.000000E+00  0.000000E+00  0.000000E+00
52   1.70409879E-06 -1.425248E+00  7.342252E+04  2.546982E-13  1.171802E-10  0.000000E+00  0.000000E+00  0.000000E+00  0.000000E+00  0.000000E+00  0.000000E+00
53   1.86858481E-06 -1.562798E+00  6.696524E+04  3.357963E-13  1.408934E-10  0.000000E+00  0.000000E+00  0.000000E+00  0.000000E+00  0.000000E+00  0.000000E+00
54   2.04893518E-06 -1.713608E+00  6.107702E+04  4.427078E-13  1.694033E-10  0.000000E+00  0.000000E+00  0.000000E+00  0.000000E+00  0.000000E+00  0.000000E+00
55   2.24667680E-06 -1.878953E+00  5.570778E+04  5.836453E-13  2.036787E-10  0.000000E+00  0.000000E+00  0.000000E+00  0.000000E+00  0.000000E+00  0.000000E+00
56   2.46348896E-06 -2.060232E+00  5.081174E+04  7.694337E-13  2.448853E-10  0.000000E+00  0.000000E+00  0.000000E+00  0.000000E+00  0.000000E+00  0.000000E+00
57   2.70120429E-06 -2.258975E+00  4.634735E+04  1.014338E-12  2.944259E-10  0.000000E+00  0.000000E+00  0.000000E+00  0.000000E+00  0.000000E+00  0.000000E+00
58   2.96183615E-06 -2.476857E+00  4.227659E+04  1.337158E-12  3.539820E-10  0.000000E+00  0.000000E+00  0.000000E+00  0.000000E+00  0.000000E+00  0.000000E+00
59   3.24759167E-06 -2.715716E+00  3.856484E+04  1.762669E-12  4.255779E-10  0.000000E+00  0.000000E+00  0.000000E+00  0.000000E+00  0.000000E+00  0.000000E+00
60   3.56088877E-06 -2.977564E+00  3.518053E+04  2.323516E-12  5.116469E-10  0.000000E+00  0.000000E+00  0.000000E+00  0.000000E+00  0.000000E+00  0.000000E+00
61   3.90437587E-06 -3.264600E+00  3.209488E+04  3.062713E-12  6.151106E-10  0.000000E+00  0.000000E+00  0.000000E+00  0.000000E+00  0.000000E+00  0.000000E+00
62   4.28096072E-06 -3.579235E+00  2.928164E+04  4.036935E-12  7.394812E-10  0.000000E+00  0.000000E+00  0.000000E+00  0.000000E+00  0.000000E+00  0.000000E+00
63   4.69382455E-06 -3.924105E+00  2.671690E+04  5.320844E-12  8.889820E-10  0.000000E+00  0.000000E+00  0.000000E+00  0.000000E+00  0.000000E+00  0.000000E+00
64   5.14645651E-06 -4.302092E+00  2.437886E+04  7.012795E-12  1.068683E-09  0.000000E+00  0.000000E+00  0.000000E+00  0.000000E+00  0.000000E+00  0.000000E+00
65   5.64267994E-06 -4.716348E+00  2.224764E+04  9.242338E-12  1.284679E-09  0.000000E+00  0.000000E+00  0.000000E+00  0.000000E+00  0.000000E+00  0.000000E+00
66   6.18668621E-06 -5.170318E+00  2.030512E+04  1.218009E-11  1.544292E-09  0.000000E+00  0.000000E+00  0.000000E+00  0.000000E+00  0.000000E+00  0.000000E+00
67   6.78306446E-06 -5.667761E+00  1.853481E+04  1.605074E-11  1.856320E-09  0.000000E+00  0.000000E+00  0.000000E+00  0.000000E+00  0.000000E+00  0.000000E+00
68   7.43684772E-06 -6.212780E+00  1.692167E+04  2.115012E-11  2.231327E-09  0.000000E+00  0.000000E+00  0.000000E+00  0.000000E+00  0.000000E+00  0.000000E+00
69   8.15354812E-06 -6.809847E+00  1.545200E+04  2.786765E-11  2.682011E-09  0.000000E+00  0.000000E+00  0.000000E+00  0.000000E+00  0.000000E+00  0.000000E+00
70   8.93920529E-06 -7.463830E+00  1.411334E+04  3.671590E-11  3.223615E-09  0.000000E+00  0.000000E+00  0.000000E+00  0.000000E+00  0.000000E+00  0.000000E+00
71   9.80043817E-06 -8.180023E+00  1.289434E+04  4.836933E-11  3.874446E-09  0.000000E+00  0.000000E+00  0.000000E+00  0.000000E+00  0.000000E+00  0.000000E+00
72   1.07444991E-05 -8.964176E+00  1.178467E+04  6.371518E-11  4.656491E-09  0.000000E+00  0.000000E+00  0.000000E+00  0.000000E+00  0.000000E+00  0.000000E+00
73   1.17793295E-05 -9.822511E+00  1.077495E+04  8.392027E-11  5.596145E-09  0.000000E+00  0.000000E+00  0.000000E+00  0.000000E+00  0.000000E+00  0.000000E+00
74   1.29136348E-05 -1.076176E+01  9.856670E+03  1.105185E-10  6.725089E-09  0.000000E+00  0.000000E+00  0.000000E+00  0.000000E+00  0.000000E+00  0.000000E+00
75   1.41569462E-05 -1.178916E+01  9.022100E+03  1.455254E-10  8.081356E-09  0.000000E+00  0.000000E+00  0.000000E+00  0.000000E+00  0.000000E+00  0.000000E+00
76   1.55197075E-05 -1.291250E+01  8.264256E+03  1.915883E-10  9.710575E-09  0.000000E+00  0.000000E+00  0.000000E+00  0.000000E+00  0.000000E+00  0.000000E+00
77   1.70133553E-05 -1.414009E+01  7.576839E+03  2.521817E-10  1.166748E-08  0.000000E+00  0.000000E+00  0.000000E+00  0.000000E+00  0.000000E+00  0.000000E+00
78   1.86504207E-05 -1.548074E+01  6.954218E+03  3.318631E-10  1.401771E-08  0.000000E+00  0.000000E+00  0.000000E+00  0.000000E+00  0.000000E+00  0.000000E+00
79   2.04446227E-05 -1.694375E+01  6.391260E+03  4.366049E-10  1.683999E-08  0.000000E+00  0.000000E+00  0.000000E+00  0.000000E+00  0.000000E+00  0.000000E+00
80   2.24109875E-05 -1.853882E+01  5.883520E+03  5.742262E-10  2.022861E-08  0.000000E+00  0.000000E+00  0.000000E+00  0.000000E+00  0.000000E+00  0.000000E+00
81   2.45659712E-05 -2.027593E+01  5.427284E+03  7.549508E-10  2.429655E-08  0.000000E+00  0.000000E+00  0.000000E+00  0.000000E+00  0.000000E+00  0.000000E+00
82   2.69275913E-05 -2.216516E+01  5.018870E+03  9.921279E-10  2.917908E-08  0.000000E+00  0.000000E+00  0.000000E+00  0.000000E+00  0.000000E+00  0.000000E+00
83   2.95155769E-05 -2.421648E+01  4.655748E+03  1.303156E-09  3.503803E-08  0.000000E+00  0.000000E+00  0.000000E+00  0.000000E+00  0.000000E+00  0.000000E+00
84   3.23515278E-05 -2.643933E+01  4.335897E+03  1.710665E-09  4.206693E-08  0.000000E+00  0.000000E+00  0.000000E+00  0.000000E+00  0.000000E+00  0.000000E+00
85   3.54590885E-05 -2.884216E+01  4.057607E+03  2.244009E-09  5.049697E-08  0.000000E+00  0.000000E+00  0.000000E+00  0.000000E+00  0.000000E+00  0.000000E+00
86   3.88641460E-05 -3.143171E+01  3.820346E+03  2.941151E-09  6.060411E-08  0.000000E+00  0.000000E+00  0.000000E+00  0.000000E+00  0.000000E+00  0.000000E+00
87   4.25950311E-05 -3.421206E+01  3.624447E+03  3.850997E-09  7.271747E-08  0.000000E+00  0.000000E+00  0.000000E+00  0.000000E+00  0.000000E+00  0.000000E+00
88   4.66827539E-05 -3.718335E+01  3.471129E+03  5.036251E-09  8.722899E-08  0.000000E+00  0.000000E+00  0.000000E+00  0.000000E+00  0.000000E+00  0.000000E+00
89   5.11612515E-05 -4.034008E+01  3.363171E+03  6.576841E-09  1.046050E-07  0.000000E+00  0.000000E+00  0.000000E+00  0.000000E+00  0.000000E+00  0.000000E+00
90   5.60676589E-05 -4.366875E+01  3.305270E+03  8.573902E-09  1.253996E-07  0.000000E+00  0.000000E+00  0.000000E+00  0.000000E+00  0.000000E+00  0.000000E+00
91   6.14426048E-05 -4.714482E+01  3.304220E+03  1.115422E-08  1.502699E-07  0.000000E+00  0.000000E+00  0.000000E+00  0.000000E+00  0.000000E+00  0.000000E+00
92   6.73305476E-05 -5.072868E+01  3.369675E+03  1.447482E-08  1.799951E-07  0.000000E+00  0.000000E+00  0.000000E+00  0.000000E+00  0.000000E+00  0.000000E+00
93   7.37801101E-05 -5.436047E+01  3.514640E+03  1.872717E-08  2.154973E-07  0.000000E+00  0.000000E+00  0.000000E+00  0.000000E+00  0.000000E+00  0.000000E+00
94   8.08444839E-05 -5.795353E+01  3.754473E+03  2.413983E-08  2.578680E-07  0.000000E+00  0.000000E+00  0.000000E+00  0.000000E+00  0.000000E+00  0.000000E+00
95   8.85818410E-05 -6.138718E+01  4.100158E+03  3.097781E-08  3.084003E-07  0.000000E+00  0.000000E+00  0.000000E+00  0.000000E+00  0.000000E+00  0.000000E+00
96   9.70557919E-05 -6.450115E+01  4.524009E+03  3.953607E-08  3.686259E-07  0.000000E+00  0.000000E+00  0.000000E+00  0.000000E+00  0.000000E+00  0.000000E+00
97   1.06335888E-04 -6.710130E+01  4.857000E+03  5.012419E-08  4.403350E-07  0.000000E+00  0.000000E+00  0.000000E+00  0.000000E+00  0.000000E+00  0.000000E+00
98   1.16498167E-04 -6.900239E+01  4.750119E+03  6.304299E-08  5.256408E-07  0.000000E+00  0.000000E+00  0.000000E+00  0.000000E+00  0.000000E+00  0.000000E+00
99   1.27625740E-04 -7.013925E+01  4.025015E+03  7.857841E-08  6.272325E-07  0.000000E+00  0.000000E+00  0.000000E+00  0.000000E+00  0.000000E+00  0.000000E+00
100  1.39809443E-04 -7.066706E+01  3.032300E+03  9.705987E-08  7.483600E-07  0.000000E+00  0.000000E+00  0.000000E+00  0.000000E+00  0.000000E+00  0.000000E+00
101  1.53148538E-04 -7.085775E+01  2.271314E+03  1.189461E-07  8.925621E-07  0.000000E+00  0.000000E+00  0.000000E+00  0.000000E+00  0.000000E+00  0.000000E+00
102  1.67751469E-04 -7.091153E+01  1.846331E+03  1.448718E-07  1.064065E-06  0.000000E+00  0.000000E+00  0.000000E+00  0.000000E+00  0.000000E+00  0.000000E+00
103  1.83736702E-04 -7.092048E+01  1.599612E+03  1.756700E-07  1.268190E-06  0.000000E+00  0.000000E+00  0.000000E+00  0.000000E+00  0.000000E+00  0.000000E+00
104  2.01233621E-04 -7.091667E+01  1.417322E+03  2.123822E-07  1.511220E-06  0.000000E+00  0.000000E+00  0.000000E+00  0.000000E+00  0.000000E+00  0.000000E+00
105  2.20383511E-04 -7.090932E+01  1.261348E+03  2.562757E-07  1.800501E-06  0.000000E+00  0.000000E+00  0.000000E+00  0.000000E+00  0.000000E+00  0.000000E+00
106  2.41340621E-04 -7.090062E+01  1.121533E+03  3.088828E-07  2.144740E-06  0.000000E+00  0.000000E+00  0.000000E+00  0.000000E+00  0.000000E+00  0.000000E+00
107  2.64273321E-04 -7.089098E+01  9.949151E+02  3.720569E-07  2.554277E-06  0.000000E+00  0.000000E+00  0.000000E+00  0.000000E+00  0.000000E+00  0.000000E+00
108  2.89365355E-04 -7.088039E+01  8.801391E+02  4.480444E-07  3.041382E-06  0.000000E+00  0.000000E+00  0.000000E+00  0.000000E+00  0.000000E+00  0.000000E+00
109  3.16817200E-04 -7.086877E+01  7.761826E+02  5.395735E-07  3.620596E-06  0.000000E+00  0.000000E+00  0.000000E+00  0.000000E+00  0.000000E+00  0.000000E+00
110  3.46847541E-04 -7.085603E+01  6.821310E+02  6.499636E-07  4.309150E-06  0.000000E+00  0.000000E+00  0.000000E+00  0.000000E+00  0.000000E+00  0.000000E+00
111  3.79694864E-04 -7.084207E+01  5.971467E+02  7.832607E-07  5.127441E-06  0.000000E+00  0.000000E+00  0.000000E+00  0.000000E+00  0.000000E+00  0.000000E+00
112  4.15619192E-04 -7.082677E+01  5.204620E+02  9.444039E-07  6.099610E-06  0.000000E+00  0.000000E+00  0.000000E+00  0.000000E+00  0.000000E+00  0.000000E+00
113  4.54903944E-04 -7.080999E+01  4.513737E+02  1.139432E-06  7.254205E-06  0.000000E+00  0.000000E+00  0.000000E+00  0.000000E+00  0.000000E+00  0.000000E+00
114  4.97857967E-04 -7.079161E+01  3.892361E+02  1.375741E-06  8.624965E-06  0.000000E+00  0.000000E+00  0.000000E+00  0.000000E+00  0.000000E+00  0.000000E+00
115  5.44817717E-04 -7.077148E+01  3.334560E+02  1.662400E-06  1.025174E-05  0.000000E+00  0.000000E+00  0.000000E+00  0.000000E+00  0.000000E+00  0.000000E+00
116  5.96149619E-04 -7.074942E+01  2.834875E+02  2.010546E-06  1.218156E-05  0.000000E+00  0.000000E+00  0.000000E+00  0.000000E+00  0.000000E+00  0.000000E+00
117  6.52252617E-04 -7.072526E+01  2.388273E+02  2.433877E-06  1.446988E-05  0.000000E+00  0.000000E+00  0.000000E+00  0.000000E+00  0.000000E+00  0.000000E+00
118  7.13560914E-04 -7.069881E+01  1.990107E+02  2.949264E-06  1.718206E-05  0.000000E+00  0.000000E+00  0.000000E+00  0.000000E+00  0.000000E+00  0.000000E+00
119  7.80546942E-04 -7.066985E+01  1.636079E+02  3.577511E-06  2.039502E-05  0.000000E+00  0.000000E+00  0.000000E+00  0.000000E+00  0.000000E+00  0.000000E+00
120  8.53724541E-04 -7.063816E+01  1.322209E+02  4.344305E-06  2.419922E-05  0.000000E+00  0.000000E+00  0.000000E+00  0.000000E+00  0.000000E+00  0.000000E+00
121  9.33652389E-04 -7.060348E+01  1.044807E+02  5.281406E-06  2.870095E-05  0.000000E+00  0.000000E+00  0.000000E+00  0.000000E+00  0.000000E+00  0.000000E+00
122  1.02093769E-03 -7.056555E+01  8.004505E+01  6.428118E-06  3.402493E-05  0.000000E+00  0.000000E+00  0.000000E+00  0.000000E+00  0.000000E+00  0.000000E+00
123  1.11624013E-03 -7.052407E+01  5.859603E+01  7.833146E-06  4.031735E-05  0.000000E+00  0.000000E+00  0.000000E+00  0.000000E+00  0.000000E+00  0.000000E+00
124  1.22027613E-03 -7.047871E+01  3.983878E+01  9.556890E-06  4.774934E-05  0.000000E+00  0.000000E+00  0.000000E+00  0.000000E+00  0.000000E+00  0.000000E+00
125  1.33382338E-03 -7.042915E+01  2.349988E+01  1.167433E-05  5.652092E-05  0.000000E+00  0.000000E+00  0.000000E+00  0.000000E+00  0.000000E+00  0.000000E+00
126  1.45772573E-03 -7.037500E+01  9.326127E+00  1.427860E-05  6.686556E-05  0.000000E+00  0.000000E+00  0.000000E+00  0.000000E+00  0.000000E+00  0.000000E+00
127  1.59289840E-03 -7.031586E+01 -2.916405E+00  1.748547E-05  7.905533E-05  0.000000E+00  0.000000E+00  0.000000E+00  0.000000E+00  0.000000E+00  0.000000E+00
128  1.74033353E-03 -7.025132E+01 -1.344328E+01  2.143892E-05  9.340670E-05  0.000000E+00  0.000000E+00  0.000000E+00  0.000000E+00  0.000000E+00  0.000000E+00
129  1.90110615E-03 -7.018089E+01 -2.245243E+01  2.631807E-05  1.102871E-04  0.000000E+00  0.000000E+00  0.000000E+00  0.000000E+00  0.000000E+00  0.000000E+00
130  2.07638050E-03 -7.010410E+01 -3.012491E+01  3.234579E-05  1.301223E-04  0.000000E+00  0.000000E+00  0.000000E+00  0.000000E+00  0.000000E+00  0.000000E+00
131  2.26741677E-03 -7.002042E+01 -3.662553E+01  3.979939E-05  1.534046E-04  0.000000E+00  0.000000E+00  0.000000E+00  0.000000E+00  0.000000E+00  0.000000E+00
132  2.47557828E-03 -6.992927E+01 -4.210360E+01  4.902392E-05  1.807015E-04  0.000000E+00  0.000000E+00  0.000000E+00  0.000000E+00  0.000000E+00  0.000000E+00
133  2.70233906E-03 -6.983007E+01 -4.669358E+01  6.044848E-05  2.126663E-04  0.000000E+00  0.000000E+00  0.000000E+00  0.000000E+00  0.000000E+00  0.000000E+00
134  2.94929195E-03 -6.972219E+01 -5.051592E+01  7.460651E-05  2.500481E-04  0.000000E+00  0.000000E+00  0.000000E+00  0.000000E+00  0.000000E+00  0.000000E+00
135  3.21815711E-03 -6.960495E+01 -5.367778E+01  9.216062E-05  2.937037E-04  0.000000E+00  0.000000E+00  0.000000E+00  0.000000E+00  0.000000E+00  0.000000E+00
136  3.51079106E-03 -6.947767E+01 -5.627394E+01  1.139331E-04  3.446095E-04  0.000000E+00  0.000000E+00  0.000000E+00  0.000000E+00  0.000000E+00  0.000000E+00
137  3.82919619E-03 -6.933960E+01 -5.838764E+01  1.409434E-04  4.038745E-04  0.000000E+00  0.000000E+00  0.000000E+00  0.000000E+00  0.000000E+00  0.000000E+00
138  4.17553074E-03 -6.918999E+01 -6.009153E+01  1.744534E-04  4.727527E-04  0.000000E+00  0.000000E+00  0.000000E+00  0.000000E+00  0.000000E+00  0.000000E+00
139  4.55211944E-03 -6.902805E+01 -6.144855E+01  2.160225E-04  5.526565E-04  0.000000E+00  0.000000E+00  0.000000E+00  0.000000E+00  0.000000E+00  0.000000E+00
140  4.96146447E-03 -6.885296E+01 -6.251288E+01  2.675746E-04  6.451683E-04  0.000000E+00  0.000000E+00  0.000000E+00  0.000000E+00  0.000000E+00  0.000000E+00
141  5.40625706E-03 -6.866388E+01 -6.333086E+01  3.314779E-04  7.520517E-04  0.000000E+00  0.000000E+00  0.000000E+00  0.000000E+00  0.000000E+00  0.000000E+00
142  5.88938963E-03 -6.845996E+01 -6.394180E+01  4.106406E-04  8.752602E-04  0.000000E+00  0.000000E+00  0.000000E+00  0.000000E+00  0.000000E+00  0.000000E+00
143  6.41396839E-03 -6.824032E+01 -6.437887E+01  5.086242E-04  1.016943E-03  0.000000E+00  0.000000E+00  0.000000E+00  0.000000E+00  0.000000E+00  0.000000E+00
144  6.98332646E-03 -6.800407E+01 -6.466984E+01  6.297776E-04  1.179448E-03  0.000000E+00  0.000000E+00  0.000000E+00  0.000000E+00  0.000000E+00  0.000000E+00
145  7.60103751E-03 -6.775030E+01 -6.483782E+01  7.793927E-04  1.365316E-03  0.000000E+00  0.000000E+00  0.000000E+00  0.000000E+00  0.000000E+00  0.000000E+00
146  8.27092988E-03 -6.747811E+01 -6.490189E+01  9.638858E-04  1.577269E-03  0.000000E+00  0.000000E+00  0.000000E+00  0.000000E+00  0.000000E+00  0.000000E+00
147  8.99710118E-03 -6.718657E+01 -6.487768E+01  1.191004E-03  1.818191E-03  0.000000E+00  0.000000E+00  0.000000E+00  0.000000E+00  0.000000E+00  0.000000E+00
148  9.78393329E-03 -6.687474E+01 -6.477793E+01  1.470060E-03  2.091097E-03  0.000000E+00  0.000000E+00  0.000000E+00  0.000000E+00  0.000000E+00  0.000000E+00
149  1.06361078E-02 -6.654167E+01 -6.461289E+01  1.812192E-03  2.399085E-03  0.000000E+00  0.000000E+00  0.000000E+00  0.000000E+00  0.000000E+00  0.000000E+00
150  1.15586218E-02 -6.618641E+01 -6.439076E+01  2.230648E-03  2.745275E-03  0.000000E+00  0.000000E+00  0.000000E+00  0.000000E+00  0.000000E+00  0.000000E+00
151  1.25568040E-02 -6.580796E+01 -6.411802E+01  2.741095E-03  3.132727E-03  0.000000E+00  0.000000E+00  0.000000E+00  0.000000E+00  0.000000E+00  0.000000E+00
152  1.36363313E-02 -6.540535E+01 -6.379971E+01  3.361930E-03  3.564342E-03  0.000000E+00  0.000000E+00  0.000000E+00  0.000000E+00  0.000000E+00  0.000000E+00
153  1.48032451E-02 -6.497756E+01 -6.343968E+01  4.114604E-03  4.042735E-03  0.000000E+00  0.000000E+00  0.000000E+00  0.000000E+00  0.000000E+00  0.000000E+00
154  1.60639684E-02 -6.452362E+01 -6.304086E+01  5.023922E-03  4.570086E-03  0.000000E+00  0.000000E+00  0.000000E+00  0.000000E+00  0.000000E+00  0.000000E+00
155  1.74253227E-02 -6.404254E+01 -6.260539E+01  6.118305E-03  5.147967E-03  0.000000E+00  0.000000E+00  0.000000E+00  0.000000E+00  0.000000E+00  0.000000E+00
156  1.88945447E-02 -6.353341E+01 -6.213477E+01  7.429987E-03  5.777140E-03  0.000000E+00  0.000000E+00  0.000000E+00  0.000000E+00  0.000000E+00  0.000000E+00
157  2.04793037E-02 -6.299539E+01 -6.163009E+01  8.995106E-03  6.457339E-03  0.000000E+00  0.000000E+00  0.000000E+00  0.000000E+00  0.000000E+00  0.000000E+00
158  2.21877176E-02 -6.242773E+01 -6.109207E+01  1.085363E-02  7.187027E-03  0.000000E+00  0.000000E+00  0.000000E+00  0.000000E+00  0.000000E+00  0.000000E+00
159  2.40283703E-02 -6.182981E+01 -6.052116E+01  1.304912E-02  7.963142E-03  0.000000E+00  0.000000E+00  0.000000E+00  0.000000E+00  0.000000E+00  0.000000E+00
160  2.60103273E-02 -6.120111E+01 -5.991767E+01  1.562814E-02  8.780846E-03  0.000000E+00  0.000000E+00  0.000000E+00  0.000000E+00  0.000000E+00  0.000000E+00
161  2.81431521E-02 -6.054115E+01 -5.928175E+01  1.863942E-02  9.633271E-03  0.000000E+00  0.000000E+00  0.000000E+00  0.000000E+00  0.000000E+00  0.000000E+00
162  3.04369210E-02 -5.984944E+01 -5.861345E+01  2.213258E-02  1.051130E-02  0.000000E+00  0.000000E+00  0.000000E+00  0.000000E+00  0.000000E+00  0.000000E+00
163  3.29022384E-02 -5.912547E+01 -5.791265E+01  2.615633E-02  1.140341E-02  0.000000E+00  0.000000E+00  0.000000E+00  0.000000E+00  0.000000E+00  0.000000E+00
164  3.55502504E-02 -5.836870E+01 -5.717917E+01  3.075619E-02  1.229549E-02  0.000000E+00  0.000000E+00  0.000000E+00  0.000000E+00  0.000000E+00  0.000000E+00
165  3.83926583E-02 -5.757864E+01 -5.641276E+01  3.597162E-02  1.317093E-02  0.000000E+00  0.000000E+00  0.000000E+00  0.000000E+00  0.000000E+00  0.000000E+00
166  4.14417311E-02 -5.675496E+01 -5.561322E+01  4.183249E-02  1.401058E-02  0.000000E+00  0.000000E+00  0.000000E+00  0.000000E+00  0.000000E+00  0.000000E+00
167  4.47103165E-02 -5.589759E+01 -5.478053E+01  4.835501E-02  1.479307E-02  0.000000E+00  0.000000E+00  0.000000E+00  0.000000E+00  0.000000E+00  0.000000E+00
168  4.82118514E-02 -5.500674E+01 -5.391492E+01  5.553716E-02  1.549511E-02  0.000000E+00  0.000000E+00  0.000000E+00  0.000000E+00  0.000000E+00  0.000000E+00
169  5.19603709E-02 -5.408297E+01 -5.301688E+01  6.335363E-02  1.609205E-02  0.000000E+00  0.000000E+00  0.000000E+00  0.000000E+00  0.000000E+00  0.000000E+00
170  5.59705163E-02 -5.312708E+01 -5.208717E+01  7.175064E-02  1.655857E-02  0.000000E+00  0.000000E+00  0.000000E+00  0.000000E+00  0.000000E+00  0.000000E+00
171  6.02575411E-02 -5.214002E+01 -5.112669E+01  8.064076E-02  1.686952E-02  0.000000E+00  0.000000E+00  0.000000E+00  0.000000E+00  0.000000E+00  0.000000E+00
172  6.48373163E-02 -5.112282E+01 -5.013644E+01  8.989819E-02  1.700096E-02  0.000000E+00  0.000000E+00  0.000000E+00  0.000000E+00  0.000000E+00  0.000000E+00
173  6.97263340E-02 -5.007654E+01 -4.911743E+01  9.935477E-02  1.693128E-02  0.000000E+00  0.000000E+00  0.000000E+00  0.000000E+00  0.000000E+00  0.000000E+00
174  7.49417091E-02 -4.900230E+01 -4.807073E+01  1.087975E-01  1.664245E-02  0.000000E+00  0.000000E+00  0.000000E+00  0.000000E+00  0.000000E+00  0.000000E+00
175  8.05011798E-02 -4.790126E+01 -4.699747E+01  1.179676E-01  1.612120E-02  0.000000E+00  0.000000E+00  0.000000E+00  0.000000E+00  0.000000E+00  0.000000E+00
176  8.64231061E-02 -4.677502E+01 -4.589918E+01  1.265626E-01  1.536021E-02  0.000000E+00  0.000000E+00  0.000000E+00  0.000000E+00  0.000000E+00  0.000000E+00
177  9.27264671E-02 -4.562538E+01 -4.477757E+01  1.342399E-01  1.435915E-02  0.000000E+00  0.000000E+00  0.000000E+00  0.000000E+00  0.000000E+00  0.000000E+00
178  9.94308562E-02 -4.445469E+01 -4.363489E+01  1.406254E-01  1.312542E-02  0.000000E+00  0.000000E+00  0.000000E+00  0.000000E+00  0.000000E+00  0.000000E+00
179  1.06556475E-01 -4.326541E+01 -4.247351E+01  1.453237E-01  1.167468E-02  0.000000E+00  0.000000E+00  0.000000E+00  0.000000E+00  0.000000E+00  0.000000E+00
180  1.14124124E-01 -4.205996E+01 -4.129577E+01  1.479326E-01  1.003092E-02  0.000000E+00  0.000000E+00  0.000000E+00  0.000000E+00  0.000000E+00  0.000000E+00
181  1.22155196E-01 -4.084052E+01 -4.010381E+01  1.480607E-01  8.226229E-03  0.000000E+00  0.000000E+00  0.000000E+00  0.000000E+00  0.000000E+00  0.000000E+00
182  1.30671661E-01 -3.960930E+01 -3.889979E+01  1.453468E-01  6.300047E-03  0.000000E+00  0.000000E+00  0.000000E+00  0.000000E+00  0.000000E+00  0.000000E+00
183  1.39696055E-01 -3.836869E+01 -3.768605E+01  1.394823E-01  4.297977E-03  0.000000E+00  0.000000E+00  0.000000E+00  0.000000E+00  0.000000E+00  0.000000E+00
184  1.49251467E-01 -3.712155E+01 -3.646541E+01  1.302329E-01  2.270165E-03  0.000000E+00  0.000000E+00  0.000000E+00  0.000000E+00  0.000000E+00  0.000000E+00
185  1.59361522E-01 -3.587132E+01 -3.524120E+01  1.174603E-01  2.693245E-04  0.000000E+00  0.000000E+00  0.000000E+00  0.000000E+00  0.000000E+00  0.000000E+00
186  1.70050362E-01 -3.462150E+01 -3.401689E+01  1.011409E-01 -1.651450E-03  0.000000E+00  0.000000E+00  0.000000E+00  0.000000E+00  0.000000E+00  0.000000E+00
187  1.81342630E-01 -3.337542E+01 -3.279572E+01  8.138152E-02 -3.440940E-03  0.000000E+00  0.000000E+00  0.000000E+00  0.000000E+00  0.000000E+00  0.000000E+00
188  1.93263449E-01 -3.213569E+01 -3.158030E+01  5.842876E-02 -5.052013E-03  0.000000E+00  0.000000E+00  0.000000E+00  0.000000E+00  0.000000E+00  0.000000E+00
189  2.05838402E-01 -3.090408E+01 -3.037233E+01  3.267345E-02 -6.443662E-03  0.000000E+00  0.000000E+00  0.000000E+00  0.000000E+00  0.000000E+00  0.000000E+00
190  2.19093507E-01 -2.968140E+01 -2.917261E+01  4.647055E-03 -7.582795E-03  0.000000E+00  0.000000E+00  0.000000E+00  0.000000E+00  0.000000E+00  0.000000E+00
191  2.33055201E-01 -2.846816E+01 -2.798166E+01 -2.498939E-02 -8.445679E-03  0.000000E+00  0.000000E+00  0.000000E+00  0.000000E+00  0.000000E+00  0.000000E+00
192  2.47750307E-01 -2.726489E+01 -2.679996E+01 -5.546422E-02 -9.018926E-03  0.000000E+00  0.000000E+00  0.000000E+00  0.000000E+00  0.000000E+00  0.000000E+00
193  2.63206019E-01 -2.607291E+01 -2.562885E+01 -8.592158E-02 -9.299927E-03  0.000000E+00  0.000000E+00  0.000000E+00  0.000000E+00  0.000000E+00  0.000000E+00
194  2.79449870E-01 -2.489435E+01 -2.447042E+01 -1.154538E-01 -9.296651E-03  0.000000E+00  0.000000E+00  0.000000E+00  0.000000E+00  0.000000E+00  0.000000E+00
195  2.96509710E-01 -2.373169E+01 -2.332713E+01 -1.431382E-01 -9.026840E-03  0.000000E+00  0.000000E+00  0.000000E+00  0.000000E+00  0.000000E+00  0.000000E+00
196  3.14413681E-01 -2.258696E+01 -2.220100E+01 -1.680754E-01 -8.516708E-03  0.000000E+00  0.000000E+00  0.000000E+00  0.000000E+00  0.000000E+00  0.000000E+00
197  3.33190188E-01 -2.146130E+01 -2.109320E+01 -1.894272E-01 -7.799301E-03  0.000000E+00  0.000000E+00  0.000000E+00  0.000000E+00  0.000000E+00  0.000000E+00
198  3.52867877E-01 -2.035548E+01 -2.000453E+01 -2.064529E-01 -6.912615E-03  0.000000E+00  0.000000E+00  0.000000E+00  0.000000E+00  0.000000E+00  0.000000E+00
199  3.73475605E-01 -1.927067E+01 -1.893617E+01 -2.185396E-01 -5.897550E-03  0.000000E+00  0.000000E+00  0.000000E+00  0.000000E+00  0.000000E+00  0.000000E+00
200  3.95042416E-01 -1.820943E+01 -1.789069E+01 -2.252267E-01 -4.795755E-03  0.000000E+00  0.000000E+00  0.000000E+00  0.000000E+00  0.000000E+00  0.000000E+00
201  4.17597515E-01 -1.717551E+01 -1.687185E+01 -2.262210E-01 -3.647540E-03  0.000000E+00  0.000000E+00  0.000000E+00  0.000000E+00  0.000000E+00  0.000000E+00
202  4.41170244E-01 -1.617347E+01 -1.588422E+01 -2.214015E-01 -2.490073E-03  0.000000E+00  0.000000E+00  0.000000E+00  0.000000E+00  0.000000E+00  0.000000E+00
203  4.65790054E-01 -1.520802E+01 -1.493253E+01 -2.108159E-01 -1.356013E-03  0.000000E+00  0.000000E+00  0.000000E+00  0.000000E+00  0.000000E+00  0.000000E+00
204  4.91486481E-01 -1.428334E+01 -1.402097E+01 -1.946670E-01 -2.726559E-04  0.000000E+00  0.000000E+00  0.000000E+00  0.000000E+00  0.000000E+00  0.000000E+00
205  5.18289124E-01 -1.340261E+01 -1.315275E+01 -1.732939E-01  7.384087E-04  0.000000E+00  0.000000E+00  0.000000E+00  0.000000E+00  0.000000E+00  0.000000E+00
206  5.46227617E-01 -1.256783E+01 -1.232987E+01 -1.471495E-01  1.661215E-03  0.000000E+00  0.000000E+00  0.000000E+00  0.000000E+00  0.000000E+00  0.000000E+00
207  5.75331612E-01 -1.177967E+01 -1.155305E+01 -1.167750E-01  2.485031E-03  0.000000E+00  0.000000E+00  0.000000E+00  0.000000E+00  0.000000E+00  0.000000E+00
208  6.05630751E-01 -1.103791E+01 -1.082206E+01 -8.277511E-02  3.203784E-03  0.000000E+00  0.000000E+00  0.000000E+00  0.000000E+00  0.000000E+00  0.000000E+00
209  6.37154647E-01 -1.034137E+01 -1.013575E+01 -4.579460E-02  3.815391E-03  0.000000E+00  0.000000E+00  0.000000E+00  0.000000E+00  0.000000E+00  0.000000E+00
210  6.69932864E-01 -9.688292E+00 -9.492398E+00 -6.495979E-03  4.321065E-03  0.000000E+00  0.000000E+00  0.000000E+00  0.000000E+00  0.000000E+00  0.000000E+00
211  7.03994894E-01 -9.076812E+00 -8.890143E+00  3.445963E-02  4.724645E-03  0.000000E+00  0.000000E+00  0.000000E+00  0.000000E+00  0.000000E+00  0.000000E+00
212  7.39370141E-01 -8.504780E+00 -8.326863E+00  7.642921E-02  5.031977E-03  0.000000E+00  0.000000E+00  0.000000E+00  0.000000E+00  0.000000E+00  0.000000E+00
213  7.76087899E-01 -7.970104E+00 -7.800486E+00  1.188016E-01  5.250342E-03  0.000000E+00  0.000000E+00  0.000000E+00  0.000000E+00  0.000000E+00  0.000000E+00
214  8.14177341E-01 -7.470733E+00 -7.308980E+00  1.610086E-01  5.387962E-03  0.000000E+00  0.000000E+00  0.000000E+00  0.000000E+00  0.000000E+00  0.000000E+00
215  8.53667493E-01 -7.004632E+00 -6.850333E+00  2.025324E-01  5.453563E-03  0.000000E+00  0.000000E+00  0.000000E+00  0.000000E+00  0.000000E+00  0.000000E+00
216  8.94587226E-01 -6.569778E+00 -6.422541E+00  2.429120E-01  5.456033E-03  0.000000E+00  0.000000E+00  0.000000E+00  0.000000E+00  0.000000E+00  0.000000E+00
217  9.36965239E-01 -6.164163E+00 -6.023616E+00  2.817454E-01  5.404138E-03  0.000000E+00  0.000000E+00  0.000000E+00  0.000000E+00  0.000000E+00  0.000000E+00
218  9.80830042E-01 -5.785828E+00 -5.651619E+00  3.186914E-01  5.306321E-03  0.000000E+00  0.000000E+00  0.000000E+00  0.000000E+00  0.000000E+00  0.000000E+00
219  1.02620995E+00 -5.432904E+00 -5.304700E+00  3.534686E-01  5.170542E-03  0.000000E+00  0.000000E+00  0.000000E+00  0.000000E+00  0.000000E+00  0.000000E+00
220  1.07313306E+00 -5.103643E+00 -4.981127E+00  3.858542E-01  5.004182E-03  0.000000E+00  0.000000E+00  0.000000E+00  0.000000E+00  0.000000E+00  0.000000E+00
221  1.12162725E+00 -4.796473E+00 -4.679348E+00  4.156806E-01  4.813967E-03  0.000000E+00  0.000000E+00  0.000000E+00  0.000000E+00  0.000000E+00  0.000000E+00
222  1.17172015E+00 -4.509912E+00 -4.397896E+00  4.428320E-01  4.605934E-03  0.000000E+00  0.000000E+00  0.000000E+00  0.000000E+00  0.000000E+00  0.000000E+00
223  1.22343919E+00 -4.242643E+00 -4.135470E+00  4.672398E-01  4.385414E-03  0.000000E+00  0.000000E+00  0.000000E+00  0.000000E+00  0.000000E+00  0.000000E+00
224  1.27681148E+00 -3.993417E+00 -3.890836E+00  4.888779E-01  4.157047E-03  0.000000E+00  0.000000E+00  0.000000E+00  0.000000E+00  0.000000E+00  0.000000E+00
225  1.33186393E+00 -3.761051E+00 -3.662824E+00  5.077577E-01  3.924810E-03  0.000000E+00  0.000000E+00  0.000000E+00  0.000000E+00  0.000000E+00  0.000000E+00
226  1.38862315E+00 -3.544410E+00 -3.450314E+00  5.239229E-01  3.692060E-03  0.000000E+00  0.000000E+00  0.000000E+00  0.000000E+00  0.000000E+00  0.000000E+00
227  1.44711548E+00 -3.342396E+00 -3.252220E+00  5.374445E-01  3.461591E-03  0.000000E+00  0.000000E+00  0.000000E+00  0.000000E+00  0.000000E+00  0.000000E+00
228  1.50736699E+00 -3.153955E+00 -3.067500E+00  5.484169E-01  3.235695E-03  0.000000E+00  0.000000E+00  0.000000E+00  0.000000E+00  0.000000E+00  0.000000E+00
229  1.56940344E+00 -2.978073E+00 -2.895151E+00  5.569530E-01  3.016217E-03  0.000000E+00  0.000000E+00  0.000000E+00  0.000000E+00  0.000000E+00  0.000000E+00
230  1.63325033E+00 -2.813800E+00 -2.734234E+00  5.631809E-01  2.804612E-03  0.000000E+00  0.000000E+00  0.000000E+00  0.000000E+00  0.000000E+00  0.000000E+00
231  1.69893283E+00 -2.660255E+00 -2.583878E+00  5.672403E-01  2.601998E-03  0.000000E+00  0.000000E+00  0.000000E+00  0.000000E+00  0.000000E+00  0.000000E+00
232  1.76647584E+00 -2.516639E+00 -2.443293E+00  5.692798E-01  2.409204E-03  0.000000E+00  0.000000E+00  0.000000E+00  0.000000E+00  0.000000E+00  0.000000E+00
233  1.83590395E+00 -2.382246E+00 -2.311782E+00  5.694540E-01  2.226803E-03  0.000000E+00  0.000000E+00  0.000000E+00  0.000000E+00  0.000000E+00  0.000000E+00
234  1.90724144E+00 -2.256463E+00 -2.188742E+00  5.679213E-01  2.055148E-03  0.000000E+00  0.000000E+00  0.000000E+00  0.000000E+00  0.000000E+00  0.000000E+00
235  1.98051228E+00 -2.138770E+00 -2.073658E+00  5.648414E-01  1.894401E-03  0.000000E+00  0.000000E+00  0.000000E+00  0.000000E+00  0.000000E+00  0.000000E+00
236  2.05574015E+00 -2.028725E+00 -1.966097E+00  5.603737E-01  1.744556E-03  0.000000E+00  0.000000E+00  0.000000E+00  0.000000E+00  0.000000E+00  0.000000E+00
237  2.13294840E+00 -1.925951E+00 -1.865688E+00  5.546751E-01  1.605464E-03  0.000000E+00  0.000000E+00  0.000000E+00  0.000000E+00  0.000000E+00  0.000000E+00
238  2.21216008E+00 -1.830112E+00 -1.772103E+00  5.478983E-01  1.476859E-03  0.000000E+00  0.000000E+00  0.000000E+00  0.000000E+00  0.000000E+00  0.000000E+00
239  2.29339794E+00 -1.740893E+00 -1.685031E+00  5.401906E-01  1.358379E-03  0.000000E+00  0.000000E+00  0.000000E+00  0.000000E+00  0.000000E+00  0.000000E+00
240  2.37668441E+00 -1.657974E+00 -1.604160E+00  5.316924E-01  1.249590E-03  0.000000E+00  0.000000E+00  0.000000E+00  0.000000E+00  0.000000E+00  0.000000E+00
241  2.46204160E+00 -1.581013E+00 -1.529153E+00  5.225367E-01  1.150016E-03  0.000000E+00  0.000000E+00  0.000000E+00  0.000000E+00  0.000000E+00  0.000000E+00
242  2.54949133E+00 -1.510614E+00 -1.460618E+00  5.128481E-01  1.059090E-03  0.000000E+00  0.000000E+00  0.000000E+00  0.000000E+00  0.000000E+00  0.000000E+00
243  2.63905511E+00 -1.447346E+00 -1.399129E+00  5.027398E-01  9.761017E-04  0.000000E+00  0.000000E+00  0.000000E+00  0.000000E+00  0.000000E+00  0.000000E+00
244  2.73075413E+00 -1.390683E+00 -1.344164E+00  4.923111E-01  9.003027E-04  0.000000E+00  0.000000E+00  0.000000E+00  0.000000E+00  0.000000E+00  0.000000E+00
245  2.82460929E+00 -1.340113E+00 -1.295216E+00  4.816478E-01  8.309897E-04  0.000000E+00  0.000000E+00  0.000000E+00  0.000000E+00  0.000000E+00  0.000000E+00
246  2.92064119E+00 -1.295138E+00 -1.251791E+00  4.708233E-01  7.675105E-04  0.000000E+00  0.000000E+00  0.000000E+00  0.000000E+00  0.000000E+00  0.000000E+00
247  3.01887011E+00 -1.255280E+00 -1.213416E+00  4.598994E-01  7.092653E-04  0.000000E+00  0.000000E+00  0.000000E+00  0.000000E+00  0.000000E+00  0.000000E+00
248  3.11931605E+00 -1.220084E+00 -1.179637E+00  4.489274E-01  6.557084E-04  0.000000E+00  0.000000E+00  0.000000E+00  0.000000E+00  0.000000E+00  0.000000E+00
249  3.22199870E+00 -1.189114E+00 -1.150023E+00  4.379496E-01  6.063478E-04  0.000000E+00  0.000000E+00  0.000000E+00  0.000000E+00  0.000000E+00  0.000000E+00
250  3.32693748E+00 -1.161962E+00 -1.124169E+00  4.269998E-01  5.607432E-04  0.000000E+00  0.000000E+00  0.000000E+00  0.000000E+00  0.000000E+00  0.000000E+00
251  3.43415149E+00 -1.138242E+00 -1.101692E+00  4.161049E-01  5.185033E-04  0.000000E+00  0.000000E+00  0.000000E+00  0.000000E+00  0.000000E+00  0.000000E+00
252  3.54365956E+00 -1.117598E+00 -1.082237E+00  4.052854E-01  4.792827E-04  0.000000E+00  0.000000E+00  0.000000E+00  0.000000E+00  0.000000E+00  0.000000E+00
253  3.65548024E+00 -1.099695E+00 -1.065474E+00  3.945570E-01  4.427783E-04  0.000000E+00  0.000000E+00  0.000000E+00  0.000000E+00  0.000000E+00  0.000000E+00
254  3.76963178E+00 -1.084227E+00 -1.051099E+00  3.839308E-01  4.087253E-04  0.000000E+00  0.000000E+00  0.000000E+00  0.000000E+00  0.000000E+00  0.000000E+00
255  3.88613217E+00 -1.070913E+00 -1.038832E+00  3.734144E-01  3.768936E-04  0.000000E+00  0.000000E+00  0.000000E+00  0.000000E+00  0.000000E+00  0.000000E+00
256  4.00499912E+00 -1.059495E+00 -1.028419E+00  3.630127E-01  3.470838E-04  0.000000E+00  0.000000E+00  0.000000E+00  0.000000E+00  0.000000E+00  0.000000E+00
257  4.12625005E+00 -1.049740E+00 -1.019628E+00  3.527285E-01  3.191239E-04  0.000000E+00  0.000000E+00  0.000000E+00  0.000000E+00  0.000000E+00  0.000000E+00
258  4.24990215E+00 -1.041437E+00 -1.012250E+00  3.425628E-01  2.928657E-04  0.000000E+00  0.000000E+00  0.000000E+00  0.000000E+00  0.000000E+00  0.000000E+00
259  4.37597231E+00 -1.034397E+00 -1.006098E+00  3.325155E-01  2.681819E-04  0.000000E+00  0.000000E+00  0.000000E+00  0.000000E+00  0.000000E+00  0.000000E+00
260  4.50447717E+00 -1.028451E+00 -1.001005E+00  3.225859E-01  2.449630E-04  0.000000E+00  0.000000E+00  0.000000E+00  0.000000E+00  0.000000E+00  0.000000E+00
261  4.63543312E+00 -1.023448E+00 -9.968211E-01  3.127728E-01  2.231146E-04  0.000000E+00  0.000000E+00  0.000000E+00  0.000000E+00  0.000000E+00  0.000000E+00
262  4.76885630E+00 -1.019254E+00 -9.934149E-01  3.030750E-01  2.025555E-04  0.000000E+00  0.000000E+00  0.000000E+00  0.000000E+00  0.000000E+00  0.000000E+00
263  4.90476257E+00 -1.015752E+00 -9.906704E-01  2.934913E-01  1.832151E-04  0.000000E+00  0.000000E+00  0.000000E+00  0.000000E+00  0.000000E+00  0.000000E+00
264  5.04316759E+00 -1.012840E+00 -9.884863E-01  2.840210E-01  1.650319E-04  0.000000E+00  0.000000E+00  0.000000E+00  0.000000E+00  0.000000E+00  0.000000E+00
265  5.18408673E+00 -1.010427E+00 -9.867740E-01  2.746637E-01  1.479517E-04  0.000000E+00  0.000000E+00  0.000000E+00  0.000000E+00  0.000000E+00  0.000000E+00
266  5.32753516E+00 -1.008436E+00 -9.854572E-01  2.654197E-01  1.319263E-04  0.000000E+00  0.000000E+00  0.000000E+00  0.000000E+00  0.000000E+00  0.000000E+00
267  5.47352778E+00 -1.006800E+00 -9.844696E-01  2.562897E-01  1.169121E-04  0.000000E+00  0.000000E+00  0.000000E+00  0.000000E+00  0.000000E+00  0.000000E+00
268  5.62207929E+00 -1.005460E+00 -9.837547E-01  2.472753E-01  1.028694E-04  0.000000E+00  0.000000E+00  0.000000E+00  0.000000E+00  0.000000E+00  0.000000E+00
269  5.77320413E+00 -1.004368E+00 -9.832640E-01  2.383785E-01  8.976127E-05  0.000000E+00  0.000000E+00  0.000000E+00  0.000000E+00  0.000000E+00  0.000000E+00
270  5.92691655E+00 -1.003481E+00 -9.829565E-01  2.296022E-01  7.755292E-05  0.000000E+00  0.000000E+00  0.000000E+00  0.000000E+00  0.000000E+00  0.000000E+00
271  6.08323056E+00 -1.002763E+00 -9.827976E-01  2.209495E-01  6.621109E-05  0.000000E+00  0.000000E+00  0.000000E+00  0.000000E+00  0.000000E+00  0.000000E+00
272  6.24215994E+00 -1.002185E+00 -9.827581E-01  2.124244E-01  5.570357E-05  0.000000E+00  0.000000E+00  0.000000E+00  0.000000E+00  0.000000E+00  0.000000E+00
273  6.40371829E+00 -1.001721E+00 -9.828137E-01  2.040313E-01  4.599886E-05  0.000000E+00  0.000000E+00  0.000000E+00  0.000000E+00  0.000000E+00  0.000000E+00
274  6.56791896E+00 -1.001351E+00 -9.829440E-01  1.957749E-01  3.706584E-05  0.000000E+00  0.000000E+00  0.000000E+00  0.000000E+00  0.000000E+00  0.000000E+00
275  6.73477513E+00 -1.001056E+00 -9.831324E-01  1.876602E-01  2.887359E-05  0.000000E+00  0.000000E+00  0.000000E+00  0.000000E+00  0.000000E+00  0.000000E+00
276  6.90429975E+00 -1.000822E+00 -9.833652E-01  1.796927E-01  2.139123E-05  0.000000E+00  0.000000E+00  0.000000E+00  0.000000E+00  0.000000E+00  0.000000E+00
277  7.07650558E+00 -1.000637E+00 -9.836311E-01  1.718779E-01  1.458782E-05  0.000000E+00  0.000000E+00  0.000000E+00  0.000000E+00  0.000000E+00  0.000000E+00
278  7.25140519E+00 -1.000492E+00 -9.839210E-01  1.642212E-01  8.432332E-06  0.000000E+00  0.000000E+00  0.000000E+00  0.000000E+00  0.000000E+00  0.000000E+00
279  7.42901095E+00 -1.000379E+00 -9.842277E-01  1.567283E-01  2.893645E-06  0.000000E+00  0.000000E+00  0.000000E+00  0.000000E+00  0.000000E+00  0.000000E+00
280  7.60933504E+00 -1.000290E+00 -9.845452E-01  1.494047E-01 -2.059445E-06  0.000000E+00  0.000000E+00  0.000000E+00  0.000000E+00  0.000000E+00  0.000000E+00
281  7.79238945E+00 -1.000221E+00 -9.848689E-01  1.422557E-01 -6.458161E-06  0.000000E+00  0.000000E+00  0.000000E+00  0.000000E+00  0.000000E+00  0.000000E+00
282  7.97818600E+00 -1.000168E+00 -9.851951E-01  1.352863E-01 -1.033368E-05  0.000000E+00  0.000000E+00  0.000000E+00  0.000000E+00  0.000000E+00  0.000000E+00
283  8.16673632E+00 -1.000127E+00 -9.855210E-01  1.285015E-01 -1.371704E-05  0.000000E+00  0.000000E+00  0.000000E+00  0.000000E+00  0.000000E+00  0.000000E+00
284  8.35805186E+00 -1.000096E+00 -9.858445E-01  1.219056E-01 -1.663907E-05  0.000000E+00  0.000000E+00  0.000000E+00  0.000000E+00  0.000000E+00  0.000000E+00
285  8.55214390E+00 -1.000072E+00 -9.861639E-01  1.155027E-01 -1.913024E-05  0.000000E+00  0.000000E+00  0.000000E+00  0.000000E+00  0.000000E+00  0.000000E+00
286  8.74902356E+00 -1.000054E+00 -9.864779E-01  1.092963E-01 -2.122062E-05  0.000000E+00  0.000000E+00  0.000000E+00  0.000000E+00  0.000000E+00  0.000000E+00
287  8.94870178E+00 -1.000040E+00 -9.867857E-01  1.032894E-01 -2.293972E-05  0.000000E+00  0.000000E+00  0.000000E+00  0.000000E+00  0.000000E+00  0.000000E+00
288  9.15118934E+00 -1.000030E+00 -9.870867E-01  9.748473E-02 -2.431641E-05  0.000000E+00  0.000000E+00  0.000000E+00  0.000000E+00  0.000000E+00  0.000000E+00
289  9.35649685E+00 -1.000022E+00 -9.873805E-01  9.188414E-02 -2.537885E-05  0.000000E+00  0.000000E+00  0.000000E+00  0.000000E+00  0.000000E+00  0.000000E+00
290  9.56463477E+00 -1.000016E+00 -9.876668E-01  8.648906E-02 -2.615434E-05  0.000000E+00  0.000000E+00  0.000000E+00  0.000000E+00  0.000000E+00  0.000000E+00
291  9.77561341E+00 -1.000012E+00 -9.879455E-01  8.130030E-02 -2.666928E-05  0.000000E+00  0.000000E+00  0.000000E+00  0.000000E+00  0.000000E+00  0.000000E+00
292  9.98944291E+00 -1.000009E+00 -9.882166E-01  7.631811E-02 -2.694907E-05  0.000000E+00  0.000000E+00  0.000000E+00  0.000000E+00  0.000000E+00  0.000000E+00
293  1.02061333E+01 -1.000006E+00 -9.884801E-01  7.154211E-02 -2.701807E-05  0.000000E+00  0.000000E+00  0.000000E+00  0.000000E+00  0.000000E+00  0.000000E+00
294  1.04256943E+01 -1.000005E+00 -9.887362E-01  6.697137E-02 -2.689952E-05  0.000000E+00  0.000000E+00  0.000000E+00  0.000000E+00  0.000000E+00  0.000000E+00
295  1.06481358E+01 -1.000003E+00 -9.889850E-01  6.260439E-02 -2.661548E-05  0.000000E+00  0.000000E+00  0.000000E+00  0.000000E+00  0.000000E+00  0.000000E+00
296  1.08734673E+01 -1.000002E+00 -9.892266E-01  5.843911E-02 -2.618684E-05  0.000000E+00  0.000000E+00  0.000000E+00  0.000000E+00  0.000000E+00  0.000000E+00
297  1.11016982E+01 -1.000002E+00 -9.894613E-01  5.447294E-02 -2.563324E-05  0.000000E+00  0.000000E+00  0.000000E+00  0.000000E+00  0.000000E+00  0.000000E+00
298  1.13328377E+01 -1.000001E+00 -9.896892E-01  5.070281E-02 -2.497308E-05  0.000000E+00  0.000000E+00  0.000000E+00  0.000000E+00  0.000000E+00  0.000000E+00
299  1.15668951E+01 -1.000001E+00 -9.899106E-01  4.712517E-02 -2.422353E-05  0.000000E+00  0.000000E+00  0.000000E+00  0.000000E+00  0.000000E+00  0.000000E+00
300  1.18038794E+01 -1.000001E+00 -9.901256E-01  4.373604E-02 -2.340049E-05  0.000000E+00  0.000000E+00  0.000000E+00  0.000000E+00  0.000000E+00  0.000000E+00
301  1.20437994E+01 -1.000000E+00 -9.903344E-01  4.053103E-02 -2.251862E-05  0.000000E+00  0.000000E+00  0.000000E+00  0.000000E+00  0.000000E+00  0.000000E+00
302  1.22866639E+01 -1.000000E+00 -9.905374E-01  3.750540E-02 -2.159137E-05  0.000000E+00  0.000000E+00  0.000000E+00  0.000000E+00  0.000000E+00  0.000000E+00
303  1.25324816E+01 -1.000000E+00 -9.907345E-01  3.465407E-02 -2.063100E-05  0.000000E+00  0.000000E+00  0.000000E+00  0.000000E+00  0.000000E+00  0.000000E+00
304  1.27812609E+01 -1.000000E+00 -9.909261E-01  3.197171E-02 -1.964861E-05  0.000000E+00  0.000000E+00  0.000000E+00  0.000000E+00  0.000000E+00  0.000000E+00
305  1.30330103E+01 -1.000000E+00 -9.911124E-01  2.945270E-02 -1.865416E-05  0.000000E+00  0.000000E+00  0.000000E+00  0.000000E+00  0.000000E+00  0.000000E+00
306  1.32877380E+01 -1.000000E+00 -9.912935E-01  2.709124E-02 -1.765654E-05  0.000000E+00  0.000000E+00  0.000000E+00  0.000000E+00  0.000000E+00  0.000000E+00
307  1.35454521E+01 -1.000000E+00 -9.914695E-01  2.488137E-02 -1.666363E-05  0.000000E+00  0.000000E+00  0.000000E+00  0.000000E+00  0.000000E+00  0.000000E+00
308  1.38061608E+01 -1.000000E+00 -9.916408E-01  2.281700E-02 -1.568229E-05  0.000000E+00  0.000000E+00  0.000000E+00  0.000000E+00  0.000000E+00  0.000000E+00
309  1.40698719E+01 -1.000000E+00 -9.918073E-01  2.089195E-02 -1.471850E-05  0.000000E+00  0.000000E+00  0.000000E+00  0.000000E+00  0.000000E+00  0.000000E+00
310  1.43365932E+01 -1.000000E+00 -9.919694E-01  1.909997E-02 -1.377733E-05  0.000000E+00  0.000000E+00  0.000000E+00  0.000000E+00  0.000000E+00  0.000000E+00
311  1.46063325E+01 -1.000000E+00 -9.921271E-01  1.743481E-02 -1.286308E-05  0.000000E+00  0.000000E+00  0.000000E+00  0.000000E+00  0.000000E+00  0.000000E+00
312  1.48790974E+01 -1.000000E+00 -9.922805E-01  1.589024E-02 -1.197928E-05  0.000000E+00  0.000000E+00  0.000000E+00  0.000000E+00  0.000000E+00  0.000000E+00
313  1.51548954E+01 -1.000000E+00 -9.924299E-01  1.446006E-02 -1.112877E-05  0.000000E+00  0.000000E+00  0.000000E+00  0.000000E+00  0.000000E+00  0.000000E+00
314  1.54337338E+01 -1.000000E+00 -9.925754E-01  1.313813E-02 -1.031375E-05  0.000000E+00  0.000000E+00  0.000000E+00  0.000000E+00  0.000000E+00  0.000000E+00
315  1.57156199E+01 -1.000000E+00 -9.927170E-01  1.191843E-02 -9.535849E-06  0.000000E+00  0.000000E+00  0.000000E+00  0.000000E+00  0.000000E+00  0.000000E+00
316  1.60005610E+01 -1.000000E+00 -9.928550E-01  1.079504E-02 -8.796189E-06  0.000000E+00  0.000000E+00  0.000000E+00  0.000000E+00  0.000000E+00  0.000000E+00
317  1.62885642E+01 -1.000000E+00 -9.929894E-01  9.762202E-03 -8.095416E-06  0.000000E+00  0.000000E+00  0.000000E+00  0.000000E+00  0.000000E+00  0.000000E+00
318  1.65796363E+01 -1.000000E+00 -9.931203E-01  8.814288E-03 -7.433765E-06  0.000000E+00  0.000000E+00  0.000000E+00  0.000000E+00  0.000000E+00  0.000000E+00
319  1.68737845E+01 -1.000000E+00 -9.932479E-01  7.945862E-03 -6.811110E-06  0.000000E+00  0.000000E+00  0.000000E+00  0.000000E+00  0.000000E+00  0.000000E+00
320  1.71710153E+01 -1.000000E+00 -9.933723E-01  7.151669E-03 -6.227010E-06  0.000000E+00  0.000000E+00  0.000000E+00  0.000000E+00  0.000000E+00  0.000000E+00
321  1.74713357E+01 -1.000000E+00 -9.934935E-01  6.426651E-03 -5.680756E-06  0.000000E+00  0.000000E+00  0.000000E+00  0.000000E+00  0.000000E+00  0.000000E+00
322  1.77747521E+01 -1.000000E+00 -9.936117E-01  5.765957E-03 -5.171408E-06  0.000000E+00  0.000000E+00  0.000000E+00  0.000000E+00  0.000000E+00  0.000000E+00
323  1.80812712E+01 -1.000000E+00 -9.937270E-01  5.164947E-03 -4.697836E-06  0.000000E+00  0.000000E+00  0.000000E+00  0.000000E+00  0.000000E+00  0.000000E+00
324  1.83908995E+01 -1.000000E+00 -9.938394E-01  4.619200E-03 -4.258760E-06  0.000000E+00  0.000000E+00  0.000000E+00  0.000000E+00  0.000000E+00  0.000000E+00
325  1.87036432E+01 -1.000000E+00 -9.939491E-01  4.124511E-03 -3.852774E-06  0.000000E+00  0.000000E+00  0.000000E+00  0.000000E+00  0.000000E+00  0.000000E+00
326  1.90195087E+01 -1.000000E+00 -9.940561E-01  3.676900E-03 -3.478381E-06  0.000000E+00  0.000000E+00  0.000000E+00  0.000000E+00  0.000000E+00  0.000000E+00
327  1.93385022E+01 -1.000000E+00 -9.941605E-01  3.272604E-03 -3.134022E-06  0.000000E+00  0.000000E+00  0.000000E+00  0.000000E+00  0.000000E+00  0.000000E+00
328  1.96606297E+01 -1.000000E+00 -9.942624E-01  2.908078E-03 -2.818092E-06  0.000000E+00  0.000000E+00  0.000000E+00  0.000000E+00  0.000000E+00  0.000000E+00
329  1.99858975E+01 -1.000000E+00 -9.943618E-01  2.579992E-03 -2.528968E-06  0.000000E+00  0.000000E+00  0.000000E+00  0.000000E+00  0.000000E+00  0.000000E+00
330  2.03143114E+01 -1.000000E+00 -9.944589E-01  2.285227E-03 -2.265025E-06  0.000000E+00  0.000000E+00  0.000000E+00  0.000000E+00  0.000000E+00  0.000000E+00
331  2.06458773E+01 -1.000000E+00 -9.945538E-01  2.020867E-03 -2.024648E-06  0.000000E+00  0.000000E+00  0.000000E+00  0.000000E+00  0.000000E+00  0.000000E+00
332  2.09806010E+01 -1.000000E+00 -9.946463E-01  1.784195E-03 -1.806255E-06  0.000000E+00  0.000000E+00  0.000000E+00  0.000000E+00  0.000000E+00  0.000000E+00
333  2.13184884E+01 -1.000000E+00 -9.947368E-01  1.572688E-03 -1.608297E-06  0.000000E+00  0.000000E+00  0.000000E+00  0.000000E+00  0.000000E+00  0.000000E+00
334  2.16595450E+01 -1.000000E+00 -9.948251E-01  1.384002E-03 -1.429276E-06  0.000000E+00  0.000000E+00  0.000000E+00  0.000000E+00  0.000000E+00  0.000000E+00
335  2.20037764E+01 -1.000000E+00 -9.949114E-01  1.215974E-03 -1.267748E-06  0.000000E+00  0.000000E+00  0.000000E+00  0.000000E+00  0.000000E+00  0.000000E+00
336  2.23511883E+01 -1.000000E+00 -9.949958E-01  1.066606E-03 -1.122332E-06  0.000000E+00  0.000000E+00  0.000000E+00  0.000000E+00  0.000000E+00  0.000000E+00
337  2.27017860E+01 -1.000000E+00 -9.950782E-01  9.340616E-04 -9.917113E-07  0.000000E+00  0.000000E+00  0.000000E+00  0.000000E+00  0.000000E+00  0.000000E+00
338  2.30555749E+01 -1.000000E+00 -9.951587E-01  8.166525E-04 -8.746380E-07  0.000000E+00  0.000000E+00  0.000000E+00  0.000000E+00  0.000000E+00  0.000000E+00
339  2.34125605E+01 -1.000000E+00 -9.952375E-01  7.128345E-04 -7.699352E-07  0.000000E+00  0.000000E+00  0.000000E+00  0.000000E+00  0.000000E+00  0.000000E+00
340  2.37727479E+01 -1.000000E+00 -9.953145E-01  6.211964E-04 -6.764973E-07  0.000000E+00  0.000000E+00  0.000000E+00  0.000000E+00  0.000000E+00  0.000000E+00
341  2.41361423E+01 -1.000000E+00 -9.953898E-01  5.404521E-04 -5.932903E-07  0.000000E+00  0.000000E+00  0.000000E+00  0.000000E+00  0.000000E+00  0.000000E+00
342  2.45027488E+01 -1.000000E+00 -9.954634E-01  4.694319E-04 -5.193507E-07  0.000000E+00  0.000000E+00  0.000000E+00  0.000000E+00  0.000000E+00  0.000000E+00
343  2.48725726E+01 -1.000000E+00 -9.955355E-01  4.070750E-04 -4.537840E-07  0.000000E+00  0.000000E+00  0.000000E+00  0.000000E+00  0.000000E+00  0.000000E+00
344  2.52456187E+01 -1.000000E+00 -9.956059E-01  3.524212E-04 -3.957632E-07  0.000000E+00  0.000000E+00  0.000000E+00  0.000000E+00  0.000000E+00  0.000000E+00
345  2.56218920E+01 -1.000000E+00 -9.956749E-01  3.046032E-04 -3.445259E-07  0.000000E+00  0.000000E+00  0.000000E+00  0.000000E+00  0.000000E+00  0.000000E+00
346  2.60013973E+01 -1.000000E+00 -9.957423E-01  2.628399E-04 -2.993718E-07  0.000000E+00  0.000000E+00  0.000000E+00  0.000000E+00  0.000000E+00  0.000000E+00
347  2.63841396E+01 -1.000000E+00 -9.958084E-01  2.264288E-04 -2.596599E-07  0.000000E+00  0.000000E+00  0.000000E+00  0.000000E+00  0.000000E+00  0.000000E+00
348  2.67701235E+01 -1.000000E+00 -9.958730E-01  1.947399E-04 -2.248050E-07  0.000000E+00  0.000000E+00  0.000000E+00  0.000000E+00  0.000000E+00  0.000000E+00
349  2.71593538E+01 -1.000000E+00 -9.959362E-01  1.672094E-04 -1.942746E-07  0.000000E+00  0.000000E+00  0.000000E+00  0.000000E+00  0.000000E+00  0.000000E+00
350  2.75518352E+01 -1.000000E+00 -9.959982E-01  1.433336E-04 -1.675858E-07  0.000000E+00  0.000000E+00  0.000000E+00  0.000000E+00  0.000000E+00  0.000000E+00
351  2.79475723E+01 -1.000000E+00 -9.960588E-01  1.226638E-04 -1.443016E-07  0.000000E+00  0.000000E+00  0.000000E+00  0.000000E+00  0.000000E+00  0.000000E+00
352  2.83465696E+01 -1.000000E+00 -9.961182E-01  1.048009E-04 -1.240279E-07  0.000000E+00  0.000000E+00  0.000000E+00  0.000000E+00  0.000000E+00  0.000000E+00
353  2.87488317E+01 -1.000000E+00 -9.961763E-01  8.939104E-05 -1.064104E-07  0.000000E+00  0.000000E+00  0.000000E+00  0.000000E+00  0.000000E+00  0.000000E+00
354  2.91543629E+01 -1.000000E+00 -9.962333E-01  7.612059E-05 -9.113111E-08  0.000000E+00  0.000000E+00  0.000000E+00  0.000000E+00  0.000000E+00  0.000000E+00
355  2.95631676E+01 -1.000000E+00 -9.962891E-01  6.471263E-05 -7.790555E-08  0.000000E+00  0.000000E+00  0.000000E+00  0.000000E+00  0.000000E+00  0.000000E+00
356  2.99752503E+01 -1.000000E+00 -9.963438E-01  5.492301E-05 -6.647997E-08  0.000000E+00  0.000000E+00  0.000000E+00  0.000000E+00  0.000000E+00  0.000000E+00
357  3.03906151E+01 -1.000000E+00 -9.963974E-01  4.653689E-05 -5.662853E-08  0.000000E+00  0.000000E+00  0.000000E+00  0.000000E+00  0.000000E+00  0.000000E+00
358  3.08092665E+01 -1.000000E+00 -9.964499E-01  3.936566E-05 -4.815075E-08  0.000000E+00  0.000000E+00  0.000000E+00  0.000000E+00  0.000000E+00  0.000000E+00
359  3.12312084E+01 -1.000000E+00 -9.965014E-01  3.324410E-05 -4.086913E-08  0.000000E+00  0.000000E+00  0.000000E+00  0.000000E+00  0.000000E+00  0.000000E+00
360  3.16564452E+01 -1.000000E+00 -9.965518E-01  2.802773E-05 -3.462689E-08  0.000000E+00  0.000000E+00  0.000000E+00  0.000000E+00  0.000000E+00  0.000000E+00
361  3.20849808E+01 -1.000000E+00 -9.966013E-01  2.359050E-05 -2.928588E-08  0.000000E+00  0.000000E+00  0.000000E+00  0.000000E+00  0.000000E+00  0.000000E+00
362  3.25168194E+01 -1.000000E+00 -9.966498E-01  1.982265E-05 -2.472470E-08  0.000000E+00  0.000000E+00  0.000000E+00  0.000000E+00  0.000000E+00  0.000000E+00
363  3.29519650E+01 -1.000000E+00 -9.966973E-01  1.662881E-05 -2.083688E-08  0.000000E+00  0.000000E+00  0.000000E+00  0.000000E+00  0.000000E+00  0.000000E+00
364  3.33904215E+01 -1.000000E+00 -9.967440E-01  1.392628E-05 -1.752928E-08  0.000000E+00  0.000000E+00  0.000000E+00  0.000000E+00  0.000000E+00  0.000000E+00
365  3.38321928E+01 -1.000000E+00 -9.967897E-01  1.164349E-05 -1.472063E-08  0.000000E+00  0.000000E+00  0.000000E+00  0.000000E+00  0.000000E+00  0.000000E+00
366  3.42772829E+01 -1.000000E+00 -9.968346E-01  9.718622E-06 -1.234014E-08  0.000000E+00  0.000000E+00  0.000000E+00  0.000000E+00  0.000000E+00  0.000000E+00
367  3.47256956E+01 -1.000000E+00 -9.968786E-01  8.098406E-06 -1.032634E-08  0.000000E+00  0.000000E+00  0.000000E+00  0.000000E+00  0.000000E+00  0.000000E+00
368  3.51774346E+01 -1.000000E+00 -9.969218E-01  6.737011E-06 -8.625933E-09  0.000000E+00  0.000000E+00  0.000000E+00  0.000000E+00  0.000000E+00  0.000000E+00
369  3.56325038E+01 -1.000000E+00 -9.969642E-01  5.595095E-06 -7.192829E-09  0.000000E+00  0.000000E+00  0.000000E+00  0.000000E+00  0.000000E+00  0.000000E+00
370  3.60909067E+01 -1.000000E+00 -9.970058E-01  4.638950E-06 -5.987259E-09  0.000000E+00  0.000000E+00  0.000000E+00  0.000000E+00  0.000000E+00  0.000000E+00
371  3.65526472E+01 -1.000000E+00 -9.970466E-01  3.839756E-06 -4.974986E-09  0.000000E+00  0.000000E+00  0.000000E+00  0.000000E+00  0.000000E+00  0.000000E+00
372  3.70177288E+01 -1.000000E+00 -9.970866E-01  3.172918E-06 -4.126594E-09  0.000000E+00  0.000000E+00  0.000000E+00  0.000000E+00  0.000000E+00  0.000000E+00
373  3.74861551E+01 -1.000000E+00 -9.971260E-01  2.617490E-06 -3.416870E-09  0.000000E+00  0.000000E+00  0.000000E+00  0.000000E+00  0.000000E+00  0.000000E+00
374  3.79579298E+01 -1.000000E+00 -9.971646E-01  2.155668E-06 -2.824245E-09  0.000000E+00  0.000000E+00  0.000000E+00  0.000000E+00  0.000000E+00  0.000000E+00
375  3.84330562E+01 -1.000000E+00 -9.972025E-01  1.772348E-06 -2.330313E-09  0.000000E+00  0.000000E+00  0.000000E+00  0.000000E+00  0.000000E+00  0.000000E+00
376  3.89115379E+01 -1.000000E+00 -9.972397E-01  1.454742E-06 -1.919396E-09  0.000000E+00  0.000000E+00  0.000000E+00  0.000000E+00  0.000000E+00  0.000000E+00
377  3.93933783E+01 -1.000000E+00 -9.972763E-01  1.192044E-06 -1.578171E-09  0.000000E+00  0.000000E+00  0.000000E+00  0.000000E+00  0.000000E+00  0.000000E+00
378  3.98785809E+01 -1.000000E+00 -9.973122E-01  9.751430E-07 -1.295337E-09  0.000000E+00  0.000000E+00  0.000000E+00  0.000000E+00  0.000000E+00  0.000000E+00
379  4.03671489E+01 -1.000000E+00 -9.973475E-01  7.963666E-07 -1.061333E-09  0.000000E+00  0.000000E+00  0.000000E+00  0.000000E+00  0.000000E+00  0.000000E+00
380  4.08590858E+01 -1.000000E+00 -9.973821E-01  6.492717E-07 -8.680819E-10  0.000000E+00  0.000000E+00  0.000000E+00  0.000000E+00  0.000000E+00  0.000000E+00
381  4.13543949E+01 -1.000000E+00 -9.974162E-01  5.284552E-07 -7.087788E-10  0.000000E+00  0.000000E+00  0.000000E+00  0.000000E+00  0.000000E+00  0.000000E+00
382  4.18530793E+01 -1.000000E+00 -9.974496E-01  4.293959E-07 -5.776996E-10  0.000000E+00  0.000000E+00  0.000000E+00  0.000000E+00  0.000000E+00  0.000000E+00
383  4.23551424E+01 -1.000000E+00 -9.974825E-01  3.483175E-07 -4.700402E-10  0.000000E+00  0.000000E+00  0.000000E+00  0.000000E+00  0.000000E+00  0.000000E+00
384  4.28605874E+01 -1.000000E+00 -9.975148E-01  2.820721E-07 -3.817772E-10  0.000000E+00  0.000000E+00  0.000000E+00  0.000000E+00  0.000000E+00  0.000000E+00
385  4.33694173E+01 -1.000000E+00 -9.975466E-01  2.280405E-07 -3.095476E-10  0.000000E+00  0.000000E+00  0.000000E+00  0.000000E+00  0.000000E+00  0.000000E+00
386  4.38816354E+01 -1.000000E+00 -9.975778E-01  1.840479E-07 -2.505461E-10  0.000000E+00  0.000000E+00  0.000000E+00  0.000000E+00  0.000000E+00  0.000000E+00
387  4.43972448E+01 -1.000000E+00 -9.976085E-01  1.482915E-07 -2.024374E-10  0.000000E+00  0.000000E+00  0.000000E+00  0.000000E+00  0.000000E+00  0.000000E+00
388  4.49162484E+01 -1.000000E+00 -9.976387E-01  1.192800E-07 -1.632817E-10  0.000000E+00  0.000000E+00  0.000000E+00  0.000000E+00  0.000000E+00  0.000000E+00
389  4.54386495E+01 -1.000000E+00 -9.976683E-01  9.578234E-08 -1.314703E-10  0.000000E+00  0.000000E+00  0.000000E+00  0.000000E+00  0.000000E+00  0.000000E+00
390  4.59644509E+01 -1.000000E+00 -9.976975E-01  7.678365E-08 -1.056725E-10  0.000000E+00  0.000000E+00  0.000000E+00  0.000000E+00  0.000000E+00  0.000000E+00
391  4.64936556E+01 -1.000000E+00 -9.977262E-01  6.144939E-08 -8.478922E-11  0.000000E+00  0.000000E+00  0.000000E+00  0.000000E+00  0.000000E+00  0.000000E+00
392  4.70262667E+01 -1.000000E+00 -9.977544E-01  4.909436E-08 -6.791468E-11  0.000000E+00  0.000000E+00  0.000000E+00  0.000000E+00  0.000000E+00  0.000000E+00
393  4.75622870E+01 -1.000000E+00 -9.977822E-01  3.915711E-08 -5.430396E-11  0.000000E+00  0.000000E+00  0.000000E+00  0.000000E+00  0.000000E+00  0.000000E+00
394  4.81017195E+01 -1.000000E+00 -9.978095E-01  3.117844E-08 -4.334553E-11  0.000000E+00  0.000000E+00  0.000000E+00  0.000000E+00  0.000000E+00  0.000000E+00
395  4.86445669E+01 -1.000000E+00 -9.978363E-01  2.478349E-08 -3.453841E-11  0.000000E+00  0.000000E+00  0.000000E+00  0.000000E+00  0.000000E+00  0.000000E+00
396  4.91908321E+01 -1.000000E+00 -9.978627E-01  1.966685E-08 -2.747298E-11  0.000000E+00  0.000000E+00  0.000000E+00  0.000000E+00  0.000000E+00  0.000000E+00
397  4.97405180E+01 -1.000000E+00 -9.978887E-01  1.558013E-08 -2.181498E-11  0.000000E+00  0.000000E+00  0.000000E+00  0.000000E+00  0.000000E+00  0.000000E+00
398  5.02936273E+01 -1.000000E+00 -9.979143E-01  1.232171E-08 -1.729218E-11  0.000000E+00  0.000000E+00  0.000000E+00  0.000000E+00  0.000000E+00  0.000000E+00
399  5.08501628E+01 -1.000000E+00 -9.979395E-01  9.728248E-09 -1.368329E-11  0.000000E+00  0.000000E+00  0.000000E+00  0.000000E+00  0.000000E+00  0.000000E+00
400  5.14101272E+01 -1.000000E+00 -9.979643E-01  7.667634E-09 -1.080880E-11  0.000000E+00  0.000000E+00  0.000000E+00  0.000000E+00  0.000000E+00  0.000000E+00
401  5.19735232E+01 -1.000000E+00 -9.979887E-01  6.033247E-09 -8.523364E-12  0.000000E+00  0.000000E+00  0.000000E+00  0.000000E+00  0.000000E+00  0.000000E+00
402  5.25403535E+01 -1.000000E+00 -9.980127E-01  4.739185E-09 -6.709512E-12  0.000000E+00  0.000000E+00  0.000000E+00  0.000000E+00  0.000000E+00  0.000000E+00
403  5.31106207E+01 -1.000000E+00 -9.980364E-01  3.716369E-09 -5.272510E-12  0.000000E+00  0.000000E+00  0.000000E+00  0.000000E+00  0.000000E+00  0.000000E+00
404  5.36843274E+01 -1.000000E+00 -9.980596E-01  2.909352E-09 -4.136097E-12  0.000000E+00  0.000000E+00  0.000000E+00  0.000000E+00  0.000000E+00  0.000000E+00
405  5.42614764E+01 -1.000000E+00 -9.980826E-01  2.273714E-09 -3.239000E-12  0.000000E+00  0.000000E+00  0.000000E+00  0.000000E+00  0.000000E+00  0.000000E+00
406  5.48420700E+01 -1.000000E+00 -9.981051E-01  1.773934E-09 -2.532084E-12  0.000000E+00  0.000000E+00  0.000000E+00  0.000000E+00  0.000000E+00  0.000000E+00
407  5.54261110E+01 -1.000000E+00 -9.981274E-01  1.381658E-09 -1.976026E-12  0.000000E+00  0.000000E+00  0.000000E+00  0.000000E+00  0.000000E+00  0.000000E+00
408  5.60136018E+01 -1.000000E+00 -9.981493E-01  1.074299E-09 -1.539410E-12  0.000000E+00  0.000000E+00  0.000000E+00  0.000000E+00  0.000000E+00  0.000000E+00
409  5.66045448E+01 -1.000000E+00 -9.981708E-01  8.338946E-10 -1.197190E-12  0.000000E+00  0.000000E+00  0.000000E+00  0.000000E+00  0.000000E+00  0.000000E+00
410  5.71989428E+01 -1.000000E+00 -9.981921E-01  6.461869E-10 -9.294364E-13  0.000000E+00  0.000000E+00  0.000000E+00  0.000000E+00  0.000000E+00  0.000000E+00
411  5.77967979E+01 -1.000000E+00 -9.982130E-01  4.998802E-10 -7.203170E-13  0.000000E+00  0.000000E+00  0.000000E+00  0.000000E+00  0.000000E+00  0.000000E+00
412  5.83981128E+01 -1.000000E+00 -9.982336E-01  3.860419E-10 -5.572824E-13  0.000000E+00  0.000000E+00  0.000000E+00  0.000000E+00  0.000000E+00  0.000000E+00
413  5.90028898E+01 -1.000000E+00 -9.982539E-01  2.976209E-10 -4.304024E-13  0.000000E+00  0.000000E+00  0.000000E+00  0.000000E+00  0.000000E+00  0.000000E+00
414  5.96111313E+01 -1.000000E+00 -9.982740E-01  2.290618E-10 -3.318347E-13  0.000000E+00  0.000000E+00  0.000000E+00  0.000000E+00  0.000000E+00  0.000000E+00
415  6.02228397E+01 -1.000000E+00 -9.982937E-01  1.759956E-10 -2.553976E-13  0.000000E+00  0.000000E+00  0.000000E+00  0.000000E+00  0.000000E+00  0.000000E+00
416  6.08380173E+01 -1.000000E+00 -9.983131E-01  1.349929E-10 -1.963048E-13  0.000000E+00  0.000000E+00  0.000000E+00  0.000000E+00  0.000000E+00  0.000000E+00
417  6.14566664E+01 -1.000000E+00 -9.983323E-01  1.033665E-10 -1.503351E-13  0.000000E+00  0.000000E+00  0.000000E+00  0.000000E+00  0.000000E+00  0.000000E+00
