#      n =  2
#  kappa = -1
# energy = -4.34154400E+04
#zenergy =  0.00000000E+00
#     dn =  1.98341935E+00
# qrnorm =  1.02926804E+00
#SelfEne =  2.72113860E+32
#     vc = -1.55089443E+05
#     vr = -1.94728565E+04
#  ilast =  207
#    ifm =    0
#    cfm =  0.00000000E+00
#    xfm =  0.00000000E+00
#    rfn =  8.87563669E-03
#    pdx =  9.99817053E-01
#   bqp0 = -3.34826886E-05
#   bqp1 =  0.00000000E+00
#    idx = 1
# LEPTON = 0
#   MASS =  1.00000000E+00
# CHARGE =  1.00000000E+00
#  EUNIT =  2.72113860E+01
#  RUNIT =  4.13413733E+16
#  LUNIT =  5.29177211E-01
#    AMU =  1.82288849E+03
#    FSC =  7.29735257E-03


0    1.15000117E-08 -1.377152E-02  9.782673E+07  8.261907E-05 -2.770438E-09  0.000000E+00  0.000000E+00  0.000000E+00  0.000000E+00  0.000000E+00  0.000000E+00
1    1.26117963E-08 -1.510291E-02  8.920290E+07  9.060489E-05 -3.331303E-09  0.000000E+00  0.000000E+00  0.000000E+00  0.000000E+00  0.000000E+00  0.000000E+00
2    1.38310648E-08 -1.656301E-02  8.133930E+07  9.936273E-05 -4.005902E-09  0.000000E+00  0.000000E+00  0.000000E+00  0.000000E+00  0.000000E+00  0.000000E+00
3    1.51681819E-08 -1.816423E-02  7.416904E+07  1.089671E-04 -4.817268E-09  0.000000E+00  0.000000E+00  0.000000E+00  0.000000E+00  0.000000E+00  0.000000E+00
4    1.66345646E-08 -1.992026E-02  6.763086E+07  1.195000E-04 -5.793131E-09  0.000000E+00  0.000000E+00  0.000000E+00  0.000000E+00  0.000000E+00  0.000000E+00
5    1.82427098E-08 -2.184605E-02  6.166904E+07  1.310511E-04 -6.966828E-09  0.000000E+00  0.000000E+00  0.000000E+00  0.000000E+00  0.000000E+00  0.000000E+00
6    2.00062875E-08 -2.395797E-02  5.623286E+07  1.437187E-04 -8.378426E-09  0.000000E+00  0.000000E+00  0.000000E+00  0.000000E+00  0.000000E+00  0.000000E+00
7    2.19403556E-08 -2.627406E-02  5.127589E+07  1.576109E-04 -1.007616E-08  0.000000E+00  0.000000E+00  0.000000E+00  0.000000E+00  0.000000E+00  0.000000E+00
8    2.40613958E-08 -2.881405E-02  4.675587E+07  1.728461E-04 -1.211804E-08  0.000000E+00  0.000000E+00  0.000000E+00  0.000000E+00  0.000000E+00  0.000000E+00
9    2.63874375E-08 -3.159954E-02  4.263438E+07  1.895538E-04 -1.457375E-08  0.000000E+00  0.000000E+00  0.000000E+00  0.000000E+00  0.000000E+00  0.000000E+00
10   2.89383403E-08 -3.465430E-02  3.887620E+07  2.078766E-04 -1.752720E-08  0.000000E+00  0.000000E+00  0.000000E+00  0.000000E+00  0.000000E+00  0.000000E+00
11   3.17358416E-08 -3.800437E-02  3.544929E+07  2.279706E-04 -2.107930E-08  0.000000E+00  0.000000E+00  0.000000E+00  0.000000E+00  0.000000E+00  0.000000E+00
12   3.48037199E-08 -4.167822E-02  3.232452E+07  2.500068E-04 -2.535126E-08  0.000000E+00  0.000000E+00  0.000000E+00  0.000000E+00  0.000000E+00  0.000000E+00
13   3.81681012E-08 -4.570714E-02  2.947525E+07  2.741729E-04 -3.048898E-08  0.000000E+00  0.000000E+00  0.000000E+00  0.000000E+00  0.000000E+00  0.000000E+00
14   4.18577081E-08 -5.012553E-02  2.687712E+07  3.006750E-04 -3.666800E-08  0.000000E+00  0.000000E+00  0.000000E+00  0.000000E+00  0.000000E+00  0.000000E+00
15   4.59039793E-08 -5.497103E-02  2.450802E+07  3.297387E-04 -4.409936E-08  0.000000E+00  0.000000E+00  0.000000E+00  0.000000E+00  0.000000E+00  0.000000E+00
16   5.03413050E-08 -6.028482E-02  2.234777E+07  3.616115E-04 -5.303671E-08  0.000000E+00  0.000000E+00  0.000000E+00  0.000000E+00  0.000000E+00  0.000000E+00
17   5.52074705E-08 -6.611216E-02  2.037798E+07  3.965647E-04 -6.378519E-08  0.000000E+00  0.000000E+00  0.000000E+00  0.000000E+00  0.000000E+00  0.000000E+00
18   6.05440164E-08 -7.250279E-02  1.858181E+07  4.348964E-04 -7.671206E-08  0.000000E+00  0.000000E+00  0.000000E+00  0.000000E+00  0.000000E+00  0.000000E+00
19   6.63962959E-08 -7.951103E-02  1.694399E+07  4.769327E-04 -9.225847E-08  0.000000E+00  0.000000E+00  0.000000E+00  0.000000E+00  0.000000E+00  0.000000E+00
20   7.28141394E-08 -8.719654E-02  1.545056E+07  5.230316E-04 -1.109552E-07  0.000000E+00  0.000000E+00  0.000000E+00  0.000000E+00  0.000000E+00  0.000000E+00
21   7.98523293E-08 -9.562492E-02  1.408875E+07  5.735860E-04 -1.334410E-07  0.000000E+00  0.000000E+00  0.000000E+00  0.000000E+00  0.000000E+00  0.000000E+00
22   8.75706761E-08 -1.048678E-01  1.284700E+07  6.290260E-04 -1.604833E-07  0.000000E+00  0.000000E+00  0.000000E+00  0.000000E+00  0.000000E+00  0.000000E+00
23   9.60350608E-08 -1.150041E-01  1.171470E+07  6.898243E-04 -1.930058E-07  0.000000E+00  0.000000E+00  0.000000E+00  0.000000E+00  0.000000E+00  0.000000E+00
24   1.05317228E-07 -1.261197E-01  1.068223E+07  7.564974E-04 -2.321176E-07  0.000000E+00  0.000000E+00  0.000000E+00  0.000000E+00  0.000000E+00  0.000000E+00
25   1.15496552E-07 -1.383096E-01  9.740754E+06  8.296141E-04 -2.791554E-07  0.000000E+00  0.000000E+00  0.000000E+00  0.000000E+00  0.000000E+00  0.000000E+00
26   1.26659529E-07 -1.516775E-01  8.882273E+06  9.097963E-04 -3.357241E-07  0.000000E+00  0.000000E+00  0.000000E+00  0.000000E+00  0.000000E+00  0.000000E+00
27   1.38901188E-07 -1.663372E-01  8.099467E+06  9.977266E-04 -4.037547E-07  0.000000E+00  0.000000E+00  0.000000E+00  0.000000E+00  0.000000E+00  0.000000E+00
28   1.52325740E-07 -1.824134E-01  7.385664E+06  1.094154E-03 -4.855694E-07  0.000000E+00  0.000000E+00  0.000000E+00  0.000000E+00  0.000000E+00  0.000000E+00
29   1.67047461E-07 -2.000429E-01  6.734780E+06  1.199898E-03 -5.839606E-07  0.000000E+00  0.000000E+00  0.000000E+00  0.000000E+00  0.000000E+00  0.000000E+00
30   1.83191662E-07 -2.193759E-01  6.141268E+06  1.315860E-03 -7.022866E-07  0.000000E+00  0.000000E+00  0.000000E+00  0.000000E+00  0.000000E+00  0.000000E+00
31   2.00895762E-07 -2.405770E-01  5.600071E+06  1.443026E-03 -8.445857E-07  0.000000E+00  0.000000E+00  0.000000E+00  0.000000E+00  0.000000E+00  0.000000E+00
32   2.20310446E-07 -2.638264E-01  5.106575E+06  1.582479E-03 -1.015714E-06  0.000000E+00  0.000000E+00  0.000000E+00  0.000000E+00  0.000000E+00  0.000000E+00
33   2.41600536E-07 -2.893217E-01  4.656584E+06  1.735403E-03 -1.221509E-06  0.000000E+00  0.000000E+00  0.000000E+00  0.000000E+00  0.000000E+00  0.000000E+00
34   2.64947571E-07 -3.172802E-01  4.246254E+06  1.903103E-03 -1.468994E-06  0.000000E+00  0.000000E+00  0.000000E+00  0.000000E+00  0.000000E+00  0.000000E+00
35   2.90550239E-07 -3.479399E-01  3.872089E+06  2.087003E-03 -1.766616E-06  0.000000E+00  0.000000E+00  0.000000E+00  0.000000E+00  0.000000E+00  0.000000E+00
36   3.18626413E-07 -3.815615E-01  3.530900E+06  2.288670E-03 -2.124529E-06  0.000000E+00  0.000000E+00  0.000000E+00  0.000000E+00  0.000000E+00  0.000000E+00
37   3.49414403E-07 -4.184306E-01  3.219786E+06  2.509816E-03 -2.554937E-06  0.000000E+00  0.000000E+00  0.000000E+00  0.000000E+00  0.000000E+00  0.000000E+00
38   3.83176684E-07 -4.588614E-01  2.936091E+06  2.752324E-03 -3.072530E-06  0.000000E+00  0.000000E+00  0.000000E+00  0.000000E+00  0.000000E+00  0.000000E+00
39   4.20199795E-07 -5.031971E-01  2.677401E+06  3.018256E-03 -3.694954E-06  0.000000E+00  0.000000E+00  0.000000E+00  0.000000E+00  0.000000E+00  0.000000E+00
40   4.60799334E-07 -5.518155E-01  2.441508E+06  3.309874E-03 -4.443452E-06  0.000000E+00  0.000000E+00  0.000000E+00  0.000000E+00  0.000000E+00  0.000000E+00
41   5.05318947E-07 -6.051281E-01  2.226410E+06  3.629652E-03 -5.343519E-06  0.000000E+00  0.000000E+00  0.000000E+00  0.000000E+00  0.000000E+00  0.000000E+00
42   5.54138810E-07 -6.635901E-01  2.030267E+06  3.980316E-03 -6.425881E-06  0.000000E+00  0.000000E+00  0.000000E+00  0.000000E+00  0.000000E+00  0.000000E+00
43   6.07673142E-07 -7.276976E-01  1.851410E+06  4.364842E-03 -7.727428E-06  0.000000E+00  0.000000E+00  0.000000E+00  0.000000E+00  0.000000E+00  0.000000E+00
44   6.66378168E-07 -7.979967E-01  1.688312E+06  4.786503E-03 -9.292564E-06  0.000000E+00  0.000000E+00  0.000000E+00  0.000000E+00  0.000000E+00  0.000000E+00
45   7.30750654E-07 -8.750823E-01  1.539591E+06  5.248874E-03 -1.117459E-05  0.000000E+00  0.000000E+00  0.000000E+00  0.000000E+00  0.000000E+00  0.000000E+00
46   8.01337375E-07 -9.596090E-01  1.403977E+06  5.755882E-03 -1.343764E-05  0.000000E+00  0.000000E+00  0.000000E+00  0.000000E+00  0.000000E+00  0.000000E+00
47   8.78740878E-07 -1.052298E+00  1.280312E+06  6.311845E-03 -1.615893E-05  0.000000E+00  0.000000E+00  0.000000E+00  0.000000E+00  0.000000E+00  0.000000E+00
48   9.63615982E-07 -1.153934E+00  1.167545E+06  6.921474E-03 -1.943111E-05  0.000000E+00  0.000000E+00  0.000000E+00  0.000000E+00  0.000000E+00  0.000000E+00
49   1.05668526E-06 -1.265381E+00  1.064715E+06  7.589951E-03 -2.336573E-05  0.000000E+00  0.000000E+00  0.000000E+00  0.000000E+00  0.000000E+00  0.000000E+00
50   1.15873793E-06 -1.387583E+00  9.709457E+05  8.322947E-03 -2.809678E-05  0.000000E+00  0.000000E+00  0.000000E+00  0.000000E+00  0.000000E+00  0.000000E+00
51   1.27064004E-06 -1.521579E+00  8.854397E+05  9.126680E-03 -3.378539E-05  0.000000E+00  0.000000E+00  0.000000E+00  0.000000E+00  0.000000E+00  0.000000E+00
52   1.39334152E-06 -1.668504E+00  8.074681E+05  1.000797E-02 -4.062528E-05  0.000000E+00  0.000000E+00  0.000000E+00  0.000000E+00  0.000000E+00  0.000000E+00
53   1.52788524E-06 -1.829606E+00  7.363661E+05  1.097430E-02 -4.884943E-05  0.000000E+00  0.000000E+00  0.000000E+00  0.000000E+00  0.000000E+00  0.000000E+00
54   1.67541056E-06 -2.006248E+00  6.715292E+05  1.203385E-02 -5.873768E-05  0.000000E+00  0.000000E+00  0.000000E+00  0.000000E+00  0.000000E+00  0.000000E+00
55   1.83717063E-06 -2.199929E+00  6.124045E+05  1.319561E-02 -7.062668E-05  0.000000E+00  0.000000E+00  0.000000E+00  0.000000E+00  0.000000E+00  0.000000E+00
56   2.01453629E-06 -2.412289E+00  5.584890E+05  1.446942E-02 -8.492091E-05  0.000000E+00  0.000000E+00  0.000000E+00  0.000000E+00  0.000000E+00  0.000000E+00
57   2.20901188E-06 -2.645126E+00  5.093234E+05  1.586607E-02 -1.021067E-04  0.000000E+00  0.000000E+00  0.000000E+00  0.000000E+00  0.000000E+00  0.000000E+00
58   2.42224403E-06 -2.900408E+00  4.644896E+05  1.739737E-02 -1.227683E-04  0.000000E+00  0.000000E+00  0.000000E+00  0.000000E+00  0.000000E+00  0.000000E+00
59   2.65604178E-06 -3.180297E+00  4.236052E+05  1.907629E-02 -1.476083E-04  0.000000E+00  0.000000E+00  0.000000E+00  0.000000E+00  0.000000E+00  0.000000E+00
60   2.91238443E-06 -3.487154E+00  3.863225E+05  2.091701E-02 -1.774710E-04  0.000000E+00  0.000000E+00  0.000000E+00  0.000000E+00  0.000000E+00  0.000000E+00
61   3.19344526E-06 -3.823574E+00  3.523238E+05  2.293509E-02 -2.133711E-04  0.000000E+00  0.000000E+00  0.000000E+00  0.000000E+00  0.000000E+00  0.000000E+00
62   3.50160105E-06 -4.192392E+00  3.213200E+05  2.514757E-02 -2.565275E-04  0.000000E+00  0.000000E+00  0.000000E+00  0.000000E+00  0.000000E+00  0.000000E+00
63   3.83946103E-06 -4.596715E+00  2.930453E+05  2.757309E-02 -3.084053E-04  0.000000E+00  0.000000E+00  0.000000E+00  0.000000E+00  0.000000E+00  0.000000E+00
64   4.20988541E-06 -5.039949E+00  2.672645E+05  3.023211E-02 -3.707650E-04  0.000000E+00  0.000000E+00  0.000000E+00  0.000000E+00  0.000000E+00  0.000000E+00
65   4.61600401E-06 -5.525813E+00  2.437513E+05  3.314699E-02 -4.457206E-04  0.000000E+00  0.000000E+00  0.000000E+00  0.000000E+00  0.000000E+00  0.000000E+00
66   5.06125378E-06 -6.058388E+00  2.223103E+05  3.634222E-02 -5.358130E-04  0.000000E+00  0.000000E+00  0.000000E+00  0.000000E+00  0.000000E+00  0.000000E+00
67   5.54939588E-06 -6.642129E+00  2.027578E+05  3.984462E-02 -6.440925E-04  0.000000E+00  0.000000E+00  0.000000E+00  0.000000E+00  0.000000E+00  0.000000E+00
68   6.08455424E-06 -7.281913E+00  1.849257E+05  4.368349E-02 -7.742231E-04  0.000000E+00  0.000000E+00  0.000000E+00  0.000000E+00  0.000000E+00  0.000000E+00
69   6.67124975E-06 -7.983070E+00  1.686650E+05  4.789093E-02 -9.306042E-04  0.000000E+00  0.000000E+00  0.000000E+00  0.000000E+00  0.000000E+00  0.000000E+00
70   7.31443393E-06 -8.751422E+00  1.538369E+05  5.250197E-02 -1.118516E-03  0.000000E+00  0.000000E+00  0.000000E+00  0.000000E+00  0.000000E+00  0.000000E+00
71   8.01953244E-06 -9.593321E+00  1.403136E+05  5.755493E-02 -1.344297E-03  0.000000E+00  0.000000E+00  0.000000E+00  0.000000E+00  0.000000E+00  0.000000E+00
72   8.79249031E-06 -1.051570E+01  1.279804E+05  6.309162E-02 -1.615549E-03  0.000000E+00  0.000000E+00  0.000000E+00  0.000000E+00  0.000000E+00  0.000000E+00
73   9.63982611E-06 -1.152611E+01  1.167341E+05  6.915766E-02 -1.941395E-03  0.000000E+00  0.000000E+00  0.000000E+00  0.000000E+00  0.000000E+00  0.000000E+00
74   1.05686764E-05 -1.263277E+01  1.064782E+05  7.580278E-02 -2.332766E-03  0.000000E+00  0.000000E+00  0.000000E+00  0.000000E+00  0.000000E+00  0.000000E+00
75   1.15868601E-05 -1.384462E+01  9.712481E+04  8.308112E-02 -2.802766E-03  0.000000E+00  0.000000E+00  0.000000E+00  0.000000E+00  0.000000E+00  0.000000E+00
76   1.27029476E-05 -1.517134E+01  8.859548E+04  9.105156E-02 -3.367087E-03  0.000000E+00  0.000000E+00  0.000000E+00  0.000000E+00  0.000000E+00  0.000000E+00
77   1.39263226E-05 -1.662342E+01  8.081734E+04  9.977799E-02 -4.044510E-03  0.000000E+00  0.000000E+00  0.000000E+00  0.000000E+00  0.000000E+00  0.000000E+00
78   1.52672673E-05 -1.821219E+01  7.372444E+04  1.093297E-01 -4.857496E-03  0.000000E+00  0.000000E+00  0.000000E+00  0.000000E+00  0.000000E+00  0.000000E+00
79   1.67370439E-05 -1.994983E+01  6.725668E+04  1.197814E-01 -5.832881E-03  0.000000E+00  0.000000E+00  0.000000E+00  0.000000E+00  0.000000E+00  0.000000E+00
80   1.83479863E-05 -2.184940E+01  6.135910E+04  1.312138E-01 -7.002689E-03  0.000000E+00  0.000000E+00  0.000000E+00  0.000000E+00  0.000000E+00  0.000000E+00
81   2.01136076E-05 -2.392483E+01  5.598212E+04  1.437137E-01 -8.405090E-03  0.000000E+00  0.000000E+00  0.000000E+00  0.000000E+00  0.000000E+00  0.000000E+00
82   2.20487024E-05 -2.619086E+01  5.108026E+04  1.573734E-01 -1.008549E-02  0.000000E+00  0.000000E+00  0.000000E+00  0.000000E+00  0.000000E+00  0.000000E+00
83   2.41694739E-05 -2.866298E+01  4.661220E+04  1.722917E-01 -1.209783E-02  0.000000E+00  0.000000E+00  0.000000E+00  0.000000E+00  0.000000E+00  0.000000E+00
84   2.64936659E-05 -3.135730E+01  4.254061E+04  1.885726E-01 -1.450596E-02  0.000000E+00  0.000000E+00  0.000000E+00  0.000000E+00  0.000000E+00  0.000000E+00
85   2.90407068E-05 -3.429031E+01  3.883169E+04  2.063252E-01 -1.738535E-02  0.000000E+00  0.000000E+00  0.000000E+00  0.000000E+00  0.000000E+00  0.000000E+00
86   3.18318685E-05 -3.747857E+01  3.545486E+04  2.256627E-01 -2.082479E-02  0.000000E+00  0.000000E+00  0.000000E+00  0.000000E+00  0.000000E+00  0.000000E+00
87   3.48904368E-05 -4.093824E+01  3.238266E+04  2.467008E-01 -2.492836E-02  0.000000E+00  0.000000E+00  0.000000E+00  0.000000E+00  0.000000E+00  0.000000E+00
88   3.82419079E-05 -4.468443E+01  2.959073E+04  2.695558E-01 -2.981734E-02  0.000000E+00  0.000000E+00  0.000000E+00  0.000000E+00  0.000000E+00  0.000000E+00
89   4.19141865E-05 -4.873026E+01  2.705757E+04  2.943422E-01 -3.563222E-02  0.000000E+00  0.000000E+00  0.000000E+00  0.000000E+00  0.000000E+00  0.000000E+00
90   4.59378148E-05 -5.308560E+01  2.476460E+04  3.211683E-01 -4.253432E-02  0.000000E+00  0.000000E+00  0.000000E+00  0.000000E+00  0.000000E+00  0.000000E+00
91   5.03462213E-05 -5.775540E+01  2.269626E+04  3.501325E-01 -5.070700E-02  0.000000E+00  0.000000E+00  0.000000E+00  0.000000E+00  0.000000E+00  0.000000E+00
92   5.51759836E-05 -6.273729E+01  2.084010E+04  3.813170E-01 -6.035593E-02  0.000000E+00  0.000000E+00  0.000000E+00  0.000000E+00  0.000000E+00  0.000000E+00
93   6.04671277E-05 -6.801853E+01  1.918729E+04  4.147814E-01 -7.170785E-02  0.000000E+00  0.000000E+00  0.000000E+00  0.000000E+00  0.000000E+00  0.000000E+00
94   6.62634429E-05 -7.357182E+01  1.773304E+04  4.505549E-01 -8.500693E-02  0.000000E+00  0.000000E+00  0.000000E+00  0.000000E+00  0.000000E+00  0.000000E+00
95   7.26128392E-05 -7.934976E+01  1.647733E+04  4.886285E-01 -1.005078E-01  0.000000E+00  0.000000E+00  0.000000E+00  0.000000E+00  0.000000E+00  0.000000E+00
96   7.95677148E-05 -8.527757E+01  1.542596E+04  5.289481E-01 -1.184637E-01  0.000000E+00  0.000000E+00  0.000000E+00  0.000000E+00  0.000000E+00  0.000000E+00
97   8.71853842E-05 -9.124358E+01  1.459167E+04  5.714098E-01 -1.391076E-01  0.000000E+00  0.000000E+00  0.000000E+00  0.000000E+00  0.000000E+00  0.000000E+00
98   9.55285204E-05 -9.708727E+01  1.399438E+04  6.158617E-01 -1.626254E-01  0.000000E+00  0.000000E+00  0.000000E+00  0.000000E+00  0.000000E+00  0.000000E+00
99   1.04665655E-04 -1.025856E+02  1.365492E+04  6.621171E-01 -1.891173E-01  0.000000E+00  0.000000E+00  0.000000E+00  0.000000E+00  0.000000E+00  0.000000E+00
100  1.14671712E-04 -1.074430E+02  1.354193E+04  7.099870E-01 -2.185490E-01  0.000000E+00  0.000000E+00  0.000000E+00  0.000000E+00  0.000000E+00  0.000000E+00
101  1.25628590E-04 -1.113070E+02  1.339654E+04  7.593154E-01 -2.506979E-01  0.000000E+00  0.000000E+00  0.000000E+00  0.000000E+00  0.000000E+00  0.000000E+00
102  1.37625807E-04 -1.138786E+02  1.272298E+04  8.099680E-01 -2.851227E-01  0.000000E+00  0.000000E+00  0.000000E+00  0.000000E+00  0.000000E+00  0.000000E+00
103  1.50761180E-04 -1.151773E+02  1.137225E+04  8.619447E-01 -3.212357E-01  0.000000E+00  0.000000E+00  0.000000E+00  0.000000E+00  0.000000E+00  0.000000E+00
104  1.65141592E-04 -1.156477E+02  9.870792E+03  9.155319E-01 -3.585144E-01  0.000000E+00  0.000000E+00  0.000000E+00  0.000000E+00  0.000000E+00  0.000000E+00
105  1.80883801E-04 -1.157687E+02  8.701710E+03  9.709061E-01 -3.966732E-01  0.000000E+00  0.000000E+00  0.000000E+00  0.000000E+00  0.000000E+00  0.000000E+00
106  1.98115335E-04 -1.157822E+02  7.833370E+03  1.028071E+00 -4.356324E-01  0.000000E+00  0.000000E+00  0.000000E+00  0.000000E+00  0.000000E+00  0.000000E+00
107  2.16975458E-04 -1.157678E+02  7.102413E+03  1.087069E+00 -4.754077E-01  0.000000E+00  0.000000E+00  0.000000E+00  0.000000E+00  0.000000E+00  0.000000E+00
108  2.37616224E-04 -1.157461E+02  6.446284E+03  1.147958E+00 -5.160454E-01  0.000000E+00  0.000000E+00  0.000000E+00  0.000000E+00  0.000000E+00  0.000000E+00
109  2.60203615E-04 -1.157212E+02  5.849356E+03  1.210781E+00 -5.575984E-01  0.000000E+00  0.000000E+00  0.000000E+00  0.000000E+00  0.000000E+00  0.000000E+00
110  2.84918778E-04 -1.156938E+02  5.305208E+03  1.275566E+00 -6.001180E-01  0.000000E+00  0.000000E+00  0.000000E+00  0.000000E+00  0.000000E+00  0.000000E+00
111  3.11959367E-04 -1.156636E+02  4.809137E+03  1.342325E+00 -6.436511E-01  0.000000E+00  0.000000E+00  0.000000E+00  0.000000E+00  0.000000E+00  0.000000E+00
112  3.41541004E-04 -1.156306E+02  4.356965E+03  1.411055E+00 -6.882390E-01  0.000000E+00  0.000000E+00  0.000000E+00  0.000000E+00  0.000000E+00  0.000000E+00
113  3.73898850E-04 -1.155944E+02  3.944878E+03  1.481734E+00 -7.339169E-01  0.000000E+00  0.000000E+00  0.000000E+00  0.000000E+00  0.000000E+00  0.000000E+00
114  4.09289310E-04 -1.155548E+02  3.569394E+03  1.554323E+00 -7.807121E-01  0.000000E+00  0.000000E+00  0.000000E+00  0.000000E+00  0.000000E+00  0.000000E+00
115  4.47991890E-04 -1.155114E+02  3.227337E+03  1.628755E+00 -8.286435E-01  0.000000E+00  0.000000E+00  0.000000E+00  0.000000E+00  0.000000E+00  0.000000E+00
116  4.90311182E-04 -1.154639E+02  2.915807E+03  1.704938E+00 -8.777198E-01  0.000000E+00  0.000000E+00  0.000000E+00  0.000000E+00  0.000000E+00  0.000000E+00
117  5.36579038E-04 -1.154120E+02  2.632161E+03  1.782748E+00 -9.279385E-01  0.000000E+00  0.000000E+00  0.000000E+00  0.000000E+00  0.000000E+00  0.000000E+00
118  5.87156887E-04 -1.153553E+02  2.373987E+03  1.862026E+00 -9.792836E-01  0.000000E+00  0.000000E+00  0.000000E+00  0.000000E+00  0.000000E+00  0.000000E+00
119  6.42438263E-04 -1.152933E+02  2.139083E+03  1.942571E+00 -1.031724E+00  0.000000E+00  0.000000E+00  0.000000E+00  0.000000E+00  0.000000E+00  0.000000E+00
120  7.02851522E-04 -1.152257E+02  1.925438E+03  2.024137E+00 -1.085212E+00  0.000000E+00  0.000000E+00  0.000000E+00  0.000000E+00  0.000000E+00  0.000000E+00
121  7.68862755E-04 -1.151520E+02  1.731218E+03  2.106426E+00 -1.139681E+00  0.000000E+00  0.000000E+00  0.000000E+00  0.000000E+00  0.000000E+00  0.000000E+00
122  8.40978953E-04 -1.150716E+02  1.554744E+03  2.189080E+00 -1.195040E+00  0.000000E+00  0.000000E+00  0.000000E+00  0.000000E+00  0.000000E+00  0.000000E+00
123  9.19751392E-04 -1.149840E+02  1.394482E+03  2.271678E+00 -1.251177E+00  0.000000E+00  0.000000E+00  0.000000E+00  0.000000E+00  0.000000E+00  0.000000E+00
124  1.00577928E-03 -1.148888E+02  1.249031E+03  2.353724E+00 -1.307949E+00  0.000000E+00  0.000000E+00  0.000000E+00  0.000000E+00  0.000000E+00  0.000000E+00
125  1.09971366E-03 -1.147852E+02  1.117107E+03  2.434646E+00 -1.365186E+00  0.000000E+00  0.000000E+00  0.000000E+00  0.000000E+00  0.000000E+00  0.000000E+00
126  1.20226164E-03 -1.146727E+02  9.975344E+02  2.513779E+00 -1.422682E+00  0.000000E+00  0.000000E+00  0.000000E+00  0.000000E+00  0.000000E+00  0.000000E+00
127  1.31419087E-03 -1.145505E+02  8.892365E+02  2.590365E+00 -1.480195E+00  0.000000E+00  0.000000E+00  0.000000E+00  0.000000E+00  0.000000E+00  0.000000E+00
128  1.43633437E-03 -1.144181E+02  7.912259E+02  2.663543E+00 -1.537440E+00  0.000000E+00  0.000000E+00  0.000000E+00  0.000000E+00  0.000000E+00  0.000000E+00
129  1.56959571E-03 -1.142746E+02  7.025971E+02  2.732338E+00 -1.594093E+00  0.000000E+00  0.000000E+00  0.000000E+00  0.000000E+00  0.000000E+00  0.000000E+00
130  1.71495450E-03 -1.141193E+02  6.225186E+02  2.795657E+00 -1.649778E+00  0.000000E+00  0.000000E+00  0.000000E+00  0.000000E+00  0.000000E+00  0.000000E+00
131  1.87347229E-03 -1.139515E+02  5.502274E+02  2.852281E+00 -1.704070E+00  0.000000E+00  0.000000E+00  0.000000E+00  0.000000E+00  0.000000E+00  0.000000E+00
132  2.04629882E-03 -1.137702E+02  4.850226E+02  2.900862E+00 -1.756493E+00  0.000000E+00  0.000000E+00  0.000000E+00  0.000000E+00  0.000000E+00  0.000000E+00
133  2.23467875E-03 -1.135746E+02  4.262604E+02  2.939918E+00 -1.806513E+00  0.000000E+00  0.000000E+00  0.000000E+00  0.000000E+00  0.000000E+00  0.000000E+00
134  2.43995873E-03 -1.133640E+02  3.733498E+02  2.967834E+00 -1.853539E+00  0.000000E+00  0.000000E+00  0.000000E+00  0.000000E+00  0.000000E+00  0.000000E+00
135  2.66359491E-03 -1.131372E+02  3.257481E+02  2.982863E+00 -1.896925E+00  0.000000E+00  0.000000E+00  0.000000E+00  0.000000E+00  0.000000E+00  0.000000E+00
136  2.90716100E-03 -1.128935E+02  2.829577E+02  2.983137E+00 -1.935966E+00  0.000000E+00  0.000000E+00  0.000000E+00  0.000000E+00  0.000000E+00  0.000000E+00
137  3.17235672E-03 -1.126318E+02  2.445224E+02  2.966674E+00 -1.970056E+00  0.000000E+00  0.000000E+00  0.000000E+00  0.000000E+00  0.000000E+00  0.000000E+00
138  3.46101671E-03 -1.123511E+02  2.100244E+02  2.931399E+00 -1.998249E+00  0.000000E+00  0.000000E+00  0.000000E+00  0.000000E+00  0.000000E+00  0.000000E+00
139  3.77512001E-03 -1.120504E+02  1.790820E+02  2.875174E+00 -2.019694E+00  0.000000E+00  0.000000E+00  0.000000E+00  0.000000E+00  0.000000E+00  0.000000E+00
140  4.11680000E-03 -1.117286E+02  1.513467E+02  2.795822E+00 -2.033505E+00  0.000000E+00  0.000000E+00  0.000000E+00  0.000000E+00  0.000000E+00  0.000000E+00
141  4.48835488E-03 -1.113845E+02  1.265008E+02  2.691184E+00 -2.038775E+00  0.000000E+00  0.000000E+00  0.000000E+00  0.000000E+00  0.000000E+00  0.000000E+00
142  4.89225861E-03 -1.110171E+02  1.042554E+02  2.559163E+00 -2.034591E+00  0.000000E+00  0.000000E+00  0.000000E+00  0.000000E+00  0.000000E+00  0.000000E+00
143  5.33117245E-03 -1.106250E+02  8.434870E+01  2.397796E+00 -2.020054E+00  0.000000E+00  0.000000E+00  0.000000E+00  0.000000E+00  0.000000E+00  0.000000E+00
144  5.80795699E-03 -1.102070E+02  6.654318E+01  2.205334E+00 -1.994304E+00  0.000000E+00  0.000000E+00  0.000000E+00  0.000000E+00  0.000000E+00  0.000000E+00
145  6.32568467E-03 -1.097616E+02  5.062442E+01  1.980328E+00 -1.956544E+00  0.000000E+00  0.000000E+00  0.000000E+00  0.000000E+00  0.000000E+00  0.000000E+00
146  6.88765288E-03 -1.092874E+02  3.639914E+01  1.721734E+00 -1.906079E+00  0.000000E+00  0.000000E+00  0.000000E+00  0.000000E+00  0.000000E+00  0.000000E+00
147  7.49739749E-03 -1.087829E+02  2.369346E+01  1.429029E+00 -1.842347E+00  0.000000E+00  0.000000E+00  0.000000E+00  0.000000E+00  0.000000E+00  0.000000E+00
148  8.15870693E-03 -1.082465E+02  1.235139E+01  1.102324E+00 -1.764962E+00  0.000000E+00  0.000000E+00  0.000000E+00  0.000000E+00  0.000000E+00  0.000000E+00
149  8.87563669E-03 -1.076766E+02  2.233157E+00  7.424955E-01 -1.673753E+00  0.000000E+00  0.000000E+00  0.000000E+00  0.000000E+00  0.000000E+00  0.000000E+00
150  9.65252433E-03 -1.070713E+02 -6.786115E+00  3.513009E-01 -1.568810E+00  0.000000E+00  0.000000E+00  0.000000E+00  0.000000E+00  0.000000E+00  0.000000E+00
151  1.04940048E-02 -1.064291E+02 -1.481778E+01 -6.850162E-02 -1.450524E+00  0.000000E+00  0.000000E+00  0.000000E+00  0.000000E+00  0.000000E+00  0.000000E+00
152  1.14050262E-02 -1.057482E+02 -2.196111E+01 -5.130590E-01 -1.319624E+00  0.000000E+00  0.000000E+00  0.000000E+00  0.000000E+00  0.000000E+00  0.000000E+00
153  1.23908660E-02 -1.050269E+02 -2.830441E+01 -9.773516E-01 -1.177214E+00  0.000000E+00  0.000000E+00  0.000000E+00  0.000000E+00  0.000000E+00  0.000000E+00
154  1.34571472E-02 -1.042635E+02 -3.392621E+01 -1.455160E+00 -1.024787E+00  0.000000E+00  0.000000E+00  0.000000E+00  0.000000E+00  0.000000E+00  0.000000E+00
155  1.46098552E-02 -1.034563E+02 -3.889636E+01 -1.939080E+00 -8.642437E-01  0.000000E+00  0.000000E+00  0.000000E+00  0.000000E+00  0.000000E+00  0.000000E+00
156  1.58553544E-02 -1.026037E+02 -4.327696E+01 -2.420601E+00 -6.978750E-01  0.000000E+00  0.000000E+00  0.000000E+00  0.000000E+00  0.000000E+00  0.000000E+00
157  1.72004052E-02 -1.017042E+02 -4.712325E+01 -2.890251E+00 -5.283401E-01  0.000000E+00  0.000000E+00  0.000000E+00  0.000000E+00  0.000000E+00  0.000000E+00
158  1.86521811E-02 -1.007564E+02 -5.048434E+01 -3.337822E+00 -3.586121E-01  0.000000E+00  0.000000E+00  0.000000E+00  0.000000E+00  0.000000E+00  0.000000E+00
159  2.02182853E-02 -9.975920E+01 -5.340397E+01 -3.752675E+00 -1.919030E-01  0.000000E+00  0.000000E+00  0.000000E+00  0.000000E+00  0.000000E+00  0.000000E+00
160  2.19067678E-02 -9.871161E+01 -5.592110E+01 -4.124128E+00 -3.156210E-02  0.000000E+00  0.000000E+00  0.000000E+00  0.000000E+00  0.000000E+00  0.000000E+00
161  2.37261419E-02 -9.761300E+01 -5.807059E+01 -4.441904E+00  1.190474E-01  0.000000E+00  0.000000E+00  0.000000E+00  0.000000E+00  0.000000E+00  0.000000E+00
162  2.56854005E-02 -9.646293E+01 -5.988356E+01 -4.696642E+00  2.566910E-01  0.000000E+00  0.000000E+00  0.000000E+00  0.000000E+00  0.000000E+00  0.000000E+00
163  2.77940320E-02 -9.526111E+01 -6.138792E+01 -4.880420E+00  3.784161E-01  0.000000E+00  0.000000E+00  0.000000E+00  0.000000E+00  0.000000E+00  0.000000E+00
164  3.00620361E-02 -9.400730E+01 -6.260858E+01 -4.987281E+00  4.817084E-01  0.000000E+00  0.000000E+00  0.000000E+00  0.000000E+00  0.000000E+00  0.000000E+00
165  3.24999381E-02 -9.270124E+01 -6.356776E+01 -5.013693E+00  5.646384E-01  0.000000E+00  0.000000E+00  0.000000E+00  0.000000E+00  0.000000E+00  0.000000E+00
166  3.51188035E-02 -9.134257E+01 -6.428527E+01 -4.958932E+00  6.259870E-01  0.000000E+00  0.000000E+00  0.000000E+00  0.000000E+00  0.000000E+00  0.000000E+00
167  3.79302511E-02 -8.993081E+01 -6.477869E+01 -4.825306E+00  6.653372E-01  0.000000E+00  0.000000E+00  0.000000E+00  0.000000E+00  0.000000E+00  0.000000E+00
168  4.09464661E-02 -8.846565E+01 -6.506385E+01 -4.618219E+00  6.831211E-01  0.000000E+00  0.000000E+00  0.000000E+00  0.000000E+00  0.000000E+00  0.000000E+00
169  4.41802107E-02 -8.694681E+01 -6.515493E+01 -4.346019E+00  6.806148E-01  0.000000E+00  0.000000E+00  0.000000E+00  0.000000E+00  0.000000E+00  0.000000E+00
170  4.76448354E-02 -8.537450E+01 -6.506509E+01 -4.019639E+00  6.598740E-01  0.000000E+00  0.000000E+00  0.000000E+00  0.000000E+00  0.000000E+00  0.000000E+00
171  5.13542879E-02 -8.374934E+01 -6.480651E+01 -3.652027E+00  6.236150E-01  0.000000E+00  0.000000E+00  0.000000E+00  0.000000E+00  0.000000E+00  0.000000E+00
172  5.53231208E-02 -8.207245E+01 -6.439075E+01 -3.257415E+00  5.750445E-01  0.000000E+00  0.000000E+00  0.000000E+00  0.000000E+00  0.000000E+00  0.000000E+00
173  5.95664991E-02 -8.034551E+01 -6.382896E+01 -2.850464E+00  5.176522E-01  0.000000E+00  0.000000E+00  0.000000E+00  0.000000E+00  0.000000E+00  0.000000E+00
174  6.41002043E-02 -7.857095E+01 -6.313208E+01 -2.445386E+00  4.549859E-01  0.000000E+00  0.000000E+00  0.000000E+00  0.000000E+00  0.000000E+00  0.000000E+00
175  6.89406392E-02 -7.675227E+01 -6.231124E+01 -2.055087E+00  3.904279E-01  0.000000E+00  0.000000E+00  0.000000E+00  0.000000E+00  0.000000E+00  0.000000E+00
176  7.41048294E-02 -7.489371E+01 -6.137753E+01 -1.690459E+00  3.269950E-01  0.000000E+00  0.000000E+00  0.000000E+00  0.000000E+00  0.000000E+00  0.000000E+00
177  7.96104241E-02 -7.300057E+01 -6.034240E+01 -1.359849E+00  2.671814E-01  0.000000E+00  0.000000E+00  0.000000E+00  0.000000E+00  0.000000E+00  0.000000E+00
178  8.54756952E-02 -7.107818E+01 -5.921670E+01 -1.068784E+00  2.128580E-01  0.000000E+00  0.000000E+00  0.000000E+00  0.000000E+00  0.000000E+00  0.000000E+00
179  9.17195341E-02 -6.913167E+01 -5.801056E+01 -8.199468E-01  1.652347E-01  0.000000E+00  0.000000E+00  0.000000E+00  0.000000E+00  0.000000E+00  0.000000E+00
180  9.83614479E-02 -6.716526E+01 -5.673273E+01 -6.133986E-01  1.248852E-01  0.000000E+00  0.000000E+00  0.000000E+00  0.000000E+00  0.000000E+00  0.000000E+00
181  1.05421553E-01 -6.518198E+01 -5.539038E+01 -4.470020E-01  9.182383E-02  0.000000E+00  0.000000E+00  0.000000E+00  0.000000E+00  0.000000E+00  0.000000E+00
182  1.12920567E-01 -6.318402E+01 -5.398945E+01 -3.169693E-01  6.562058E-02  0.000000E+00  0.000000E+00  0.000000E+00  0.000000E+00  0.000000E+00  0.000000E+00
183  1.20879800E-01 -6.117320E+01 -5.253518E+01 -2.184648E-01  4.553466E-02  0.000000E+00  0.000000E+00  0.000000E+00  0.000000E+00  0.000000E+00  0.000000E+00
184  1.29321144E-01 -5.915158E+01 -5.103273E+01 -1.461848E-01  3.064875E-02  0.000000E+00  0.000000E+00  0.000000E+00  0.000000E+00  0.000000E+00  0.000000E+00
185  1.38267056E-01 -5.712220E+01 -4.948791E+01 -9.485617E-02  1.998847E-02  0.000000E+00  0.000000E+00  0.000000E+00  0.000000E+00  0.000000E+00  0.000000E+00
186  1.47740552E-01 -5.508888E+01 -4.790714E+01 -5.961345E-02  1.261680E-02  0.000000E+00  0.000000E+00  0.000000E+00  0.000000E+00  0.000000E+00  0.000000E+00
187  1.57765184E-01 -5.305645E+01 -4.629760E+01 -3.624086E-02  7.698542E-03  0.000000E+00  0.000000E+00  0.000000E+00  0.000000E+00  0.000000E+00  0.000000E+00
188  1.68365024E-01 -5.103140E+01 -4.466800E+01 -2.128519E-02  4.535508E-03  0.000000E+00  0.000000E+00  0.000000E+00  0.000000E+00  0.000000E+00  0.000000E+00
189  1.79564649E-01 -4.902105E+01 -4.302762E+01 -1.206200E-02  2.576641E-03  0.000000E+00  0.000000E+00  0.000000E+00  0.000000E+00  0.000000E+00  0.000000E+00
190  1.91389120E-01 -4.703493E+01 -4.138780E+01 -6.586477E-03  1.409709E-03  0.000000E+00  0.000000E+00  0.000000E+00  0.000000E+00  0.000000E+00  0.000000E+00
191  2.03863960E-01 -4.508216E+01 -3.975930E+01 -3.460971E-03  7.417798E-04  0.000000E+00  0.000000E+00  0.000000E+00  0.000000E+00  0.000000E+00  0.000000E+00
192  2.17015131E-01 -4.317131E+01 -3.815216E+01 -1.747685E-03  3.748856E-04  0.000000E+00  0.000000E+00  0.000000E+00  0.000000E+00  0.000000E+00  0.000000E+00
193  2.30869016E-01 -4.130852E+01 -3.657392E+01 -8.469307E-04  1.817159E-04  0.000000E+00  0.000000E+00  0.000000E+00  0.000000E+00  0.000000E+00  0.000000E+00
194  2.45452392E-01 -3.949684E+01 -3.502889E+01 -3.933136E-04  8.435913E-05  0.000000E+00  0.000000E+00  0.000000E+00  0.000000E+00  0.000000E+00  0.000000E+00
195  2.60792404E-01 -3.773584E+01 -3.351782E+01 -1.747878E-04  3.745161E-05  0.000000E+00  0.000000E+00  0.000000E+00  0.000000E+00  0.000000E+00  0.000000E+00
196  2.76916547E-01 -3.602328E+01 -3.203958E+01 -7.422070E-05  1.587590E-05  0.000000E+00  0.000000E+00  0.000000E+00  0.000000E+00  0.000000E+00  0.000000E+00
197  2.93852632E-01 -3.435480E+01 -3.059082E+01 -3.006957E-05  6.415626E-06  0.000000E+00  0.000000E+00  0.000000E+00  0.000000E+00  0.000000E+00  0.000000E+00
198  3.11628767E-01 -3.272708E+01 -2.916918E+01 -1.160512E-05  2.467436E-06  0.000000E+00  0.000000E+00  0.000000E+00  0.000000E+00  0.000000E+00  0.000000E+00
199  3.30273328E-01 -3.113717E+01 -2.777260E+01 -4.260000E-06  9.015688E-07  0.000000E+00  0.000000E+00  0.000000E+00  0.000000E+00  0.000000E+00  0.000000E+00
200  3.49814935E-01 -2.958347E+01 -2.640028E+01 -1.484940E-06  3.123918E-07  0.000000E+00  0.000000E+00  0.000000E+00  0.000000E+00  0.000000E+00  0.000000E+00
201  3.70282422E-01 -2.806528E+01 -2.505233E+01 -4.907203E-07  1.024484E-07  0.000000E+00  0.000000E+00  0.000000E+00  0.000000E+00  0.000000E+00  0.000000E+00
202  3.91704817E-01 -2.658284E+01 -2.372971E+01 -1.534806E-07  3.173369E-08  0.000000E+00  0.000000E+00  0.000000E+00  0.000000E+00  0.000000E+00  0.000000E+00
203  4.14111309E-01 -2.513764E+01 -2.243460E+01 -4.535420E-08  9.263687E-09  0.000000E+00  0.000000E+00  0.000000E+00  0.000000E+00  0.000000E+00  0.000000E+00
204  4.37531230E-01 -2.373222E+01 -2.117020E+01 -1.264026E-08  2.542446E-09  0.000000E+00  0.000000E+00  0.000000E+00  0.000000E+00  0.000000E+00  0.000000E+00
205  4.61994022E-01 -2.237089E+01 -1.994140E+01 -3.316468E-09  6.542953E-10  0.000000E+00  0.000000E+00  0.000000E+00  0.000000E+00  0.000000E+00  0.000000E+00
206  4.87529220E-01 -2.105803E+01 -1.875312E+01 -8.176301E-10  2.552584E-10  0.000000E+00  0.000000E+00  0.000000E+00  0.000000E+00  0.000000E+00  0.000000E+00
207  5.14166421E-01 -1.979806E+01 -1.761031E+01 -1.890377E-10 -2.165897E-10  0.000000E+00  0.000000E+00  0.000000E+00  0.000000E+00  0.000000E+00  0.000000E+00
