#      n =  4
#  kappa = -4
# energy = -1.12366151E+03
#zenergy =  0.00000000E+00
#     dn =  3.89011696E+00
# qrnorm =  1.00243820E+00
#SelfEne =  2.72113860E+32
#     vc = -6.13482742E+03
#     vr = -8.98066250E+03
#  ilast =  249
#    ifm =    0
#    cfm =  0.00000000E+00
#    xfm =  0.00000000E+00
#    rfn =  2.90642737E+00
#    pdx =  3.91581970E+00
#   bqp0 = -1.11753881E-05
#   bqp1 =  0.00000000E+00
#    idx = 15
# LEPTON = 0
#   MASS =  1.00000000E+00
# CHARGE =  1.00000000E+00
#  EUNIT =  2.72113860E+01
#  RUNIT =  4.13413733E+16
#  LUNIT =  5.29177211E-01
#    AMU =  1.82288849E+03
#    FSC =  7.29735257E-03


0    1.15000117E-08 -1.377152E-02  9.782673E+07  4.438534E-27 -4.988539E-32  0.000000E+00  0.000000E+00  0.000000E+00  0.000000E+00  0.000000E+00  0.000000E+00
1    1.26117963E-08 -1.510291E-02  8.920290E+07  6.370601E-27 -7.891482E-32  0.000000E+00  0.000000E+00  0.000000E+00  0.000000E+00  0.000000E+00  0.000000E+00
2    1.38310648E-08 -1.656301E-02  8.133930E+07  9.177343E-27 -1.246076E-31  0.000000E+00  0.000000E+00  0.000000E+00  0.000000E+00  0.000000E+00  0.000000E+00
3    1.51681819E-08 -1.816423E-02  7.416904E+07  1.324636E-26 -1.969285E-31  0.000000E+00  0.000000E+00  0.000000E+00  0.000000E+00  0.000000E+00  0.000000E+00
4    1.66345646E-08 -1.992026E-02  6.763086E+07  1.913905E-26 -3.116079E-31  0.000000E+00  0.000000E+00  0.000000E+00  0.000000E+00  0.000000E+00  0.000000E+00
5    1.82427098E-08 -2.184605E-02  6.166904E+07  2.766793E-26 -4.935473E-31  0.000000E+00  0.000000E+00  0.000000E+00  0.000000E+00  0.000000E+00  0.000000E+00
6    2.00062875E-08 -2.395797E-02  5.623286E+07  4.000870E-26 -7.822119E-31  0.000000E+00  0.000000E+00  0.000000E+00  0.000000E+00  0.000000E+00  0.000000E+00
7    2.19403556E-08 -2.627406E-02  5.127589E+07  5.786228E-26 -1.240197E-30  0.000000E+00  0.000000E+00  0.000000E+00  0.000000E+00  0.000000E+00  0.000000E+00
8    2.40613958E-08 -2.881405E-02  4.675587E+07  8.368919E-26 -1.966779E-30  0.000000E+00  0.000000E+00  0.000000E+00  0.000000E+00  0.000000E+00  0.000000E+00
9    2.63874375E-08 -3.159954E-02  4.263438E+07  1.210485E-25 -3.119412E-30  0.000000E+00  0.000000E+00  0.000000E+00  0.000000E+00  0.000000E+00  0.000000E+00
10   2.89383403E-08 -3.465430E-02  3.887620E+07  1.750886E-25 -4.947904E-30  0.000000E+00  0.000000E+00  0.000000E+00  0.000000E+00  0.000000E+00  0.000000E+00
11   3.17358416E-08 -3.800437E-02  3.544929E+07  2.532560E-25 -7.848492E-30  0.000000E+00  0.000000E+00  0.000000E+00  0.000000E+00  0.000000E+00  0.000000E+00
12   3.48037199E-08 -4.167822E-02  3.232452E+07  3.663217E-25 -1.244963E-29  0.000000E+00  0.000000E+00  0.000000E+00  0.000000E+00  0.000000E+00  0.000000E+00
13   3.81681012E-08 -4.570714E-02  2.947525E+07  5.298651E-25 -1.974825E-29  0.000000E+00  0.000000E+00  0.000000E+00  0.000000E+00  0.000000E+00  0.000000E+00
14   4.18577081E-08 -5.012553E-02  2.687712E+07  7.664210E-25 -3.132591E-29  0.000000E+00  0.000000E+00  0.000000E+00  0.000000E+00  0.000000E+00  0.000000E+00
15   4.59039793E-08 -5.497103E-02  2.450802E+07  1.108584E-24 -4.969121E-29  0.000000E+00  0.000000E+00  0.000000E+00  0.000000E+00  0.000000E+00  0.000000E+00
16   5.03413050E-08 -6.028482E-02  2.234777E+07  1.603496E-24 -7.882286E-29  0.000000E+00  0.000000E+00  0.000000E+00  0.000000E+00  0.000000E+00  0.000000E+00
17   5.52074705E-08 -6.611216E-02  2.037798E+07  2.319346E-24 -1.250322E-28  0.000000E+00  0.000000E+00  0.000000E+00  0.000000E+00  0.000000E+00  0.000000E+00
18   6.05440164E-08 -7.250279E-02  1.858181E+07  3.354761E-24 -1.983316E-28  0.000000E+00  0.000000E+00  0.000000E+00  0.000000E+00  0.000000E+00  0.000000E+00
19   6.63962959E-08 -7.951103E-02  1.694399E+07  4.852390E-24 -3.145996E-28  0.000000E+00  0.000000E+00  0.000000E+00  0.000000E+00  0.000000E+00  0.000000E+00
20   7.28141394E-08 -8.719654E-02  1.545056E+07  7.018554E-24 -4.990237E-28  0.000000E+00  0.000000E+00  0.000000E+00  0.000000E+00  0.000000E+00  0.000000E+00
21   7.98523293E-08 -9.562492E-02  1.408875E+07  1.015168E-23 -7.915605E-28  0.000000E+00  0.000000E+00  0.000000E+00  0.000000E+00  0.000000E+00  0.000000E+00
22   8.75706761E-08 -1.048678E-01  1.284700E+07  1.468337E-23 -1.255576E-27  0.000000E+00  0.000000E+00  0.000000E+00  0.000000E+00  0.000000E+00  0.000000E+00
23   9.60350608E-08 -1.150041E-01  1.171470E+07  2.123791E-23 -1.991596E-27  0.000000E+00  0.000000E+00  0.000000E+00  0.000000E+00  0.000000E+00  0.000000E+00
24   1.05317228E-07 -1.261197E-01  1.068223E+07  3.071813E-23 -3.159020E-27  0.000000E+00  0.000000E+00  0.000000E+00  0.000000E+00  0.000000E+00  0.000000E+00
25   1.15496552E-07 -1.383096E-01  9.740754E+06  4.442994E-23 -5.010761E-27  0.000000E+00  0.000000E+00  0.000000E+00  0.000000E+00  0.000000E+00  0.000000E+00
26   1.26659529E-07 -1.516775E-01  8.882273E+06  6.426196E-23 -7.947871E-27  0.000000E+00  0.000000E+00  0.000000E+00  0.000000E+00  0.000000E+00  0.000000E+00
27   1.38901188E-07 -1.663372E-01  8.099467E+06  9.294573E-23 -1.260649E-26  0.000000E+00  0.000000E+00  0.000000E+00  0.000000E+00  0.000000E+00  0.000000E+00
28   1.52325740E-07 -1.824134E-01  7.385664E+06  1.344318E-22 -1.999558E-26  0.000000E+00  0.000000E+00  0.000000E+00  0.000000E+00  0.000000E+00  0.000000E+00
29   1.67047461E-07 -2.000429E-01  6.734780E+06  1.944337E-22 -3.171539E-26  0.000000E+00  0.000000E+00  0.000000E+00  0.000000E+00  0.000000E+00  0.000000E+00
30   1.83191662E-07 -2.193759E-01  6.141268E+06  2.812147E-22 -5.030398E-26  0.000000E+00  0.000000E+00  0.000000E+00  0.000000E+00  0.000000E+00  0.000000E+00
31   2.00895762E-07 -2.405770E-01  5.600071E+06  4.067254E-22 -7.978675E-26  0.000000E+00  0.000000E+00  0.000000E+00  0.000000E+00  0.000000E+00  0.000000E+00
32   2.20310446E-07 -2.638264E-01  5.106575E+06  5.882489E-22 -1.265480E-25  0.000000E+00  0.000000E+00  0.000000E+00  0.000000E+00  0.000000E+00  0.000000E+00
33   2.41600536E-07 -2.893217E-01  4.656584E+06  8.507795E-22 -2.007116E-25  0.000000E+00  0.000000E+00  0.000000E+00  0.000000E+00  0.000000E+00  0.000000E+00
34   2.64947571E-07 -3.172802E-01  4.246254E+06  1.230465E-21 -3.183367E-25  0.000000E+00  0.000000E+00  0.000000E+00  0.000000E+00  0.000000E+00  0.000000E+00
35   2.90550239E-07 -3.479399E-01  3.872089E+06  1.779581E-21 -5.048900E-25  0.000000E+00  0.000000E+00  0.000000E+00  0.000000E+00  0.000000E+00  0.000000E+00
36   3.18626413E-07 -3.815615E-01  3.530900E+06  2.573724E-21 -8.007602E-25  0.000000E+00  0.000000E+00  0.000000E+00  0.000000E+00  0.000000E+00  0.000000E+00
37   3.49414403E-07 -4.184306E-01  3.219786E+06  3.722218E-21 -1.269991E-24  0.000000E+00  0.000000E+00  0.000000E+00  0.000000E+00  0.000000E+00  0.000000E+00
38   3.83176684E-07 -4.588614E-01  2.936091E+06  5.383161E-21 -2.014164E-24  0.000000E+00  0.000000E+00  0.000000E+00  0.000000E+00  0.000000E+00  0.000000E+00
39   4.20199795E-07 -5.031971E-01  2.677401E+06  7.785166E-21 -3.194342E-24  0.000000E+00  0.000000E+00  0.000000E+00  0.000000E+00  0.000000E+00  0.000000E+00
40   4.60799334E-07 -5.518155E-01  2.441508E+06  1.125884E-20 -5.065987E-24  0.000000E+00  0.000000E+00  0.000000E+00  0.000000E+00  0.000000E+00  0.000000E+00
41   5.05318947E-07 -6.051281E-01  2.226410E+06  1.628223E-20 -8.034072E-24  0.000000E+00  0.000000E+00  0.000000E+00  0.000000E+00  0.000000E+00  0.000000E+00
42   5.54138810E-07 -6.635901E-01  2.030267E+06  2.354663E-20 -1.274102E-23  0.000000E+00  0.000000E+00  0.000000E+00  0.000000E+00  0.000000E+00  0.000000E+00
43   6.07673142E-07 -7.276976E-01  1.851410E+06  3.405163E-20 -2.020526E-23  0.000000E+00  0.000000E+00  0.000000E+00  0.000000E+00  0.000000E+00  0.000000E+00
44   6.66378168E-07 -7.979967E-01  1.688312E+06  4.924265E-20 -3.204203E-23  0.000000E+00  0.000000E+00  0.000000E+00  0.000000E+00  0.000000E+00  0.000000E+00
45   7.30750654E-07 -8.750823E-01  1.539591E+06  7.120957E-20 -5.081173E-23  0.000000E+00  0.000000E+00  0.000000E+00  0.000000E+00  0.000000E+00  0.000000E+00
46   8.01337375E-07 -9.596090E-01  1.403977E+06  1.029742E-19 -8.057450E-23  0.000000E+00  0.000000E+00  0.000000E+00  0.000000E+00  0.000000E+00  0.000000E+00
47   8.78740878E-07 -1.052298E+00  1.280312E+06  1.489059E-19 -1.277696E-22  0.000000E+00  0.000000E+00  0.000000E+00  0.000000E+00  0.000000E+00  0.000000E+00
48   9.63615982E-07 -1.153934E+00  1.167545E+06  2.153218E-19 -2.026028E-22  0.000000E+00  0.000000E+00  0.000000E+00  0.000000E+00  0.000000E+00  0.000000E+00
49   1.05668526E-06 -1.265381E+00  1.064715E+06  3.113556E-19 -3.212590E-22  0.000000E+00  0.000000E+00  0.000000E+00  0.000000E+00  0.000000E+00  0.000000E+00
50   1.15873793E-06 -1.387583E+00  9.709457E+05  4.502123E-19 -5.093946E-22  0.000000E+00  0.000000E+00  0.000000E+00  0.000000E+00  0.000000E+00  0.000000E+00
51   1.27064004E-06 -1.521579E+00  8.854397E+05  6.509830E-19 -8.076849E-22  0.000000E+00  0.000000E+00  0.000000E+00  0.000000E+00  0.000000E+00  0.000000E+00
52   1.39334152E-06 -1.668504E+00  8.074681E+05  9.412676E-19 -1.280614E-21  0.000000E+00  0.000000E+00  0.000000E+00  0.000000E+00  0.000000E+00  0.000000E+00
53   1.52788524E-06 -1.829606E+00  7.363661E+05  1.360967E-18 -2.030413E-21  0.000000E+00  0.000000E+00  0.000000E+00  0.000000E+00  0.000000E+00  0.000000E+00
54   1.67541056E-06 -2.006248E+00  6.715292E+05  1.967761E-18 -3.219116E-21  0.000000E+00  0.000000E+00  0.000000E+00  0.000000E+00  0.000000E+00  0.000000E+00
55   1.83717063E-06 -2.199929E+00  6.124045E+05  2.845031E-18 -5.103601E-21  0.000000E+00  0.000000E+00  0.000000E+00  0.000000E+00  0.000000E+00  0.000000E+00
56   2.01453629E-06 -2.412289E+00  5.584890E+05  4.113307E-18 -8.091009E-21  0.000000E+00  0.000000E+00  0.000000E+00  0.000000E+00  0.000000E+00  0.000000E+00
57   2.20901188E-06 -2.645126E+00  5.093234E+05  5.946812E-18 -1.282668E-20  0.000000E+00  0.000000E+00  0.000000E+00  0.000000E+00  0.000000E+00  0.000000E+00
58   2.42224403E-06 -2.900408E+00  4.644896E+05  8.597366E-18 -2.033337E-20  0.000000E+00  0.000000E+00  0.000000E+00  0.000000E+00  0.000000E+00  0.000000E+00
59   2.65604178E-06 -3.180297E+00  4.236052E+05  1.242895E-17 -3.223211E-20  0.000000E+00  0.000000E+00  0.000000E+00  0.000000E+00  0.000000E+00  0.000000E+00
60   2.91238443E-06 -3.487154E+00  3.863225E+05  1.796761E-17 -5.109172E-20  0.000000E+00  0.000000E+00  0.000000E+00  0.000000E+00  0.000000E+00  0.000000E+00
61   3.19344526E-06 -3.823574E+00  3.523238E+05  2.597365E-17 -8.098317E-20  0.000000E+00  0.000000E+00  0.000000E+00  0.000000E+00  0.000000E+00  0.000000E+00
62   3.50160105E-06 -4.192392E+00  3.213200E+05  3.754578E-17 -1.283567E-19  0.000000E+00  0.000000E+00  0.000000E+00  0.000000E+00  0.000000E+00  0.000000E+00
63   3.83946103E-06 -4.596715E+00  2.930453E+05  5.427180E-17 -2.034329E-19  0.000000E+00  0.000000E+00  0.000000E+00  0.000000E+00  0.000000E+00  0.000000E+00
64   4.20988541E-06 -5.039949E+00  2.672645E+05  7.844610E-17 -3.224053E-19  0.000000E+00  0.000000E+00  0.000000E+00  0.000000E+00  0.000000E+00  0.000000E+00
65   4.61600401E-06 -5.525813E+00  2.437513E+05  1.133840E-16 -5.109262E-19  0.000000E+00  0.000000E+00  0.000000E+00  0.000000E+00  0.000000E+00  0.000000E+00
66   5.06125378E-06 -6.058388E+00  2.223103E+05  1.638756E-16 -8.096343E-19  0.000000E+00  0.000000E+00  0.000000E+00  0.000000E+00  0.000000E+00  0.000000E+00
67   5.54939588E-06 -6.642129E+00  2.027578E+05  2.368416E-16 -1.282896E-18  0.000000E+00  0.000000E+00  0.000000E+00  0.000000E+00  0.000000E+00  0.000000E+00
68   6.08455424E-06 -7.281913E+00  1.849257E+05  3.422801E-16 -2.032654E-18  0.000000E+00  0.000000E+00  0.000000E+00  0.000000E+00  0.000000E+00  0.000000E+00
69   6.67124975E-06 -7.983070E+00  1.686650E+05  4.946343E-16 -3.220350E-18  0.000000E+00  0.000000E+00  0.000000E+00  0.000000E+00  0.000000E+00  0.000000E+00
70   7.31443393E-06 -8.751422E+00  1.538369E+05  7.147666E-16 -5.101603E-18  0.000000E+00  0.000000E+00  0.000000E+00  0.000000E+00  0.000000E+00  0.000000E+00
71   8.01953244E-06 -9.593321E+00  1.403136E+05  1.032809E-15 -8.081104E-18  0.000000E+00  0.000000E+00  0.000000E+00  0.000000E+00  0.000000E+00  0.000000E+00
72   8.79249031E-06 -1.051570E+01  1.279804E+05  1.492280E-15 -1.279945E-17  0.000000E+00  0.000000E+00  0.000000E+00  0.000000E+00  0.000000E+00  0.000000E+00
73   9.63982611E-06 -1.152611E+01  1.167341E+05  2.156021E-15 -2.027050E-17  0.000000E+00  0.000000E+00  0.000000E+00  0.000000E+00  0.000000E+00  0.000000E+00
74   1.05686764E-05 -1.263277E+01  1.064782E+05  3.114771E-15 -3.209849E-17  0.000000E+00  0.000000E+00  0.000000E+00  0.000000E+00  0.000000E+00  0.000000E+00
75   1.15868601E-05 -1.384462E+01  9.712481E+04  4.499532E-15 -5.082125E-17  0.000000E+00  0.000000E+00  0.000000E+00  0.000000E+00  0.000000E+00  0.000000E+00
76   1.27029476E-05 -1.517134E+01  8.859548E+04  6.499411E-15 -8.045258E-17  0.000000E+00  0.000000E+00  0.000000E+00  0.000000E+00  0.000000E+00  0.000000E+00
77   1.39263226E-05 -1.662342E+01  8.081734E+04  9.387357E-15 -1.273385E-16  0.000000E+00  0.000000E+00  0.000000E+00  0.000000E+00  0.000000E+00  0.000000E+00
78   1.52672673E-05 -1.821219E+01  7.372444E+04  1.355726E-14 -2.015092E-16  0.000000E+00  0.000000E+00  0.000000E+00  0.000000E+00  0.000000E+00  0.000000E+00
79   1.67370439E-05 -1.994983E+01  6.725668E+04  1.957745E-14 -3.188116E-16  0.000000E+00  0.000000E+00  0.000000E+00  0.000000E+00  0.000000E+00  0.000000E+00
80   1.83479863E-05 -2.184940E+01  6.135910E+04  2.826776E-14 -5.042704E-16  0.000000E+00  0.000000E+00  0.000000E+00  0.000000E+00  0.000000E+00  0.000000E+00
81   2.01136076E-05 -2.392483E+01  5.598212E+04  4.081061E-14 -7.973835E-16  0.000000E+00  0.000000E+00  0.000000E+00  0.000000E+00  0.000000E+00  0.000000E+00
82   2.20487024E-05 -2.619086E+01  5.108026E+04  5.891086E-14 -1.260451E-15  0.000000E+00  0.000000E+00  0.000000E+00  0.000000E+00  0.000000E+00  0.000000E+00
83   2.41694739E-05 -2.866298E+01  4.661220E+04  8.502600E-14 -1.991669E-15  0.000000E+00  0.000000E+00  0.000000E+00  0.000000E+00  0.000000E+00  0.000000E+00
84   2.64936659E-05 -3.135730E+01  4.254061E+04  1.226972E-13 -3.145673E-15  0.000000E+00  0.000000E+00  0.000000E+00  0.000000E+00  0.000000E+00  0.000000E+00
85   2.90407068E-05 -3.429031E+01  3.883169E+04  1.770253E-13 -4.965734E-15  0.000000E+00  0.000000E+00  0.000000E+00  0.000000E+00  0.000000E+00  0.000000E+00
86   3.18318685E-05 -3.747857E+01  3.545486E+04  2.553548E-13 -7.834083E-15  0.000000E+00  0.000000E+00  0.000000E+00  0.000000E+00  0.000000E+00  0.000000E+00
87   3.48904368E-05 -4.093824E+01  3.238266E+04  3.682551E-13 -1.235042E-14  0.000000E+00  0.000000E+00  0.000000E+00  0.000000E+00  0.000000E+00  0.000000E+00
88   3.82419079E-05 -4.468443E+01  2.959073E+04  5.309291E-13 -1.945404E-14  0.000000E+00  0.000000E+00  0.000000E+00  0.000000E+00  0.000000E+00  0.000000E+00
89   4.19141865E-05 -4.873026E+01  2.705757E+04  7.652299E-13 -3.061301E-14  0.000000E+00  0.000000E+00  0.000000E+00  0.000000E+00  0.000000E+00  0.000000E+00
90   4.59378148E-05 -5.308560E+01  2.476460E+04  1.102548E-12 -4.811621E-14  0.000000E+00  0.000000E+00  0.000000E+00  0.000000E+00  0.000000E+00  0.000000E+00
91   5.03462213E-05 -5.775540E+01  2.269626E+04  1.587938E-12 -7.552147E-14  0.000000E+00  0.000000E+00  0.000000E+00  0.000000E+00  0.000000E+00  0.000000E+00
92   5.51759836E-05 -6.273729E+01  2.084010E+04  2.286007E-12 -1.183390E-13  0.000000E+00  0.000000E+00  0.000000E+00  0.000000E+00  0.000000E+00  0.000000E+00
93   6.04671277E-05 -6.801853E+01  1.918729E+04  3.289312E-12 -1.850650E-13  0.000000E+00  0.000000E+00  0.000000E+00  0.000000E+00  0.000000E+00  0.000000E+00
94   6.62634429E-05 -7.357182E+01  1.773304E+04  4.730306E-12 -2.887288E-13  0.000000E+00  0.000000E+00  0.000000E+00  0.000000E+00  0.000000E+00  0.000000E+00
95   7.26128392E-05 -7.934976E+01  1.647733E+04  6.798315E-12 -4.491775E-13  0.000000E+00  0.000000E+00  0.000000E+00  0.000000E+00  0.000000E+00  0.000000E+00
96   7.95677148E-05 -8.527757E+01  1.542596E+04  9.763646E-12 -6.963913E-13  0.000000E+00  0.000000E+00  0.000000E+00  0.000000E+00  0.000000E+00  0.000000E+00
97   8.71853842E-05 -9.124358E+01  1.459167E+04  1.401178E-11 -1.075181E-12  0.000000E+00  0.000000E+00  0.000000E+00  0.000000E+00  0.000000E+00  0.000000E+00
98   9.55285204E-05 -9.708727E+01  1.399438E+04  2.009192E-11 -1.651623E-12  0.000000E+00  0.000000E+00  0.000000E+00  0.000000E+00  0.000000E+00  0.000000E+00
99   1.04665655E-04 -1.025856E+02  1.365492E+04  2.878599E-11 -2.521454E-12  0.000000E+00  0.000000E+00  0.000000E+00  0.000000E+00  0.000000E+00  0.000000E+00
100  1.14671712E-04 -1.074430E+02  1.354193E+04  4.120723E-11 -3.820262E-12  0.000000E+00  0.000000E+00  0.000000E+00  0.000000E+00  0.000000E+00  0.000000E+00
101  1.25628590E-04 -1.113070E+02  1.339654E+04  5.894035E-11 -5.734678E-12  0.000000E+00  0.000000E+00  0.000000E+00  0.000000E+00  0.000000E+00  0.000000E+00
102  1.37625807E-04 -1.138786E+02  1.272298E+04  8.423663E-11 -8.514450E-12  0.000000E+00  0.000000E+00  0.000000E+00  0.000000E+00  0.000000E+00  0.000000E+00
103  1.50761180E-04 -1.151773E+02  1.137225E+04  1.203044E-10 -1.249273E-11  0.000000E+00  0.000000E+00  0.000000E+00  0.000000E+00  0.000000E+00  0.000000E+00
104  1.65141592E-04 -1.156477E+02  9.870792E+03  1.717477E-10 -1.813415E-11  0.000000E+00  0.000000E+00  0.000000E+00  0.000000E+00  0.000000E+00  0.000000E+00
105  1.80883801E-04 -1.157687E+02  8.701710E+03  2.451160E-10 -2.611717E-11  0.000000E+00  0.000000E+00  0.000000E+00  0.000000E+00  0.000000E+00  0.000000E+00
106  1.98115335E-04 -1.157822E+02  7.833370E+03  3.497035E-10 -3.743269E-11  0.000000E+00  0.000000E+00  0.000000E+00  0.000000E+00  0.000000E+00  0.000000E+00
107  2.16975458E-04 -1.157678E+02  7.102413E+03  4.987491E-10 -5.350414E-11  0.000000E+00  0.000000E+00  0.000000E+00  0.000000E+00  0.000000E+00  0.000000E+00
108  2.37616224E-04 -1.157461E+02  6.446284E+03  7.110947E-10 -7.635897E-11  0.000000E+00  0.000000E+00  0.000000E+00  0.000000E+00  0.000000E+00  0.000000E+00
109  2.60203615E-04 -1.157212E+02  5.849356E+03  1.013528E-09 -1.088774E-10  0.000000E+00  0.000000E+00  0.000000E+00  0.000000E+00  0.000000E+00  0.000000E+00
110  2.84918778E-04 -1.156938E+02  5.305208E+03  1.444115E-09 -1.551488E-10  0.000000E+00  0.000000E+00  0.000000E+00  0.000000E+00  0.000000E+00  0.000000E+00
111  3.11959367E-04 -1.156636E+02  4.809137E+03  2.056928E-09 -2.209774E-10  0.000000E+00  0.000000E+00  0.000000E+00  0.000000E+00  0.000000E+00  0.000000E+00
112  3.41541004E-04 -1.156306E+02  4.356965E+03  2.928732E-09 -3.145995E-10  0.000000E+00  0.000000E+00  0.000000E+00  0.000000E+00  0.000000E+00  0.000000E+00
113  3.73898850E-04 -1.155944E+02  3.944878E+03  4.168459E-09 -4.476966E-10  0.000000E+00  0.000000E+00  0.000000E+00  0.000000E+00  0.000000E+00  0.000000E+00
114  4.09289310E-04 -1.155548E+02  3.569394E+03  5.930590E-09 -6.368285E-10  0.000000E+00  0.000000E+00  0.000000E+00  0.000000E+00  0.000000E+00  0.000000E+00
115  4.47991890E-04 -1.155114E+02  3.227337E+03  8.434074E-09 -9.054554E-10  0.000000E+00  0.000000E+00  0.000000E+00  0.000000E+00  0.000000E+00  0.000000E+00
116  4.90311182E-04 -1.154639E+02  2.915807E+03  1.198904E-08 -1.286792E-09  0.000000E+00  0.000000E+00  0.000000E+00  0.000000E+00  0.000000E+00  0.000000E+00
117  5.36579038E-04 -1.154120E+02  2.632161E+03  1.703445E-08 -1.827831E-09  0.000000E+00  0.000000E+00  0.000000E+00  0.000000E+00  0.000000E+00  0.000000E+00
118  5.87156887E-04 -1.153553E+02  2.373987E+03  2.419123E-08 -2.595005E-09  0.000000E+00  0.000000E+00  0.000000E+00  0.000000E+00  0.000000E+00  0.000000E+00
119  6.42438263E-04 -1.152933E+02  2.139083E+03  3.433698E-08 -3.682161E-09  0.000000E+00  0.000000E+00  0.000000E+00  0.000000E+00  0.000000E+00  0.000000E+00
120  7.02851522E-04 -1.152257E+02  1.925438E+03  4.871115E-08 -5.221752E-09  0.000000E+00  0.000000E+00  0.000000E+00  0.000000E+00  0.000000E+00  0.000000E+00
121  7.68862755E-04 -1.151520E+02  1.731218E+03  6.906273E-08 -7.400563E-09  0.000000E+00  0.000000E+00  0.000000E+00  0.000000E+00  0.000000E+00  0.000000E+00
122  8.40978953E-04 -1.150716E+02  1.554744E+03  9.785756E-08 -1.048174E-08  0.000000E+00  0.000000E+00  0.000000E+00  0.000000E+00  0.000000E+00  0.000000E+00
123  9.19751392E-04 -1.149840E+02  1.394482E+03  1.385689E-07 -1.483564E-08  0.000000E+00  0.000000E+00  0.000000E+00  0.000000E+00  0.000000E+00  0.000000E+00
124  1.00577928E-03 -1.148888E+02  1.249031E+03  1.960841E-07 -2.098297E-08  0.000000E+00  0.000000E+00  0.000000E+00  0.000000E+00  0.000000E+00  0.000000E+00
125  1.09971366E-03 -1.147852E+02  1.117107E+03  2.772734E-07 -2.965498E-08  0.000000E+00  0.000000E+00  0.000000E+00  0.000000E+00  0.000000E+00  0.000000E+00
126  1.20226164E-03 -1.146727E+02  9.975344E+02  3.917830E-07 -4.187738E-08  0.000000E+00  0.000000E+00  0.000000E+00  0.000000E+00  0.000000E+00  0.000000E+00
127  1.31419087E-03 -1.145505E+02  8.892365E+02  5.531418E-07 -5.908714E-08  0.000000E+00  0.000000E+00  0.000000E+00  0.000000E+00  0.000000E+00  0.000000E+00
128  1.43633437E-03 -1.144181E+02  7.912259E+02  7.802998E-07 -8.329465E-08  0.000000E+00  0.000000E+00  0.000000E+00  0.000000E+00  0.000000E+00  0.000000E+00
129  1.56959571E-03 -1.142746E+02  7.025971E+02  1.099766E-06 -1.173086E-07  0.000000E+00  0.000000E+00  0.000000E+00  0.000000E+00  0.000000E+00  0.000000E+00
130  1.71495450E-03 -1.141193E+02  6.225186E+02  1.548570E-06 -1.650471E-07  0.000000E+00  0.000000E+00  0.000000E+00  0.000000E+00  0.000000E+00  0.000000E+00
131  1.87347229E-03 -1.139515E+02  5.502274E+02  2.178364E-06 -2.319671E-07  0.000000E+00  0.000000E+00  0.000000E+00  0.000000E+00  0.000000E+00  0.000000E+00
132  2.04629882E-03 -1.137702E+02  4.850226E+02  3.061082E-06 -3.256564E-07  0.000000E+00  0.000000E+00  0.000000E+00  0.000000E+00  0.000000E+00  0.000000E+00
133  2.23467875E-03 -1.135746E+02  4.262604E+02  4.296734E-06 -4.566462E-07  0.000000E+00  0.000000E+00  0.000000E+00  0.000000E+00  0.000000E+00  0.000000E+00
134  2.43995873E-03 -1.133640E+02  3.733498E+02  6.024123E-06 -6.395260E-07  0.000000E+00  0.000000E+00  0.000000E+00  0.000000E+00  0.000000E+00  0.000000E+00
135  2.66359491E-03 -1.131372E+02  3.257481E+02  8.435531E-06 -8.944666E-07  0.000000E+00  0.000000E+00  0.000000E+00  0.000000E+00  0.000000E+00  0.000000E+00
136  2.90716100E-03 -1.128935E+02  2.829577E+02  1.179679E-05 -1.249296E-06  0.000000E+00  0.000000E+00  0.000000E+00  0.000000E+00  0.000000E+00  0.000000E+00
137  3.17235672E-03 -1.126318E+02  2.445224E+02  1.647464E-05 -1.742319E-06  0.000000E+00  0.000000E+00  0.000000E+00  0.000000E+00  0.000000E+00  0.000000E+00
138  3.46101671E-03 -1.123511E+02  2.100244E+02  2.297389E-05 -2.426137E-06  0.000000E+00  0.000000E+00  0.000000E+00  0.000000E+00  0.000000E+00  0.000000E+00
139  3.77512001E-03 -1.120504E+02  1.790820E+02  3.198779E-05 -3.372801E-06  0.000000E+00  0.000000E+00  0.000000E+00  0.000000E+00  0.000000E+00  0.000000E+00
140  4.11680000E-03 -1.117286E+02  1.513467E+02  4.446587E-05 -4.680730E-06  0.000000E+00  0.000000E+00  0.000000E+00  0.000000E+00  0.000000E+00  0.000000E+00
141  4.48835488E-03 -1.113845E+02  1.265008E+02  6.170530E-05 -6.483988E-06  0.000000E+00  0.000000E+00  0.000000E+00  0.000000E+00  0.000000E+00  0.000000E+00
142  4.89225861E-03 -1.110171E+02  1.042554E+02  8.547301E-05 -8.964626E-06  0.000000E+00  0.000000E+00  0.000000E+00  0.000000E+00  0.000000E+00  0.000000E+00
143  5.33117245E-03 -1.106250E+02  8.434870E+01  1.181686E-04 -1.236906E-05  0.000000E+00  0.000000E+00  0.000000E+00  0.000000E+00  0.000000E+00  0.000000E+00
144  5.80795699E-03 -1.102070E+02  6.654318E+01  1.630402E-04 -1.702970E-05  0.000000E+00  0.000000E+00  0.000000E+00  0.000000E+00  0.000000E+00  0.000000E+00
145  6.32568467E-03 -1.097616E+02  5.062442E+01  2.244696E-04 -2.339327E-05  0.000000E+00  0.000000E+00  0.000000E+00  0.000000E+00  0.000000E+00  0.000000E+00
146  6.88765288E-03 -1.092874E+02  3.639914E+01  3.083465E-04 -3.205781E-05  0.000000E+00  0.000000E+00  0.000000E+00  0.000000E+00  0.000000E+00  0.000000E+00
147  7.49739749E-03 -1.087829E+02  2.369346E+01  4.225561E-04 -4.382063E-05  0.000000E+00  0.000000E+00  0.000000E+00  0.000000E+00  0.000000E+00  0.000000E+00
148  8.15870693E-03 -1.082465E+02  1.235139E+01  5.776126E-04 -5.973994E-05  0.000000E+00  0.000000E+00  0.000000E+00  0.000000E+00  0.000000E+00  0.000000E+00
149  8.87563669E-03 -1.076766E+02  2.233157E+00  7.874731E-04 -8.121362E-05  0.000000E+00  0.000000E+00  0.000000E+00  0.000000E+00  0.000000E+00  0.000000E+00
150  9.65252433E-03 -1.070713E+02 -6.786115E+00  1.070579E-03 -1.100790E-04  0.000000E+00  0.000000E+00  0.000000E+00  0.000000E+00  0.000000E+00  0.000000E+00
151  1.04940048E-02 -1.064291E+02 -1.481778E+01  1.451176E-03 -1.487380E-04  0.000000E+00  0.000000E+00  0.000000E+00  0.000000E+00  0.000000E+00  0.000000E+00
152  1.14050262E-02 -1.057482E+02 -2.196111E+01  1.960969E-03 -2.003128E-04  0.000000E+00  0.000000E+00  0.000000E+00  0.000000E+00  0.000000E+00  0.000000E+00
153  1.23908660E-02 -1.050269E+02 -2.830441E+01  2.641186E-03 -2.688369E-04  0.000000E+00  0.000000E+00  0.000000E+00  0.000000E+00  0.000000E+00  0.000000E+00
154  1.34571472E-02 -1.042635E+02 -3.392621E+01  3.545113E-03 -3.594873E-04  0.000000E+00  0.000000E+00  0.000000E+00  0.000000E+00  0.000000E+00  0.000000E+00
155  1.46098552E-02 -1.034563E+02 -3.889636E+01  4.741176E-03 -4.788621E-04  0.000000E+00  0.000000E+00  0.000000E+00  0.000000E+00  0.000000E+00  0.000000E+00
156  1.58553544E-02 -1.026037E+02 -4.327696E+01  6.316641E-03 -6.353081E-04  0.000000E+00  0.000000E+00  0.000000E+00  0.000000E+00  0.000000E+00  0.000000E+00
157  1.72004052E-02 -1.017042E+02 -4.712325E+01  8.381974E-03 -8.392995E-04  0.000000E+00  0.000000E+00  0.000000E+00  0.000000E+00  0.000000E+00  0.000000E+00
158  1.86521811E-02 -1.007564E+02 -5.048434E+01  1.107591E-02 -1.103867E-03  0.000000E+00  0.000000E+00  0.000000E+00  0.000000E+00  0.000000E+00  0.000000E+00
159  2.02182853E-02 -9.975920E+01 -5.340397E+01  1.457120E-02 -1.445074E-03  0.000000E+00  0.000000E+00  0.000000E+00  0.000000E+00  0.000000E+00  0.000000E+00
160  2.19067678E-02 -9.871161E+01 -5.592110E+01  1.908101E-02 -1.882522E-03  0.000000E+00  0.000000E+00  0.000000E+00  0.000000E+00  0.000000E+00  0.000000E+00
161  2.37261419E-02 -9.761300E+01 -5.807059E+01  2.486575E-02 -2.439875E-03  0.000000E+00  0.000000E+00  0.000000E+00  0.000000E+00  0.000000E+00  0.000000E+00
162  2.56854005E-02 -9.646293E+01 -5.988356E+01  3.224017E-02 -3.145369E-03  0.000000E+00  0.000000E+00  0.000000E+00  0.000000E+00  0.000000E+00  0.000000E+00
163  2.77940320E-02 -9.526111E+01 -6.138792E+01  4.158025E-02 -4.032260E-03  0.000000E+00  0.000000E+00  0.000000E+00  0.000000E+00  0.000000E+00  0.000000E+00
164  3.00620361E-02 -9.400730E+01 -6.260858E+01  5.332946E-02 -5.139165E-03  0.000000E+00  0.000000E+00  0.000000E+00  0.000000E+00  0.000000E+00  0.000000E+00
165  3.24999381E-02 -9.270124E+01 -6.356776E+01  6.800347E-02 -6.510213E-03  0.000000E+00  0.000000E+00  0.000000E+00  0.000000E+00  0.000000E+00  0.000000E+00
166  3.51188035E-02 -9.134257E+01 -6.428527E+01  8.619262E-02 -8.194931E-03  0.000000E+00  0.000000E+00  0.000000E+00  0.000000E+00  0.000000E+00  0.000000E+00
167  3.79302511E-02 -8.993081E+01 -6.477869E+01  1.085609E-01 -1.024775E-02  0.000000E+00  0.000000E+00  0.000000E+00  0.000000E+00  0.000000E+00  0.000000E+00
168  4.09464661E-02 -8.846565E+01 -6.506385E+01  1.358406E-01 -1.272708E-02  0.000000E+00  0.000000E+00  0.000000E+00  0.000000E+00  0.000000E+00  0.000000E+00
169  4.41802107E-02 -8.694681E+01 -6.515493E+01  1.688201E-01 -1.569374E-02  0.000000E+00  0.000000E+00  0.000000E+00  0.000000E+00  0.000000E+00  0.000000E+00
170  4.76448354E-02 -8.537450E+01 -6.506509E+01  2.083260E-01 -1.920885E-02  0.000000E+00  0.000000E+00  0.000000E+00  0.000000E+00  0.000000E+00  0.000000E+00
171  5.13542879E-02 -8.374934E+01 -6.480651E+01  2.551952E-01 -2.333096E-02  0.000000E+00  0.000000E+00  0.000000E+00  0.000000E+00  0.000000E+00  0.000000E+00
172  5.53231208E-02 -8.207245E+01 -6.439075E+01  3.102394E-01 -2.811250E-02  0.000000E+00  0.000000E+00  0.000000E+00  0.000000E+00  0.000000E+00  0.000000E+00
173  5.95664991E-02 -8.034551E+01 -6.382896E+01  3.741986E-01 -3.359555E-02  0.000000E+00  0.000000E+00  0.000000E+00  0.000000E+00  0.000000E+00  0.000000E+00
174  6.41002043E-02 -7.857095E+01 -6.313208E+01  4.476877E-01 -3.980719E-02  0.000000E+00  0.000000E+00  0.000000E+00  0.000000E+00  0.000000E+00  0.000000E+00
175  6.89406392E-02 -7.675227E+01 -6.231124E+01  5.311335E-01 -4.675453E-02  0.000000E+00  0.000000E+00  0.000000E+00  0.000000E+00  0.000000E+00  0.000000E+00
176  7.41048294E-02 -7.489371E+01 -6.137753E+01  6.247079E-01 -5.441985E-02  0.000000E+00  0.000000E+00  0.000000E+00  0.000000E+00  0.000000E+00  0.000000E+00
177  7.96104241E-02 -7.300057E+01 -6.034240E+01  7.282587E-01 -6.275615E-02  0.000000E+00  0.000000E+00  0.000000E+00  0.000000E+00  0.000000E+00  0.000000E+00
178  8.54756952E-02 -7.107818E+01 -5.921670E+01  8.412435E-01 -7.168351E-02  0.000000E+00  0.000000E+00  0.000000E+00  0.000000E+00  0.000000E+00  0.000000E+00
179  9.17195341E-02 -6.913167E+01 -5.801056E+01  9.626716E-01 -8.108646E-02  0.000000E+00  0.000000E+00  0.000000E+00  0.000000E+00  0.000000E+00  0.000000E+00
180  9.83614479E-02 -6.716526E+01 -5.673273E+01  1.091061E+00 -9.081287E-02  0.000000E+00  0.000000E+00  0.000000E+00  0.000000E+00  0.000000E+00  0.000000E+00
181  1.05421553E-01 -6.518198E+01 -5.539038E+01  1.224418E+00 -1.006746E-01  0.000000E+00  0.000000E+00  0.000000E+00  0.000000E+00  0.000000E+00  0.000000E+00
182  1.12920567E-01 -6.318402E+01 -5.398945E+01  1.360247E+00 -1.104503E-01  0.000000E+00  0.000000E+00  0.000000E+00  0.000000E+00  0.000000E+00  0.000000E+00
183  1.20879800E-01 -6.117320E+01 -5.253518E+01  1.495594E+00 -1.198913E-01  0.000000E+00  0.000000E+00  0.000000E+00  0.000000E+00  0.000000E+00  0.000000E+00
184  1.29321144E-01 -5.915158E+01 -5.103273E+01  1.627127E+00 -1.287304E-01  0.000000E+00  0.000000E+00  0.000000E+00  0.000000E+00  0.000000E+00  0.000000E+00
185  1.38267056E-01 -5.712220E+01 -4.948791E+01  1.751263E+00 -1.366934E-01  0.000000E+00  0.000000E+00  0.000000E+00  0.000000E+00  0.000000E+00  0.000000E+00
186  1.47740552E-01 -5.508888E+01 -4.790714E+01  1.864317E+00 -1.435132E-01  0.000000E+00  0.000000E+00  0.000000E+00  0.000000E+00  0.000000E+00  0.000000E+00
187  1.57765184E-01 -5.305645E+01 -4.629760E+01  1.962682E+00 -1.489450E-01  0.000000E+00  0.000000E+00  0.000000E+00  0.000000E+00  0.000000E+00  0.000000E+00
188  1.68365024E-01 -5.103140E+01 -4.466800E+01  2.043022E+00 -1.527814E-01  0.000000E+00  0.000000E+00  0.000000E+00  0.000000E+00  0.000000E+00  0.000000E+00
189  1.79564649E-01 -4.902105E+01 -4.302762E+01  2.102462E+00 -1.548669E-01  0.000000E+00  0.000000E+00  0.000000E+00  0.000000E+00  0.000000E+00  0.000000E+00
190  1.91389120E-01 -4.703493E+01 -4.138780E+01  2.138754E+00 -1.551089E-01  0.000000E+00  0.000000E+00  0.000000E+00  0.000000E+00  0.000000E+00  0.000000E+00
191  2.03863960E-01 -4.508216E+01 -3.975930E+01  2.150408E+00 -1.534851E-01  0.000000E+00  0.000000E+00  0.000000E+00  0.000000E+00  0.000000E+00  0.000000E+00
192  2.17015131E-01 -4.317131E+01 -3.815216E+01  2.136781E+00 -1.501710E-01  0.000000E+00  0.000000E+00  0.000000E+00  0.000000E+00  0.000000E+00  0.000000E+00
193  2.30869016E-01 -4.130852E+01 -3.657392E+01  2.098111E+00 -1.451659E-01  0.000000E+00  0.000000E+00  0.000000E+00  0.000000E+00  0.000000E+00  0.000000E+00
194  2.45452392E-01 -3.949684E+01 -3.502889E+01  2.035507E+00 -1.386401E-01  0.000000E+00  0.000000E+00  0.000000E+00  0.000000E+00  0.000000E+00  0.000000E+00
195  2.60792404E-01 -3.773584E+01 -3.351782E+01  1.950889E+00 -1.308091E-01  0.000000E+00  0.000000E+00  0.000000E+00  0.000000E+00  0.000000E+00  0.000000E+00
196  2.76916547E-01 -3.602328E+01 -3.203958E+01  1.846896E+00 -1.219213E-01  0.000000E+00  0.000000E+00  0.000000E+00  0.000000E+00  0.000000E+00  0.000000E+00
197  2.93852632E-01 -3.435480E+01 -3.059082E+01  1.726756E+00 -1.122451E-01  0.000000E+00  0.000000E+00  0.000000E+00  0.000000E+00  0.000000E+00  0.000000E+00
198  3.11628767E-01 -3.272708E+01 -2.916918E+01  1.594130E+00 -1.020564E-01  0.000000E+00  0.000000E+00  0.000000E+00  0.000000E+00  0.000000E+00  0.000000E+00
199  3.30273328E-01 -3.113717E+01 -2.777260E+01  1.452935E+00 -9.162832E-02  0.000000E+00  0.000000E+00  0.000000E+00  0.000000E+00  0.000000E+00  0.000000E+00
200  3.49814935E-01 -2.958347E+01 -2.640028E+01  1.307147E+00 -8.121950E-02  0.000000E+00  0.000000E+00  0.000000E+00  0.000000E+00  0.000000E+00  0.000000E+00
201  3.70282422E-01 -2.806528E+01 -2.505233E+01  1.160615E+00 -7.106501E-02  0.000000E+00  0.000000E+00  0.000000E+00  0.000000E+00  0.000000E+00  0.000000E+00
202  3.91704817E-01 -2.658284E+01 -2.372971E+01  1.016886E+00 -6.136783E-02  0.000000E+00  0.000000E+00  0.000000E+00  0.000000E+00  0.000000E+00  0.000000E+00
203  4.14111309E-01 -2.513764E+01 -2.243460E+01  8.790585E-01 -5.229301E-02  0.000000E+00  0.000000E+00  0.000000E+00  0.000000E+00  0.000000E+00  0.000000E+00
204  4.37531230E-01 -2.373222E+01 -2.117020E+01  7.496760E-01 -4.396421E-02  0.000000E+00  0.000000E+00  0.000000E+00  0.000000E+00  0.000000E+00  0.000000E+00
205  4.61994022E-01 -2.237089E+01 -1.994140E+01  6.306629E-01 -3.646302E-02  0.000000E+00  0.000000E+00  0.000000E+00  0.000000E+00  0.000000E+00  0.000000E+00
206  4.87529220E-01 -2.105803E+01 -1.875312E+01  5.233036E-01 -2.983050E-02  0.000000E+00  0.000000E+00  0.000000E+00  0.000000E+00  0.000000E+00  0.000000E+00
207  5.14166421E-01 -1.979806E+01 -1.761031E+01  4.282666E-01 -2.407082E-02  0.000000E+00  0.000000E+00  0.000000E+00  0.000000E+00  0.000000E+00  0.000000E+00
208  5.41935264E-01 -1.859445E+01 -1.651691E+01  3.456639E-01 -1.915675E-02  0.000000E+00  0.000000E+00  0.000000E+00  0.000000E+00  0.000000E+00  0.000000E+00
209  5.70865405E-01 -1.744938E+01 -1.547555E+01  2.751376E-01 -1.503619E-02  0.000000E+00  0.000000E+00  0.000000E+00  0.000000E+00  0.000000E+00  0.000000E+00
210  6.00986498E-01 -1.636355E+01 -1.448735E+01  2.159625E-01 -1.163928E-02  0.000000E+00  0.000000E+00  0.000000E+00  0.000000E+00  0.000000E+00  0.000000E+00
211  6.32328168E-01 -1.533664E+01 -1.355236E+01  1.671526E-01 -8.885333E-03  0.000000E+00  0.000000E+00  0.000000E+00  0.000000E+00  0.000000E+00  0.000000E+00
212  6.64919993E-01 -1.436712E+01 -1.266943E+01  1.275632E-01 -6.689059E-03  0.000000E+00  0.000000E+00  0.000000E+00  0.000000E+00  0.000000E+00  0.000000E+00
213  6.98791485E-01 -1.345285E+01 -1.183674E+01  9.598022E-02 -4.965688E-03  0.000000E+00  0.000000E+00  0.000000E+00  0.000000E+00  0.000000E+00  0.000000E+00
214  7.33972067E-01 -1.259145E+01 -1.105225E+01  7.119411E-02 -3.634885E-03  0.000000E+00  0.000000E+00  0.000000E+00  0.000000E+00  0.000000E+00  0.000000E+00
215  7.70491060E-01 -1.178016E+01 -1.031347E+01  5.205597E-02 -2.623415E-03  0.000000E+00  0.000000E+00  0.000000E+00  0.000000E+00  0.000000E+00  0.000000E+00
216  8.08377657E-01 -1.101633E+01 -9.618044E+00  3.751587E-02 -1.866681E-03  0.000000E+00  0.000000E+00  0.000000E+00  0.000000E+00  0.000000E+00  0.000000E+00
217  8.47660917E-01 -1.029740E+01 -8.963659E+00  2.664573E-02 -1.309353E-03  0.000000E+00  0.000000E+00  0.000000E+00  0.000000E+00  0.000000E+00  0.000000E+00
218  8.88369739E-01 -9.620966E+00 -8.348160E+00  1.864900E-02 -9.052701E-04  0.000000E+00  0.000000E+00  0.000000E+00  0.000000E+00  0.000000E+00  0.000000E+00
219  9.30532853E-01 -8.984822E+00 -7.769562E+00  1.286005E-02 -6.168536E-04  0.000000E+00  0.000000E+00  0.000000E+00  0.000000E+00  0.000000E+00  0.000000E+00
220  9.74178804E-01 -8.386946E+00 -7.226054E+00  8.736365E-03 -4.142019E-04  0.000000E+00  0.000000E+00  0.000000E+00  0.000000E+00  0.000000E+00  0.000000E+00
221  1.01933594E+00 -7.825496E+00 -6.715994E+00  5.846009E-03 -2.740366E-04  0.000000E+00  0.000000E+00  0.000000E+00  0.000000E+00  0.000000E+00  0.000000E+00
222  1.06603240E+00 -7.298782E+00 -6.237873E+00  3.852712E-03 -1.786115E-04  0.000000E+00  0.000000E+00  0.000000E+00  0.000000E+00  0.000000E+00  0.000000E+00
223  1.11429609E+00 -6.805223E+00 -5.790285E+00  2.500276E-03 -1.146701E-04  0.000000E+00  0.000000E+00  0.000000E+00  0.000000E+00  0.000000E+00  0.000000E+00
224  1.16415470E+00 -6.343349E+00 -5.371919E+00  1.597565E-03 -7.250448E-05  0.000000E+00  0.000000E+00  0.000000E+00  0.000000E+00  0.000000E+00  0.000000E+00
225  1.21563567E+00 -5.911698E+00 -4.981464E+00  1.004873E-03 -4.514240E-05  0.000000E+00  0.000000E+00  0.000000E+00  0.000000E+00  0.000000E+00  0.000000E+00
226  1.26876619E+00 -5.508865E+00 -4.617656E+00  6.221257E-04 -2.767197E-05  0.000000E+00  0.000000E+00  0.000000E+00  0.000000E+00  0.000000E+00  0.000000E+00
227  1.32357318E+00 -5.133432E+00 -4.279208E+00  3.790439E-04 -1.669782E-05  0.000000E+00  0.000000E+00  0.000000E+00  0.000000E+00  0.000000E+00  0.000000E+00
228  1.38008330E+00 -4.783986E+00 -3.964828E+00  2.272347E-04 -9.916775E-06  0.000000E+00  0.000000E+00  0.000000E+00  0.000000E+00  0.000000E+00  0.000000E+00
229  1.43832295E+00 -4.459107E+00 -3.673213E+00  1.340174E-04 -5.795592E-06  0.000000E+00  0.000000E+00  0.000000E+00  0.000000E+00  0.000000E+00  0.000000E+00
230  1.49831823E+00 -4.157376E+00 -3.403049E+00  7.774560E-05 -3.332466E-06  0.000000E+00  0.000000E+00  0.000000E+00  0.000000E+00  0.000000E+00  0.000000E+00
231  1.56009495E+00 -3.877383E+00 -3.153027E+00  4.435512E-05 -1.884935E-06  0.000000E+00  0.000000E+00  0.000000E+00  0.000000E+00  0.000000E+00  0.000000E+00
232  1.62367866E+00 -3.617734E+00 -2.921847E+00  2.488222E-05 -1.048603E-06  0.000000E+00  0.000000E+00  0.000000E+00  0.000000E+00  0.000000E+00  0.000000E+00
233  1.68909458E+00 -3.377064E+00 -2.708231E+00  1.372254E-05 -5.736262E-07  0.000000E+00  0.000000E+00  0.000000E+00  0.000000E+00  0.000000E+00  0.000000E+00
234  1.75636764E+00 -3.154048E+00 -2.510937E+00  7.438793E-06 -3.085095E-07  0.000000E+00  0.000000E+00  0.000000E+00  0.000000E+00  0.000000E+00  0.000000E+00
235  1.82552249E+00 -2.947411E+00 -2.328765E+00  3.962903E-06 -1.630972E-07  0.000000E+00  0.000000E+00  0.000000E+00  0.000000E+00  0.000000E+00  0.000000E+00
236  1.89658346E+00 -2.755934E+00 -2.160569E+00  2.074378E-06 -8.473812E-08  0.000000E+00  0.000000E+00  0.000000E+00  0.000000E+00  0.000000E+00  0.000000E+00
237  1.96957456E+00 -2.578464E+00 -2.005263E+00  1.066707E-06 -4.325939E-08  0.000000E+00  0.000000E+00  0.000000E+00  0.000000E+00  0.000000E+00  0.000000E+00
238  2.04451951E+00 -2.413916E+00 -1.861826E+00  5.387705E-07 -2.169528E-08  0.000000E+00  0.000000E+00  0.000000E+00  0.000000E+00  0.000000E+00  0.000000E+00
239  2.12144173E+00 -2.261281E+00 -1.729305E+00  2.672285E-07 -1.068677E-08  0.000000E+00  0.000000E+00  0.000000E+00  0.000000E+00  0.000000E+00  0.000000E+00
240  2.20036430E+00 -2.119620E+00 -1.606820E+00  1.301368E-07 -5.169365E-09  0.000000E+00  0.000000E+00  0.000000E+00  0.000000E+00  0.000000E+00  0.000000E+00
241  2.28131002E+00 -1.988073E+00 -1.493560E+00  6.221188E-08 -2.454986E-09  0.000000E+00  0.000000E+00  0.000000E+00  0.000000E+00  0.000000E+00  0.000000E+00
242  2.36430136E+00 -1.865848E+00 -1.388782E+00  2.918910E-08 -1.144443E-09  0.000000E+00  0.000000E+00  0.000000E+00  0.000000E+00  0.000000E+00  0.000000E+00
243  2.44936050E+00 -1.752225E+00 -1.291813E+00  1.343879E-08 -5.235810E-10  0.000000E+00  0.000000E+00  0.000000E+00  0.000000E+00  0.000000E+00  0.000000E+00
244  2.53650928E+00 -1.646550E+00 -1.202044E+00  6.070303E-09 -2.350330E-10  0.000000E+00  0.000000E+00  0.000000E+00  0.000000E+00  0.000000E+00  0.000000E+00
245  2.62576927E+00 -1.551173E+00 -1.121862E+00  2.689640E-09 -1.035000E-10  0.000000E+00  0.000000E+00  0.000000E+00  0.000000E+00  0.000000E+00  0.000000E+00
246  2.71716170E+00 -1.468078E+00 -1.053286E+00  1.168792E-09 -4.470292E-11  0.000000E+00  0.000000E+00  0.000000E+00  0.000000E+00  0.000000E+00  0.000000E+00
247  2.81070752E+00 -1.395983E+00 -9.950726E-01  4.980414E-10 -1.893376E-11  0.000000E+00  0.000000E+00  0.000000E+00  0.000000E+00  0.000000E+00  0.000000E+00
248  2.90642737E+00 -1.333692E+00 -9.460598E-01  2.080667E-10 -8.294072E-12  0.000000E+00  0.000000E+00  0.000000E+00  0.000000E+00  0.000000E+00  0.000000E+00
249  3.00434158E+00 -1.280099E+00 -9.051720E-01  8.520647E-11 -2.133727E-12  0.000000E+00  0.000000E+00  0.000000E+00  0.000000E+00  0.000000E+00  0.000000E+00
