#      n =  4
#  kappa =  2
# energy = -1.82664916E+03
#zenergy =  0.00000000E+00
#     dn =  3.91390056E+00
# qrnorm =  1.00286102E+00
#SelfEne =  2.72113860E+32
#     vc = -8.18626288E+03
#     vr = -9.09345176E+03
#  ilast =  243
#    ifm =    0
#    cfm =  0.00000000E+00
#    xfm =  0.00000000E+00
#    rfn =  1.05421553E-01
#    pdx =  2.97204174E+00
#   bqp0 =  4.82029197E+04
#   bqp1 =  0.00000000E+00
#    idx = 12
# LEPTON = 0
#   MASS =  1.00000000E+00
# CHARGE =  1.00000000E+00
#  EUNIT =  2.72113860E+01
#  RUNIT =  4.13413733E+16
#  LUNIT =  5.29177211E-01
#    AMU =  1.82288849E+03
#    FSC =  7.29735257E-03


0    1.15000117E-08 -1.377152E-02  9.782673E+07  1.100737E-17  5.273476E-13  0.000000E+00  0.000000E+00  0.000000E+00  0.000000E+00  0.000000E+00  0.000000E+00
1    1.26117963E-08 -1.510291E-02  8.920290E+07  1.448102E-17  6.342099E-13  0.000000E+00  0.000000E+00  0.000000E+00  0.000000E+00  0.000000E+00  0.000000E+00
2    1.38310648E-08 -1.656301E-02  8.133930E+07  1.906896E-17  7.627765E-13  0.000000E+00  0.000000E+00  0.000000E+00  0.000000E+00  0.000000E+00  0.000000E+00
3    1.51681819E-08 -1.816423E-02  7.416904E+07  2.512552E-17  9.173918E-13  0.000000E+00  0.000000E+00  0.000000E+00  0.000000E+00  0.000000E+00  0.000000E+00
4    1.66345646E-08 -1.992026E-02  6.763086E+07  3.311825E-17  1.103339E-12  0.000000E+00  0.000000E+00  0.000000E+00  0.000000E+00  0.000000E+00  0.000000E+00
5    1.82427098E-08 -2.184605E-02  6.166904E+07  4.366398E-17  1.326984E-12  0.000000E+00  0.000000E+00  0.000000E+00  0.000000E+00  0.000000E+00  0.000000E+00
6    2.00062875E-08 -2.395797E-02  5.623286E+07  5.757632E-17  1.595960E-12  0.000000E+00  0.000000E+00  0.000000E+00  0.000000E+00  0.000000E+00  0.000000E+00
7    2.19403556E-08 -2.627406E-02  5.127589E+07  7.592858E-17  1.919440E-12  0.000000E+00  0.000000E+00  0.000000E+00  0.000000E+00  0.000000E+00  0.000000E+00
8    2.40613958E-08 -2.881405E-02  4.675587E+07  1.001364E-16  2.308498E-12  0.000000E+00  0.000000E+00  0.000000E+00  0.000000E+00  0.000000E+00  0.000000E+00
9    2.63874375E-08 -3.159954E-02  4.263438E+07  1.320670E-16  2.776413E-12  0.000000E+00  0.000000E+00  0.000000E+00  0.000000E+00  0.000000E+00  0.000000E+00
10   2.89383403E-08 -3.465430E-02  3.887620E+07  1.741831E-16  3.339141E-12  0.000000E+00  0.000000E+00  0.000000E+00  0.000000E+00  0.000000E+00  0.000000E+00
11   3.17358416E-08 -3.800437E-02  3.544929E+07  2.297330E-16  4.015940E-12  0.000000E+00  0.000000E+00  0.000000E+00  0.000000E+00  0.000000E+00  0.000000E+00
12   3.48037199E-08 -4.167822E-02  3.232452E+07  3.030008E-16  4.829941E-12  0.000000E+00  0.000000E+00  0.000000E+00  0.000000E+00  0.000000E+00  0.000000E+00
13   3.81681012E-08 -4.570714E-02  2.947525E+07  3.996368E-16  5.808890E-12  0.000000E+00  0.000000E+00  0.000000E+00  0.000000E+00  0.000000E+00  0.000000E+00
14   4.18577081E-08 -5.012553E-02  2.687712E+07  5.270938E-16  6.986196E-12  0.000000E+00  0.000000E+00  0.000000E+00  0.000000E+00  0.000000E+00  0.000000E+00
15   4.59039793E-08 -5.497103E-02  2.450802E+07  6.952010E-16  8.402141E-12  0.000000E+00  0.000000E+00  0.000000E+00  0.000000E+00  0.000000E+00  0.000000E+00
16   5.03413050E-08 -6.028482E-02  2.234777E+07  9.169213E-16  1.010511E-11  0.000000E+00  0.000000E+00  0.000000E+00  0.000000E+00  0.000000E+00  0.000000E+00
17   5.52074705E-08 -6.611216E-02  2.037798E+07  1.209352E-15  1.215314E-11  0.000000E+00  0.000000E+00  0.000000E+00  0.000000E+00  0.000000E+00  0.000000E+00
18   6.05440164E-08 -7.250279E-02  1.858181E+07  1.595044E-15  1.461620E-11  0.000000E+00  0.000000E+00  0.000000E+00  0.000000E+00  0.000000E+00  0.000000E+00
19   6.63962959E-08 -7.951103E-02  1.694399E+07  2.103735E-15  1.757853E-11  0.000000E+00  0.000000E+00  0.000000E+00  0.000000E+00  0.000000E+00  0.000000E+00
20   7.28141394E-08 -8.719654E-02  1.545056E+07  2.774648E-15  2.114106E-11  0.000000E+00  0.000000E+00  0.000000E+00  0.000000E+00  0.000000E+00  0.000000E+00
21   7.98523293E-08 -9.562492E-02  1.408875E+07  3.659515E-15  2.542553E-11  0.000000E+00  0.000000E+00  0.000000E+00  0.000000E+00  0.000000E+00  0.000000E+00
22   8.75706761E-08 -1.048678E-01  1.284700E+07  4.826557E-15  3.057817E-11  0.000000E+00  0.000000E+00  0.000000E+00  0.000000E+00  0.000000E+00  0.000000E+00
23   9.60350608E-08 -1.150041E-01  1.171470E+07  6.365756E-15  3.677514E-11  0.000000E+00  0.000000E+00  0.000000E+00  0.000000E+00  0.000000E+00  0.000000E+00
24   1.05317228E-07 -1.261197E-01  1.068223E+07  8.395766E-15  4.422789E-11  0.000000E+00  0.000000E+00  0.000000E+00  0.000000E+00  0.000000E+00  0.000000E+00
25   1.15496552E-07 -1.383096E-01  9.740754E+06  1.107310E-14  5.319041E-11  0.000000E+00  0.000000E+00  0.000000E+00  0.000000E+00  0.000000E+00  0.000000E+00
26   1.26659529E-07 -1.516775E-01  8.882273E+06  1.460414E-14  6.396938E-11  0.000000E+00  0.000000E+00  0.000000E+00  0.000000E+00  0.000000E+00  0.000000E+00
27   1.38901188E-07 -1.663372E-01  8.099467E+06  1.926108E-14  7.693236E-11  0.000000E+00  0.000000E+00  0.000000E+00  0.000000E+00  0.000000E+00  0.000000E+00
28   1.52325740E-07 -1.824134E-01  7.385664E+06  2.540289E-14  9.252187E-11  0.000000E+00  0.000000E+00  0.000000E+00  0.000000E+00  0.000000E+00  0.000000E+00
29   1.67047461E-07 -2.000429E-01  6.734780E+06  3.350298E-14  1.112700E-10  0.000000E+00  0.000000E+00  0.000000E+00  0.000000E+00  0.000000E+00  0.000000E+00
30   1.83191662E-07 -2.193759E-01  6.141268E+06  4.418566E-14  1.338166E-10  0.000000E+00  0.000000E+00  0.000000E+00  0.000000E+00  0.000000E+00  0.000000E+00
31   2.00895762E-07 -2.405770E-01  5.600071E+06  5.827427E-14  1.609309E-10  0.000000E+00  0.000000E+00  0.000000E+00  0.000000E+00  0.000000E+00  0.000000E+00
32   2.20310446E-07 -2.638264E-01  5.106575E+06  7.685458E-14  1.935396E-10  0.000000E+00  0.000000E+00  0.000000E+00  0.000000E+00  0.000000E+00  0.000000E+00
33   2.41600536E-07 -2.893217E-01  4.656584E+06  1.013584E-13  2.327548E-10  0.000000E+00  0.000000E+00  0.000000E+00  0.000000E+00  0.000000E+00  0.000000E+00
34   2.64947571E-07 -3.172802E-01  4.246254E+06  1.336740E-13  2.799125E-10  0.000000E+00  0.000000E+00  0.000000E+00  0.000000E+00  0.000000E+00  0.000000E+00
35   2.90550239E-07 -3.479399E-01  3.872089E+06  1.762914E-13  3.366229E-10  0.000000E+00  0.000000E+00  0.000000E+00  0.000000E+00  0.000000E+00  0.000000E+00
36   3.18626413E-07 -3.815615E-01  3.530900E+06  2.324944E-13  4.048231E-10  0.000000E+00  0.000000E+00  0.000000E+00  0.000000E+00  0.000000E+00  0.000000E+00
37   3.49414403E-07 -4.184306E-01  3.219786E+06  3.066129E-13  4.868378E-10  0.000000E+00  0.000000E+00  0.000000E+00  0.000000E+00  0.000000E+00  0.000000E+00
38   3.83176684E-07 -4.588614E-01  2.936091E+06  4.043570E-13  5.854646E-10  0.000000E+00  0.000000E+00  0.000000E+00  0.000000E+00  0.000000E+00  0.000000E+00
39   4.20199795E-07 -5.031971E-01  2.677401E+06  5.332561E-13  7.040671E-10  0.000000E+00  0.000000E+00  0.000000E+00  0.000000E+00  0.000000E+00  0.000000E+00
40   4.60799334E-07 -5.518155E-01  2.441508E+06  7.032393E-13  8.466952E-10  0.000000E+00  0.000000E+00  0.000000E+00  0.000000E+00  0.000000E+00  0.000000E+00
41   5.05318947E-07 -6.051281E-01  2.226410E+06  9.273977E-13  1.018211E-09  0.000000E+00  0.000000E+00  0.000000E+00  0.000000E+00  0.000000E+00  0.000000E+00
42   5.54138810E-07 -6.635901E-01  2.030267E+06  1.222996E-12  1.224453E-09  0.000000E+00  0.000000E+00  0.000000E+00  0.000000E+00  0.000000E+00  0.000000E+00
43   6.07673142E-07 -7.276976E-01  1.851410E+06  1.612797E-12  1.472460E-09  0.000000E+00  0.000000E+00  0.000000E+00  0.000000E+00  0.000000E+00  0.000000E+00
44   6.66378168E-07 -7.979967E-01  1.688312E+06  2.126817E-12  1.770692E-09  0.000000E+00  0.000000E+00  0.000000E+00  0.000000E+00  0.000000E+00  0.000000E+00
45   7.30750654E-07 -8.750823E-01  1.539591E+06  2.804629E-12  2.129341E-09  0.000000E+00  0.000000E+00  0.000000E+00  0.000000E+00  0.000000E+00  0.000000E+00
46   8.01337375E-07 -9.596090E-01  1.403977E+06  3.698412E-12  2.560577E-09  0.000000E+00  0.000000E+00  0.000000E+00  0.000000E+00  0.000000E+00  0.000000E+00
47   8.78740878E-07 -1.052298E+00  1.280312E+06  4.876973E-12  3.079118E-09  0.000000E+00  0.000000E+00  0.000000E+00  0.000000E+00  0.000000E+00  0.000000E+00
48   9.63615982E-07 -1.153934E+00  1.167545E+06  6.431016E-12  3.702659E-09  0.000000E+00  0.000000E+00  0.000000E+00  0.000000E+00  0.000000E+00  0.000000E+00
49   1.05668526E-06 -1.265381E+00  1.064715E+06  8.480142E-12  4.452411E-09  0.000000E+00  0.000000E+00  0.000000E+00  0.000000E+00  0.000000E+00  0.000000E+00
50   1.15873793E-06 -1.387583E+00  9.709457E+05  1.118202E-11  5.353959E-09  0.000000E+00  0.000000E+00  0.000000E+00  0.000000E+00  0.000000E+00  0.000000E+00
51   1.27064004E-06 -1.521579E+00  8.854397E+05  1.474454E-11  6.437994E-09  0.000000E+00  0.000000E+00  0.000000E+00  0.000000E+00  0.000000E+00  0.000000E+00
52   1.39334152E-06 -1.668504E+00  8.074681E+05  1.944173E-11  7.741401E-09  0.000000E+00  0.000000E+00  0.000000E+00  0.000000E+00  0.000000E+00  0.000000E+00
53   1.52788524E-06 -1.829606E+00  7.363661E+05  2.563490E-11  9.308601E-09  0.000000E+00  0.000000E+00  0.000000E+00  0.000000E+00  0.000000E+00  0.000000E+00
54   1.67541056E-06 -2.006248E+00  6.715292E+05  3.380029E-11  1.119296E-08  0.000000E+00  0.000000E+00  0.000000E+00  0.000000E+00  0.000000E+00  0.000000E+00
55   1.83717063E-06 -2.199929E+00  6.124045E+05  4.456575E-11  1.345858E-08  0.000000E+00  0.000000E+00  0.000000E+00  0.000000E+00  0.000000E+00  0.000000E+00
56   2.01453629E-06 -2.412289E+00  5.584890E+05  5.875886E-11  1.618260E-08  0.000000E+00  0.000000E+00  0.000000E+00  0.000000E+00  0.000000E+00  0.000000E+00
57   2.20901188E-06 -2.645126E+00  5.093234E+05  7.747050E-11  1.945774E-08  0.000000E+00  0.000000E+00  0.000000E+00  0.000000E+00  0.000000E+00  0.000000E+00
58   2.42224403E-06 -2.900408E+00  4.644896E+05  1.021385E-10  2.339538E-08  0.000000E+00  0.000000E+00  0.000000E+00  0.000000E+00  0.000000E+00  0.000000E+00
59   2.65604178E-06 -3.180297E+00  4.236052E+05  1.346580E-10  2.812940E-08  0.000000E+00  0.000000E+00  0.000000E+00  0.000000E+00  0.000000E+00  0.000000E+00
60   2.91238443E-06 -3.487154E+00  3.863225E+05  1.775268E-10  3.382077E-08  0.000000E+00  0.000000E+00  0.000000E+00  0.000000E+00  0.000000E+00  0.000000E+00
61   3.19344526E-06 -3.823574E+00  3.523238E+05  2.340365E-10  4.066297E-08  0.000000E+00  0.000000E+00  0.000000E+00  0.000000E+00  0.000000E+00  0.000000E+00
62   3.50160105E-06 -4.192392E+00  3.213200E+05  3.085251E-10  4.888862E-08  0.000000E+00  0.000000E+00  0.000000E+00  0.000000E+00  0.000000E+00  0.000000E+00
63   3.83946103E-06 -4.596715E+00  2.930453E+05  4.067087E-10  5.877689E-08  0.000000E+00  0.000000E+00  0.000000E+00  0.000000E+00  0.000000E+00  0.000000E+00
64   4.20988541E-06 -5.039949E+00  2.672645E+05  5.361195E-10  7.066378E-08  0.000000E+00  0.000000E+00  0.000000E+00  0.000000E+00  0.000000E+00  0.000000E+00
65   4.61600401E-06 -5.525813E+00  2.437513E+05  7.066811E-10  8.495274E-08  0.000000E+00  0.000000E+00  0.000000E+00  0.000000E+00  0.000000E+00  0.000000E+00
66   5.06125378E-06 -6.058388E+00  2.223103E+05  9.314674E-10  1.021284E-07  0.000000E+00  0.000000E+00  0.000000E+00  0.000000E+00  0.000000E+00  0.000000E+00
67   5.54939588E-06 -6.642129E+00  2.027578E+05  1.227701E-09  1.227736E-07  0.000000E+00  0.000000E+00  0.000000E+00  0.000000E+00  0.000000E+00  0.000000E+00
68   6.08455424E-06 -7.281913E+00  1.849257E+05  1.618065E-09  1.475877E-07  0.000000E+00  0.000000E+00  0.000000E+00  0.000000E+00  0.000000E+00  0.000000E+00
69   6.67124975E-06 -7.983070E+00  1.686650E+05  2.132436E-09  1.774115E-07  0.000000E+00  0.000000E+00  0.000000E+00  0.000000E+00  0.000000E+00  0.000000E+00
70   7.31443393E-06 -8.751422E+00  1.538369E+05  2.810155E-09  2.132547E-07  0.000000E+00  0.000000E+00  0.000000E+00  0.000000E+00  0.000000E+00  0.000000E+00
71   8.01953244E-06 -9.593321E+00  1.403136E+05  3.703014E-09  2.563299E-07  0.000000E+00  0.000000E+00  0.000000E+00  0.000000E+00  0.000000E+00  0.000000E+00
72   8.79249031E-06 -1.051570E+01  1.279804E+05  4.879194E-09  3.080926E-07  0.000000E+00  0.000000E+00  0.000000E+00  0.000000E+00  0.000000E+00  0.000000E+00
73   9.63982611E-06 -1.152611E+01  1.167341E+05  6.428421E-09  3.702905E-07  0.000000E+00  0.000000E+00  0.000000E+00  0.000000E+00  0.000000E+00  0.000000E+00
74   1.05686764E-05 -1.263277E+01  1.064782E+05  8.468752E-09  4.450226E-07  0.000000E+00  0.000000E+00  0.000000E+00  0.000000E+00  0.000000E+00  0.000000E+00
75   1.15868601E-05 -1.384462E+01  9.712481E+04  1.115547E-08  5.348057E-07  0.000000E+00  0.000000E+00  0.000000E+00  0.000000E+00  0.000000E+00  0.000000E+00
76   1.27029476E-05 -1.517134E+01  8.859548E+04  1.469275E-08  6.426604E-07  0.000000E+00  0.000000E+00  0.000000E+00  0.000000E+00  0.000000E+00  0.000000E+00
77   1.39263226E-05 -1.662342E+01  8.081734E+04  1.934894E-08  7.722095E-07  0.000000E+00  0.000000E+00  0.000000E+00  0.000000E+00  0.000000E+00  0.000000E+00
78   1.52672673E-05 -1.821219E+01  7.372444E+04  2.547659E-08  9.277953E-07  0.000000E+00  0.000000E+00  0.000000E+00  0.000000E+00  0.000000E+00  0.000000E+00
79   1.67370439E-05 -1.994983E+01  6.725668E+04  3.353856E-08  1.114623E-06  0.000000E+00  0.000000E+00  0.000000E+00  0.000000E+00  0.000000E+00  0.000000E+00
80   1.83479863E-05 -2.184940E+01  6.135910E+04  4.414218E-08  1.338924E-06  0.000000E+00  0.000000E+00  0.000000E+00  0.000000E+00  0.000000E+00  0.000000E+00
81   2.01136076E-05 -2.392483E+01  5.598212E+04  5.808368E-08  1.608160E-06  0.000000E+00  0.000000E+00  0.000000E+00  0.000000E+00  0.000000E+00  0.000000E+00
82   2.20487024E-05 -2.619086E+01  5.108026E+04  7.640596E-08  1.931258E-06  0.000000E+00  0.000000E+00  0.000000E+00  0.000000E+00  0.000000E+00  0.000000E+00
83   2.41694739E-05 -2.866298E+01  4.661220E+04  1.004735E-07  2.318881E-06  0.000000E+00  0.000000E+00  0.000000E+00  0.000000E+00  0.000000E+00  0.000000E+00
84   2.64936659E-05 -3.135730E+01  4.254061E+04  1.320691E-07  2.783765E-06  0.000000E+00  0.000000E+00  0.000000E+00  0.000000E+00  0.000000E+00  0.000000E+00
85   2.90407068E-05 -3.429031E+01  3.883169E+04  1.735183E-07  3.341098E-06  0.000000E+00  0.000000E+00  0.000000E+00  0.000000E+00  0.000000E+00  0.000000E+00
86   3.18318685E-05 -3.747857E+01  3.545486E+04  2.278491E-07  4.008967E-06  0.000000E+00  0.000000E+00  0.000000E+00  0.000000E+00  0.000000E+00  0.000000E+00
87   3.48904368E-05 -4.093824E+01  3.238266E+04  2.989944E-07  4.808877E-06  0.000000E+00  0.000000E+00  0.000000E+00  0.000000E+00  0.000000E+00  0.000000E+00
88   3.82419079E-05 -4.468443E+01  2.959073E+04  3.920487E-07  5.766349E-06  0.000000E+00  0.000000E+00  0.000000E+00  0.000000E+00  0.000000E+00  0.000000E+00
89   4.19141865E-05 -4.873026E+01  2.705757E+04  5.135885E-07  6.911611E-06  0.000000E+00  0.000000E+00  0.000000E+00  0.000000E+00  0.000000E+00  0.000000E+00
90   4.59378148E-05 -5.308560E+01  2.476460E+04  6.720685E-07  8.280363E-06  0.000000E+00  0.000000E+00  0.000000E+00  0.000000E+00  0.000000E+00  0.000000E+00
91   5.03462213E-05 -5.775540E+01  2.269626E+04  8.783032E-07  9.914655E-06  0.000000E+00  0.000000E+00  0.000000E+00  0.000000E+00  0.000000E+00  0.000000E+00
92   5.51759836E-05 -6.273729E+01  2.084010E+04  1.146040E-06  1.186385E-05  0.000000E+00  0.000000E+00  0.000000E+00  0.000000E+00  0.000000E+00  0.000000E+00
93   6.04671277E-05 -6.801853E+01  1.918729E+04  1.492621E-06  1.418571E-05  0.000000E+00  0.000000E+00  0.000000E+00  0.000000E+00  0.000000E+00  0.000000E+00
94   6.62634429E-05 -7.357182E+01  1.773304E+04  1.939710E-06  1.694750E-05  0.000000E+00  0.000000E+00  0.000000E+00  0.000000E+00  0.000000E+00  0.000000E+00
95   7.26128392E-05 -7.934976E+01  1.647733E+04  2.514049E-06  2.022734E-05  0.000000E+00  0.000000E+00  0.000000E+00  0.000000E+00  0.000000E+00  0.000000E+00
96   7.95677148E-05 -8.527757E+01  1.542596E+04  3.248123E-06  2.411553E-05  0.000000E+00  0.000000E+00  0.000000E+00  0.000000E+00  0.000000E+00  0.000000E+00
97   8.71853842E-05 -9.124358E+01  1.459167E+04  4.180587E-06  2.871623E-05  0.000000E+00  0.000000E+00  0.000000E+00  0.000000E+00  0.000000E+00  0.000000E+00
98   9.55285204E-05 -9.708727E+01  1.399438E+04  5.356150E-06  3.414948E-05  0.000000E+00  0.000000E+00  0.000000E+00  0.000000E+00  0.000000E+00  0.000000E+00
99   1.04665655E-04 -1.025856E+02  1.365492E+04  6.824504E-06  4.055425E-05  0.000000E+00  0.000000E+00  0.000000E+00  0.000000E+00  0.000000E+00  0.000000E+00
100  1.14671712E-04 -1.074430E+02  1.354193E+04  8.637719E-06  4.809160E-05  0.000000E+00  0.000000E+00  0.000000E+00  0.000000E+00  0.000000E+00  0.000000E+00
101  1.25628590E-04 -1.113070E+02  1.339654E+04  1.084548E-05  5.694264E-05  0.000000E+00  0.000000E+00  0.000000E+00  0.000000E+00  0.000000E+00  0.000000E+00
102  1.37625807E-04 -1.138786E+02  1.272298E+04  1.348898E-05  6.732655E-05  0.000000E+00  0.000000E+00  0.000000E+00  0.000000E+00  0.000000E+00  0.000000E+00
103  1.50761180E-04 -1.151773E+02  1.137225E+04  1.660371E-05  7.954453E-05  0.000000E+00  0.000000E+00  0.000000E+00  0.000000E+00  0.000000E+00  0.000000E+00
104  1.65141592E-04 -1.156477E+02  9.870792E+03  2.023917E-05  9.392998E-05  0.000000E+00  0.000000E+00  0.000000E+00  0.000000E+00  0.000000E+00  0.000000E+00
105  1.80883801E-04 -1.157687E+02  8.701710E+03  2.447259E-05  1.108224E-04  0.000000E+00  0.000000E+00  0.000000E+00  0.000000E+00  0.000000E+00  0.000000E+00
106  1.98115335E-04 -1.157822E+02  7.833370E+03  2.941188E-05  1.306662E-04  0.000000E+00  0.000000E+00  0.000000E+00  0.000000E+00  0.000000E+00  0.000000E+00
107  2.16975458E-04 -1.157678E+02  7.102413E+03  3.519591E-05  1.540108E-04  0.000000E+00  0.000000E+00  0.000000E+00  0.000000E+00  0.000000E+00  0.000000E+00
108  2.37616224E-04 -1.157461E+02  6.446284E+03  4.199269E-05  1.814726E-04  0.000000E+00  0.000000E+00  0.000000E+00  0.000000E+00  0.000000E+00  0.000000E+00
109  2.60203615E-04 -1.157212E+02  5.849356E+03  5.000156E-05  2.137662E-04  0.000000E+00  0.000000E+00  0.000000E+00  0.000000E+00  0.000000E+00  0.000000E+00
110  2.84918778E-04 -1.156938E+02  5.305208E+03  5.945878E-05  2.517309E-04  0.000000E+00  0.000000E+00  0.000000E+00  0.000000E+00  0.000000E+00  0.000000E+00
111  3.11959367E-04 -1.156636E+02  4.809137E+03  7.064500E-05  2.963508E-04  0.000000E+00  0.000000E+00  0.000000E+00  0.000000E+00  0.000000E+00  0.000000E+00
112  3.41541004E-04 -1.156306E+02  4.356965E+03  8.389426E-05  3.487769E-04  0.000000E+00  0.000000E+00  0.000000E+00  0.000000E+00  0.000000E+00  0.000000E+00
113  3.73898850E-04 -1.155944E+02  3.944878E+03  9.960489E-05  4.103546E-04  0.000000E+00  0.000000E+00  0.000000E+00  0.000000E+00  0.000000E+00  0.000000E+00
114  4.09289310E-04 -1.155548E+02  3.569394E+03  1.182525E-04  4.826548E-04  0.000000E+00  0.000000E+00  0.000000E+00  0.000000E+00  0.000000E+00  0.000000E+00
115  4.47991890E-04 -1.155114E+02  3.227337E+03  1.404060E-04  5.675107E-04  0.000000E+00  0.000000E+00  0.000000E+00  0.000000E+00  0.000000E+00  0.000000E+00
116  4.90311182E-04 -1.154639E+02  2.915807E+03  1.667465E-04  6.670593E-04  0.000000E+00  0.000000E+00  0.000000E+00  0.000000E+00  0.000000E+00  0.000000E+00
117  5.36579038E-04 -1.154120E+02  2.632161E+03  1.980903E-04  7.837898E-04  0.000000E+00  0.000000E+00  0.000000E+00  0.000000E+00  0.000000E+00  0.000000E+00
118  5.87156887E-04 -1.153553E+02  2.373987E+03  2.354173E-04  9.205982E-04  0.000000E+00  0.000000E+00  0.000000E+00  0.000000E+00  0.000000E+00  0.000000E+00
119  6.42438263E-04 -1.152933E+02  2.139083E+03  2.799048E-04  1.080850E-03  0.000000E+00  0.000000E+00  0.000000E+00  0.000000E+00  0.000000E+00  0.000000E+00
120  7.02851522E-04 -1.152257E+02  1.925438E+03  3.329688E-04  1.268453E-03  0.000000E+00  0.000000E+00  0.000000E+00  0.000000E+00  0.000000E+00  0.000000E+00
121  7.68862755E-04 -1.151520E+02  1.731218E+03  3.963141E-04  1.487937E-03  0.000000E+00  0.000000E+00  0.000000E+00  0.000000E+00  0.000000E+00  0.000000E+00
122  8.40978953E-04 -1.150716E+02  1.554744E+03  4.719952E-04  1.744545E-03  0.000000E+00  0.000000E+00  0.000000E+00  0.000000E+00  0.000000E+00  0.000000E+00
123  9.19751392E-04 -1.149840E+02  1.394482E+03  5.624909E-04  2.044338E-03  0.000000E+00  0.000000E+00  0.000000E+00  0.000000E+00  0.000000E+00  0.000000E+00
124  1.00577928E-03 -1.148888E+02  1.249031E+03  6.707940E-04  2.394310E-03  0.000000E+00  0.000000E+00  0.000000E+00  0.000000E+00  0.000000E+00  0.000000E+00
125  1.09971366E-03 -1.147852E+02  1.117107E+03  8.005210E-04  2.802517E-03  0.000000E+00  0.000000E+00  0.000000E+00  0.000000E+00  0.000000E+00  0.000000E+00
126  1.20226164E-03 -1.146727E+02  9.975344E+02  9.560459E-04  3.278220E-03  0.000000E+00  0.000000E+00  0.000000E+00  0.000000E+00  0.000000E+00  0.000000E+00
127  1.31419087E-03 -1.145505E+02  8.892365E+02  1.142662E-03  3.832042E-03  0.000000E+00  0.000000E+00  0.000000E+00  0.000000E+00  0.000000E+00  0.000000E+00
128  1.43633437E-03 -1.144181E+02  7.912259E+02  1.366777E-03  4.476138E-03  0.000000E+00  0.000000E+00  0.000000E+00  0.000000E+00  0.000000E+00  0.000000E+00
129  1.56959571E-03 -1.142746E+02  7.025971E+02  1.636157E-03  5.224385E-03  0.000000E+00  0.000000E+00  0.000000E+00  0.000000E+00  0.000000E+00  0.000000E+00
130  1.71495450E-03 -1.141193E+02  6.225186E+02  1.960207E-03  6.092575E-03  0.000000E+00  0.000000E+00  0.000000E+00  0.000000E+00  0.000000E+00  0.000000E+00
131  1.87347229E-03 -1.139515E+02  5.502274E+02  2.350328E-03  7.098627E-03  0.000000E+00  0.000000E+00  0.000000E+00  0.000000E+00  0.000000E+00  0.000000E+00
132  2.04629882E-03 -1.137702E+02  4.850226E+02  2.820337E-03  8.262804E-03  0.000000E+00  0.000000E+00  0.000000E+00  0.000000E+00  0.000000E+00  0.000000E+00
133  2.23467875E-03 -1.135746E+02  4.262604E+02  3.386969E-03  9.607930E-03  0.000000E+00  0.000000E+00  0.000000E+00  0.000000E+00  0.000000E+00  0.000000E+00
134  2.43995873E-03 -1.133640E+02  3.733498E+02  4.070495E-03  1.115961E-02  0.000000E+00  0.000000E+00  0.000000E+00  0.000000E+00  0.000000E+00  0.000000E+00
135  2.66359491E-03 -1.131372E+02  3.257481E+02  4.895443E-03  1.294643E-02  0.000000E+00  0.000000E+00  0.000000E+00  0.000000E+00  0.000000E+00  0.000000E+00
136  2.90716100E-03 -1.128935E+02  2.829577E+02  5.891466E-03  1.500015E-02  0.000000E+00  0.000000E+00  0.000000E+00  0.000000E+00  0.000000E+00  0.000000E+00
137  3.17235672E-03 -1.126318E+02  2.445224E+02  7.094374E-03  1.735582E-02  0.000000E+00  0.000000E+00  0.000000E+00  0.000000E+00  0.000000E+00  0.000000E+00
138  3.46101671E-03 -1.123511E+02  2.100244E+02  8.547336E-03  2.005190E-02  0.000000E+00  0.000000E+00  0.000000E+00  0.000000E+00  0.000000E+00  0.000000E+00
139  3.77512001E-03 -1.120504E+02  1.790820E+02  1.030230E-02  2.313026E-02  0.000000E+00  0.000000E+00  0.000000E+00  0.000000E+00  0.000000E+00  0.000000E+00
140  4.11680000E-03 -1.117286E+02  1.513467E+02  1.242166E-02  2.663608E-02  0.000000E+00  0.000000E+00  0.000000E+00  0.000000E+00  0.000000E+00  0.000000E+00
141  4.48835488E-03 -1.113845E+02  1.265008E+02  1.498009E-02  3.061761E-02  0.000000E+00  0.000000E+00  0.000000E+00  0.000000E+00  0.000000E+00  0.000000E+00
142  4.89225861E-03 -1.110171E+02  1.042554E+02  1.806680E-02  3.512581E-02  0.000000E+00  0.000000E+00  0.000000E+00  0.000000E+00  0.000000E+00  0.000000E+00
143  5.33117245E-03 -1.106250E+02  8.434870E+01  2.178786E-02  4.021368E-02  0.000000E+00  0.000000E+00  0.000000E+00  0.000000E+00  0.000000E+00  0.000000E+00
144  5.80795699E-03 -1.102070E+02  6.654318E+01  2.626901E-02  4.593544E-02  0.000000E+00  0.000000E+00  0.000000E+00  0.000000E+00  0.000000E+00  0.000000E+00
145  6.32568467E-03 -1.097616E+02  5.062442E+01  3.165849E-02  5.234530E-02  0.000000E+00  0.000000E+00  0.000000E+00  0.000000E+00  0.000000E+00  0.000000E+00
146  6.88765288E-03 -1.092874E+02  3.639914E+01  3.813022E-02  5.949593E-02  0.000000E+00  0.000000E+00  0.000000E+00  0.000000E+00  0.000000E+00  0.000000E+00
147  7.49739749E-03 -1.087829E+02  2.369346E+01  4.588704E-02  6.743653E-02  0.000000E+00  0.000000E+00  0.000000E+00  0.000000E+00  0.000000E+00  0.000000E+00
148  8.15870693E-03 -1.082465E+02  1.235139E+01  5.516383E-02  7.621040E-02  0.000000E+00  0.000000E+00  0.000000E+00  0.000000E+00  0.000000E+00  0.000000E+00
149  8.87563669E-03 -1.076766E+02  2.233157E+00  6.623050E-02  8.585199E-02  0.000000E+00  0.000000E+00  0.000000E+00  0.000000E+00  0.000000E+00  0.000000E+00
150  9.65252433E-03 -1.070713E+02 -6.786115E+00  7.939444E-02  9.638357E-02  0.000000E+00  0.000000E+00  0.000000E+00  0.000000E+00  0.000000E+00  0.000000E+00
151  1.04940048E-02 -1.064291E+02 -1.481778E+01  9.500213E-02  1.078112E-01  0.000000E+00  0.000000E+00  0.000000E+00  0.000000E+00  0.000000E+00  0.000000E+00
152  1.14050262E-02 -1.057482E+02 -2.196111E+01  1.134394E-01  1.201204E-01  0.000000E+00  0.000000E+00  0.000000E+00  0.000000E+00  0.000000E+00  0.000000E+00
153  1.23908660E-02 -1.050269E+02 -2.830441E+01  1.351299E-01  1.332711E-01  0.000000E+00  0.000000E+00  0.000000E+00  0.000000E+00  0.000000E+00  0.000000E+00
154  1.34571472E-02 -1.042635E+02 -3.392621E+01  1.605311E-01  1.471928E-01  0.000000E+00  0.000000E+00  0.000000E+00  0.000000E+00  0.000000E+00  0.000000E+00
155  1.46098552E-02 -1.034563E+02 -3.889636E+01  1.901265E-01  1.617793E-01  0.000000E+00  0.000000E+00  0.000000E+00  0.000000E+00  0.000000E+00  0.000000E+00
156  1.58553544E-02 -1.026037E+02 -4.327696E+01  2.244146E-01  1.768831E-01  0.000000E+00  0.000000E+00  0.000000E+00  0.000000E+00  0.000000E+00  0.000000E+00
157  1.72004052E-02 -1.017042E+02 -4.712325E+01  2.638916E-01  1.923115E-01  0.000000E+00  0.000000E+00  0.000000E+00  0.000000E+00  0.000000E+00  0.000000E+00
158  1.86521811E-02 -1.007564E+02 -5.048434E+01  3.090290E-01  2.078225E-01  0.000000E+00  0.000000E+00  0.000000E+00  0.000000E+00  0.000000E+00  0.000000E+00
159  2.02182853E-02 -9.975920E+01 -5.340397E+01  3.602437E-01  2.231225E-01  0.000000E+00  0.000000E+00  0.000000E+00  0.000000E+00  0.000000E+00  0.000000E+00
160  2.19067678E-02 -9.871161E+01 -5.592110E+01  4.178610E-01  2.378656E-01  0.000000E+00  0.000000E+00  0.000000E+00  0.000000E+00  0.000000E+00  0.000000E+00
161  2.37261419E-02 -9.761300E+01 -5.807059E+01  4.820690E-01  2.516559E-01  0.000000E+00  0.000000E+00  0.000000E+00  0.000000E+00  0.000000E+00  0.000000E+00
162  2.56854005E-02 -9.646293E+01 -5.988356E+01  5.528663E-01  2.640525E-01  0.000000E+00  0.000000E+00  0.000000E+00  0.000000E+00  0.000000E+00  0.000000E+00
163  2.77940320E-02 -9.526111E+01 -6.138792E+01  6.300024E-01  2.745777E-01  0.000000E+00  0.000000E+00  0.000000E+00  0.000000E+00  0.000000E+00  0.000000E+00
164  3.00620361E-02 -9.400730E+01 -6.260858E+01  7.129124E-01  2.827303E-01  0.000000E+00  0.000000E+00  0.000000E+00  0.000000E+00  0.000000E+00  0.000000E+00
165  3.24999381E-02 -9.270124E+01 -6.356776E+01  8.006517E-01  2.880018E-01  0.000000E+00  0.000000E+00  0.000000E+00  0.000000E+00  0.000000E+00  0.000000E+00
166  3.51188035E-02 -9.134257E+01 -6.428527E+01  8.918307E-01  2.898982E-01  0.000000E+00  0.000000E+00  0.000000E+00  0.000000E+00  0.000000E+00  0.000000E+00
167  3.79302511E-02 -8.993081E+01 -6.477869E+01  9.845597E-01  2.879650E-01  0.000000E+00  0.000000E+00  0.000000E+00  0.000000E+00  0.000000E+00  0.000000E+00
168  4.09464661E-02 -8.846565E+01 -6.506385E+01  1.076408E+00  2.818153E-01  0.000000E+00  0.000000E+00  0.000000E+00  0.000000E+00  0.000000E+00  0.000000E+00
169  4.41802107E-02 -8.694681E+01 -6.515493E+01  1.164384E+00  2.711602E-01  0.000000E+00  0.000000E+00  0.000000E+00  0.000000E+00  0.000000E+00  0.000000E+00
170  4.76448354E-02 -8.537450E+01 -6.506509E+01  1.244953E+00  2.558381E-01  0.000000E+00  0.000000E+00  0.000000E+00  0.000000E+00  0.000000E+00  0.000000E+00
171  5.13542879E-02 -8.374934E+01 -6.480651E+01  1.314087E+00  2.358430E-01  0.000000E+00  0.000000E+00  0.000000E+00  0.000000E+00  0.000000E+00  0.000000E+00
172  5.53231208E-02 -8.207245E+01 -6.439075E+01  1.367368E+00  2.113466E-01  0.000000E+00  0.000000E+00  0.000000E+00  0.000000E+00  0.000000E+00  0.000000E+00
173  5.95664991E-02 -8.034551E+01 -6.382896E+01  1.400138E+00  1.827141E-01  0.000000E+00  0.000000E+00  0.000000E+00  0.000000E+00  0.000000E+00  0.000000E+00
174  6.41002043E-02 -7.857095E+01 -6.313208E+01  1.407707E+00  1.505094E-01  0.000000E+00  0.000000E+00  0.000000E+00  0.000000E+00  0.000000E+00  0.000000E+00
175  6.89406392E-02 -7.675227E+01 -6.231124E+01  1.385606E+00  1.154872E-01  0.000000E+00  0.000000E+00  0.000000E+00  0.000000E+00  0.000000E+00  0.000000E+00
176  7.41048294E-02 -7.489371E+01 -6.137753E+01  1.329878E+00  7.857369E-02  0.000000E+00  0.000000E+00  0.000000E+00  0.000000E+00  0.000000E+00  0.000000E+00
177  7.96104241E-02 -7.300057E+01 -6.034240E+01  1.237403E+00  4.083165E-02  0.000000E+00  0.000000E+00  0.000000E+00  0.000000E+00  0.000000E+00  0.000000E+00
178  8.54756952E-02 -7.107818E+01 -5.921670E+01  1.106212E+00  3.414638E-03  0.000000E+00  0.000000E+00  0.000000E+00  0.000000E+00  0.000000E+00  0.000000E+00
179  9.17195341E-02 -6.913167E+01 -5.801056E+01  9.357898E-01 -3.248922E-02  0.000000E+00  0.000000E+00  0.000000E+00  0.000000E+00  0.000000E+00  0.000000E+00
180  9.83614479E-02 -6.716526E+01 -5.673273E+01  7.273214E-01 -6.572008E-02  0.000000E+00  0.000000E+00  0.000000E+00  0.000000E+00  0.000000E+00  0.000000E+00
181  1.05421553E-01 -6.518198E+01 -5.539038E+01  4.838627E-01 -9.521186E-02  0.000000E+00  0.000000E+00  0.000000E+00  0.000000E+00  0.000000E+00  0.000000E+00
182  1.12920567E-01 -6.318402E+01 -5.398945E+01  2.103998E-01 -1.200560E-01  0.000000E+00  0.000000E+00  0.000000E+00  0.000000E+00  0.000000E+00  0.000000E+00
183  1.20879800E-01 -6.117320E+01 -5.253518E+01 -8.622090E-02 -1.395584E-01  0.000000E+00  0.000000E+00  0.000000E+00  0.000000E+00  0.000000E+00  0.000000E+00
184  1.29321144E-01 -5.915158E+01 -5.103273E+01 -3.975082E-01 -1.532840E-01  0.000000E+00  0.000000E+00  0.000000E+00  0.000000E+00  0.000000E+00  0.000000E+00
185  1.38267056E-01 -5.712220E+01 -4.948791E+01 -7.136880E-01 -1.610845E-01  0.000000E+00  0.000000E+00  0.000000E+00  0.000000E+00  0.000000E+00  0.000000E+00
186  1.47740552E-01 -5.508888E+01 -4.790714E+01 -1.024195E+00 -1.631046E-01  0.000000E+00  0.000000E+00  0.000000E+00  0.000000E+00  0.000000E+00  0.000000E+00
187  1.57765184E-01 -5.305645E+01 -4.629760E+01 -1.318265E+00 -1.597670E-01  0.000000E+00  0.000000E+00  0.000000E+00  0.000000E+00  0.000000E+00  0.000000E+00
188  1.68365024E-01 -5.103140E+01 -4.466800E+01 -1.585577E+00 -1.517348E-01  0.000000E+00  0.000000E+00  0.000000E+00  0.000000E+00  0.000000E+00  0.000000E+00
189  1.79564649E-01 -4.902105E+01 -4.302762E+01 -1.816899E+00 -1.398570E-01  0.000000E+00  0.000000E+00  0.000000E+00  0.000000E+00  0.000000E+00  0.000000E+00
190  1.91389120E-01 -4.703493E+01 -4.138780E+01 -2.004659E+00 -1.251004E-01  0.000000E+00  0.000000E+00  0.000000E+00  0.000000E+00  0.000000E+00  0.000000E+00
191  2.03863960E-01 -4.508216E+01 -3.975930E+01 -2.143406E+00 -1.084763E-01  0.000000E+00  0.000000E+00  0.000000E+00  0.000000E+00  0.000000E+00  0.000000E+00
192  2.17015131E-01 -4.317131E+01 -3.815216E+01 -2.230102E+00 -9.097078E-02  0.000000E+00  0.000000E+00  0.000000E+00  0.000000E+00  0.000000E+00  0.000000E+00
193  2.30869016E-01 -4.130852E+01 -3.657392E+01 -2.264234E+00 -7.348380E-02  0.000000E+00  0.000000E+00  0.000000E+00  0.000000E+00  0.000000E+00  0.000000E+00
194  2.45452392E-01 -3.949684E+01 -3.502889E+01 -2.247737E+00 -5.678402E-02  0.000000E+00  0.000000E+00  0.000000E+00  0.000000E+00  0.000000E+00  0.000000E+00
195  2.60792404E-01 -3.773584E+01 -3.351782E+01 -2.184757E+00 -4.147950E-02  0.000000E+00  0.000000E+00  0.000000E+00  0.000000E+00  0.000000E+00  0.000000E+00
196  2.76916547E-01 -3.602328E+01 -3.203958E+01 -2.081275E+00 -2.800410E-02  0.000000E+00  0.000000E+00  0.000000E+00  0.000000E+00  0.000000E+00  0.000000E+00
197  2.93852632E-01 -3.435480E+01 -3.059082E+01 -1.944636E+00 -1.661782E-02  0.000000E+00  0.000000E+00  0.000000E+00  0.000000E+00  0.000000E+00  0.000000E+00
198  3.11628767E-01 -3.272708E+01 -2.916918E+01 -1.783018E+00 -7.418669E-03  0.000000E+00  0.000000E+00  0.000000E+00  0.000000E+00  0.000000E+00  0.000000E+00
199  3.30273328E-01 -3.113717E+01 -2.777260E+01 -1.604881E+00 -3.632909E-04  0.000000E+00  0.000000E+00  0.000000E+00  0.000000E+00  0.000000E+00  0.000000E+00
200  3.49814935E-01 -2.958347E+01 -2.640028E+01 -1.418447E+00  4.705011E-03  0.000000E+00  0.000000E+00  0.000000E+00  0.000000E+00  0.000000E+00  0.000000E+00
201  3.70282422E-01 -2.806528E+01 -2.505233E+01 -1.231247E+00  8.024579E-03  0.000000E+00  0.000000E+00  0.000000E+00  0.000000E+00  0.000000E+00  0.000000E+00
202  3.91704817E-01 -2.658284E+01 -2.372971E+01 -1.049765E+00  9.882783E-03  0.000000E+00  0.000000E+00  0.000000E+00  0.000000E+00  0.000000E+00  0.000000E+00
203  4.14111309E-01 -2.513764E+01 -2.243460E+01 -8.792018E-01  1.058580E-02  0.000000E+00  0.000000E+00  0.000000E+00  0.000000E+00  0.000000E+00  0.000000E+00
204  4.37531230E-01 -2.373222E+01 -2.117020E+01 -7.233630E-01  1.043297E-02  0.000000E+00  0.000000E+00  0.000000E+00  0.000000E+00  0.000000E+00  0.000000E+00
205  4.61994022E-01 -2.237089E+01 -1.994140E+01 -5.846674E-01  9.697222E-03  0.000000E+00  0.000000E+00  0.000000E+00  0.000000E+00  0.000000E+00  0.000000E+00
206  4.87529220E-01 -2.105803E+01 -1.875312E+01 -4.642517E-01  8.611955E-03  0.000000E+00  0.000000E+00  0.000000E+00  0.000000E+00  0.000000E+00  0.000000E+00
207  5.14166421E-01 -1.979806E+01 -1.761031E+01 -3.621529E-01  7.364231E-03  0.000000E+00  0.000000E+00  0.000000E+00  0.000000E+00  0.000000E+00  0.000000E+00
208  5.41935264E-01 -1.859445E+01 -1.651691E+01 -2.775367E-01  6.093667E-03  0.000000E+00  0.000000E+00  0.000000E+00  0.000000E+00  0.000000E+00  0.000000E+00
209  5.70865405E-01 -1.744938E+01 -1.547555E+01 -2.089436E-01  4.895741E-03  0.000000E+00  0.000000E+00  0.000000E+00  0.000000E+00  0.000000E+00  0.000000E+00
210  6.00986498E-01 -1.636355E+01 -1.448735E+01 -1.545258E-01  3.828069E-03  0.000000E+00  0.000000E+00  0.000000E+00  0.000000E+00  0.000000E+00  0.000000E+00
211  6.32328168E-01 -1.533664E+01 -1.355236E+01 -1.122567E-01  2.918184E-03  0.000000E+00  0.000000E+00  0.000000E+00  0.000000E+00  0.000000E+00  0.000000E+00
212  6.64919993E-01 -1.436712E+01 -1.266943E+01 -8.009962E-02  2.171559E-03  0.000000E+00  0.000000E+00  0.000000E+00  0.000000E+00  0.000000E+00  0.000000E+00
213  6.98791485E-01 -1.345285E+01 -1.183674E+01 -5.613275E-02  1.578956E-03  0.000000E+00  0.000000E+00  0.000000E+00  0.000000E+00  0.000000E+00  0.000000E+00
214  7.33972067E-01 -1.259145E+01 -1.105225E+01 -3.862984E-02  1.122578E-03  0.000000E+00  0.000000E+00  0.000000E+00  0.000000E+00  0.000000E+00  0.000000E+00
215  7.70491060E-01 -1.178016E+01 -1.031347E+01 -2.610336E-02  7.808025E-04  0.000000E+00  0.000000E+00  0.000000E+00  0.000000E+00  0.000000E+00  0.000000E+00
216  8.08377657E-01 -1.101633E+01 -9.618044E+00 -1.731716E-02  5.315119E-04  0.000000E+00  0.000000E+00  0.000000E+00  0.000000E+00  0.000000E+00  0.000000E+00
217  8.47660917E-01 -1.029740E+01 -8.963659E+00 -1.127713E-02  3.542035E-04  0.000000E+00  0.000000E+00  0.000000E+00  0.000000E+00  0.000000E+00  0.000000E+00
218  8.88369739E-01 -9.620966E+00 -8.348160E+00 -7.207617E-03  2.311234E-04  0.000000E+00  0.000000E+00  0.000000E+00  0.000000E+00  0.000000E+00  0.000000E+00
219  9.30532853E-01 -8.984822E+00 -7.769562E+00 -4.520446E-03  1.476859E-04  0.000000E+00  0.000000E+00  0.000000E+00  0.000000E+00  0.000000E+00  0.000000E+00
220  9.74178804E-01 -8.386946E+00 -7.226054E+00 -2.781565E-03  9.242018E-05  0.000000E+00  0.000000E+00  0.000000E+00  0.000000E+00  0.000000E+00  0.000000E+00
221  1.01933594E+00 -7.825496E+00 -6.715994E+00 -1.678936E-03  5.664161E-05  0.000000E+00  0.000000E+00  0.000000E+00  0.000000E+00  0.000000E+00  0.000000E+00
222  1.06603240E+00 -7.298782E+00 -6.237873E+00 -9.938750E-04  3.399677E-05  0.000000E+00  0.000000E+00  0.000000E+00  0.000000E+00  0.000000E+00  0.000000E+00
223  1.11429609E+00 -6.805223E+00 -5.790285E+00 -5.768934E-04  1.998258E-05  0.000000E+00  0.000000E+00  0.000000E+00  0.000000E+00  0.000000E+00  0.000000E+00
224  1.16415470E+00 -6.343349E+00 -5.371919E+00 -3.282742E-04  1.150123E-05  0.000000E+00  0.000000E+00  0.000000E+00  0.000000E+00  0.000000E+00  0.000000E+00
225  1.21563567E+00 -5.911698E+00 -4.981464E+00 -1.830899E-04  6.481478E-06  0.000000E+00  0.000000E+00  0.000000E+00  0.000000E+00  0.000000E+00  0.000000E+00
226  1.26876619E+00 -5.508865E+00 -4.617656E+00 -1.000659E-04  3.575934E-06  0.000000E+00  0.000000E+00  0.000000E+00  0.000000E+00  0.000000E+00  0.000000E+00
227  1.32357318E+00 -5.133432E+00 -4.279208E+00 -5.358058E-05  1.931224E-06  0.000000E+00  0.000000E+00  0.000000E+00  0.000000E+00  0.000000E+00  0.000000E+00
228  1.38008330E+00 -4.783986E+00 -3.964828E+00 -2.810168E-05  1.020796E-06  0.000000E+00  0.000000E+00  0.000000E+00  0.000000E+00  0.000000E+00  0.000000E+00
229  1.43832295E+00 -4.459107E+00 -3.673213E+00 -1.443323E-05  5.280053E-07  0.000000E+00  0.000000E+00  0.000000E+00  0.000000E+00  0.000000E+00  0.000000E+00
230  1.49831823E+00 -4.157376E+00 -3.403049E+00 -7.257742E-06  2.672114E-07  0.000000E+00  0.000000E+00  0.000000E+00  0.000000E+00  0.000000E+00  0.000000E+00
231  1.56009495E+00 -3.877383E+00 -3.153027E+00 -3.572287E-06  1.322845E-07  0.000000E+00  0.000000E+00  0.000000E+00  0.000000E+00  0.000000E+00  0.000000E+00
232  1.62367866E+00 -3.617734E+00 -2.921847E+00 -1.720664E-06  6.404947E-08  0.000000E+00  0.000000E+00  0.000000E+00  0.000000E+00  0.000000E+00  0.000000E+00
233  1.68909458E+00 -3.377064E+00 -2.708231E+00 -8.108637E-07  3.032399E-08  0.000000E+00  0.000000E+00  0.000000E+00  0.000000E+00  0.000000E+00  0.000000E+00
234  1.75636764E+00 -3.154048E+00 -2.510937E+00 -3.737642E-07  1.403554E-08  0.000000E+00  0.000000E+00  0.000000E+00  0.000000E+00  0.000000E+00  0.000000E+00
235  1.82552249E+00 -2.947411E+00 -2.328765E+00 -1.684770E-07  6.349635E-09  0.000000E+00  0.000000E+00  0.000000E+00  0.000000E+00  0.000000E+00  0.000000E+00
236  1.89658346E+00 -2.755934E+00 -2.160569E+00 -7.424554E-08  2.807027E-09  0.000000E+00  0.000000E+00  0.000000E+00  0.000000E+00  0.000000E+00  0.000000E+00
237  1.96957456E+00 -2.578464E+00 -2.005263E+00 -3.198015E-08  1.212332E-09  0.000000E+00  0.000000E+00  0.000000E+00  0.000000E+00  0.000000E+00  0.000000E+00
238  2.04451951E+00 -2.413916E+00 -1.861826E+00 -1.346057E-08  5.114102E-10  0.000000E+00  0.000000E+00  0.000000E+00  0.000000E+00  0.000000E+00  0.000000E+00
239  2.12144173E+00 -2.261281E+00 -1.729305E+00 -5.534921E-09  2.106610E-10  0.000000E+00  0.000000E+00  0.000000E+00  0.000000E+00  0.000000E+00  0.000000E+00
240  2.20036430E+00 -2.119620E+00 -1.606820E+00 -2.222877E-09  8.471439E-11  0.000000E+00  0.000000E+00  0.000000E+00  0.000000E+00  0.000000E+00  0.000000E+00
241  2.28131002E+00 -1.988073E+00 -1.493560E+00 -8.716998E-10  3.324892E-11  0.000000E+00  0.000000E+00  0.000000E+00  0.000000E+00  0.000000E+00  0.000000E+00
242  2.36430136E+00 -1.865848E+00 -1.388782E+00 -3.337001E-10  1.413479E-11  0.000000E+00  0.000000E+00  0.000000E+00  0.000000E+00  0.000000E+00  0.000000E+00
243  2.44936050E+00 -1.752225E+00 -1.291813E+00 -1.246734E-10  1.239915E-12  0.000000E+00  0.000000E+00  0.000000E+00  0.000000E+00  0.000000E+00  0.000000E+00
