#      n =  5
#  kappa = -4
# energy = -1.11276286E+02
#zenergy =  0.00000000E+00
#     dn =  4.65035997E+00
# qrnorm =  1.00065045E+00
#SelfEne =  2.72113860E+32
#     vc = -1.45311690E+03
#     vr = -4.75410897E+03
#  ilast =  289
#    ifm =    0
#    cfm =  0.00000000E+00
#    xfm =  0.00000000E+00
#    rfn =  2.60792404E-01
#    pdx =  3.91581970E+00
#   bqp0 = -1.11757351E-05
#   bqp1 =  0.00000000E+00
#    idx = 22
# LEPTON = 0
#   MASS =  1.00000000E+00
# CHARGE =  1.00000000E+00
#  EUNIT =  2.72113860E+01
#  RUNIT =  4.13413733E+16
#  LUNIT =  5.29177211E-01
#    AMU =  1.82288849E+03
#    FSC =  7.29735257E-03


0    1.15000117E-08 -1.377152E-02  9.782673E+07  2.264773E-27 -2.539959E-32  0.000000E+00  0.000000E+00  0.000000E+00  0.000000E+00  0.000000E+00  0.000000E+00
1    1.26117963E-08 -1.510291E-02  8.920290E+07  3.250615E-27 -4.018017E-32  0.000000E+00  0.000000E+00  0.000000E+00  0.000000E+00  0.000000E+00  0.000000E+00
2    1.38310648E-08 -1.656301E-02  8.133930E+07  4.682762E-27 -6.344504E-32  0.000000E+00  0.000000E+00  0.000000E+00  0.000000E+00  0.000000E+00  0.000000E+00
3    1.51681819E-08 -1.816423E-02  7.416904E+07  6.758990E-27 -1.002679E-31  0.000000E+00  0.000000E+00  0.000000E+00  0.000000E+00  0.000000E+00  0.000000E+00
4    1.66345646E-08 -1.992026E-02  6.763086E+07  9.765746E-27 -1.586579E-31  0.000000E+00  0.000000E+00  0.000000E+00  0.000000E+00  0.000000E+00  0.000000E+00
5    1.82427098E-08 -2.184605E-02  6.166904E+07  1.411763E-26 -2.512940E-31  0.000000E+00  0.000000E+00  0.000000E+00  0.000000E+00  0.000000E+00  0.000000E+00
6    2.00062875E-08 -2.395797E-02  5.623286E+07  2.041454E-26 -3.982701E-31  0.000000E+00  0.000000E+00  0.000000E+00  0.000000E+00  0.000000E+00  0.000000E+00
7    2.19403556E-08 -2.627406E-02  5.127589E+07  2.952437E-26 -6.314571E-31  0.000000E+00  0.000000E+00  0.000000E+00  0.000000E+00  0.000000E+00  0.000000E+00
8    2.40613958E-08 -2.881405E-02  4.675587E+07  4.270262E-26 -1.001403E-30  0.000000E+00  0.000000E+00  0.000000E+00  0.000000E+00  0.000000E+00  0.000000E+00
9    2.63874375E-08 -3.159954E-02  4.263438E+07  6.176530E-26 -1.588276E-30  0.000000E+00  0.000000E+00  0.000000E+00  0.000000E+00  0.000000E+00  0.000000E+00
10   2.89383403E-08 -3.465430E-02  3.887620E+07  8.933936E-26 -2.519269E-30  0.000000E+00  0.000000E+00  0.000000E+00  0.000000E+00  0.000000E+00  0.000000E+00
11   3.17358416E-08 -3.800437E-02  3.544929E+07  1.292245E-25 -3.996129E-30  0.000000E+00  0.000000E+00  0.000000E+00  0.000000E+00  0.000000E+00  0.000000E+00
12   3.48037199E-08 -4.167822E-02  3.232452E+07  1.869166E-25 -6.338839E-30  0.000000E+00  0.000000E+00  0.000000E+00  0.000000E+00  0.000000E+00  0.000000E+00
13   3.81681012E-08 -4.570714E-02  2.947525E+07  2.703650E-25 -1.005500E-29  0.000000E+00  0.000000E+00  0.000000E+00  0.000000E+00  0.000000E+00  0.000000E+00
14   4.18577081E-08 -5.012553E-02  2.687712E+07  3.910682E-25 -1.594986E-29  0.000000E+00  0.000000E+00  0.000000E+00  0.000000E+00  0.000000E+00  0.000000E+00
15   4.59039793E-08 -5.497103E-02  2.450802E+07  5.656575E-25 -2.530072E-29  0.000000E+00  0.000000E+00  0.000000E+00  0.000000E+00  0.000000E+00  0.000000E+00
16   5.03413050E-08 -6.028482E-02  2.234777E+07  8.181877E-25 -4.013335E-29  0.000000E+00  0.000000E+00  0.000000E+00  0.000000E+00  0.000000E+00  0.000000E+00
17   5.52074705E-08 -6.611216E-02  2.037798E+07  1.183452E-24 -6.366125E-29  0.000000E+00  0.000000E+00  0.000000E+00  0.000000E+00  0.000000E+00  0.000000E+00
18   6.05440164E-08 -7.250279E-02  1.858181E+07  1.711775E-24 -1.009823E-28  0.000000E+00  0.000000E+00  0.000000E+00  0.000000E+00  0.000000E+00  0.000000E+00
19   6.63962959E-08 -7.951103E-02  1.694399E+07  2.475944E-24 -1.601811E-28  0.000000E+00  0.000000E+00  0.000000E+00  0.000000E+00  0.000000E+00  0.000000E+00
20   7.28141394E-08 -8.719654E-02  1.545056E+07  3.581234E-24 -2.540823E-28  0.000000E+00  0.000000E+00  0.000000E+00  0.000000E+00  0.000000E+00  0.000000E+00
21   7.98523293E-08 -9.562492E-02  1.408875E+07  5.179919E-24 -4.030300E-28  0.000000E+00  0.000000E+00  0.000000E+00  0.000000E+00  0.000000E+00  0.000000E+00
22   8.75706761E-08 -1.048678E-01  1.284700E+07  7.492226E-24 -6.392876E-28  0.000000E+00  0.000000E+00  0.000000E+00  0.000000E+00  0.000000E+00  0.000000E+00
23   9.60350608E-08 -1.150041E-01  1.171470E+07  1.083669E-23 -1.014039E-27  0.000000E+00  0.000000E+00  0.000000E+00  0.000000E+00  0.000000E+00  0.000000E+00
24   1.05317228E-07 -1.261197E-01  1.068223E+07  1.567400E-23 -1.608443E-27  0.000000E+00  0.000000E+00  0.000000E+00  0.000000E+00  0.000000E+00  0.000000E+00
25   1.15496552E-07 -1.383096E-01  9.740754E+06  2.267048E-23 -2.551273E-27  0.000000E+00  0.000000E+00  0.000000E+00  0.000000E+00  0.000000E+00  0.000000E+00
26   1.26659529E-07 -1.516775E-01  8.882273E+06  3.278982E-23 -4.046729E-27  0.000000E+00  0.000000E+00  0.000000E+00  0.000000E+00  0.000000E+00  0.000000E+00
27   1.38901188E-07 -1.663372E-01  8.099467E+06  4.742579E-23 -6.418706E-27  0.000000E+00  0.000000E+00  0.000000E+00  0.000000E+00  0.000000E+00  0.000000E+00
28   1.52325740E-07 -1.824134E-01  7.385664E+06  6.859416E-23 -1.018093E-26  0.000000E+00  0.000000E+00  0.000000E+00  0.000000E+00  0.000000E+00  0.000000E+00
29   1.67047461E-07 -2.000429E-01  6.734780E+06  9.921029E-23 -1.614817E-26  0.000000E+00  0.000000E+00  0.000000E+00  0.000000E+00  0.000000E+00  0.000000E+00
30   1.83191662E-07 -2.193759E-01  6.141268E+06  1.434905E-22 -2.561272E-26  0.000000E+00  0.000000E+00  0.000000E+00  0.000000E+00  0.000000E+00  0.000000E+00
31   2.00895762E-07 -2.405770E-01  5.600071E+06  2.075326E-22 -4.062413E-26  0.000000E+00  0.000000E+00  0.000000E+00  0.000000E+00  0.000000E+00  0.000000E+00
32   2.20310446E-07 -2.638264E-01  5.106575E+06  3.001554E-22 -6.443302E-26  0.000000E+00  0.000000E+00  0.000000E+00  0.000000E+00  0.000000E+00  0.000000E+00
33   2.41600536E-07 -2.893217E-01  4.656584E+06  4.341123E-22 -1.021941E-25  0.000000E+00  0.000000E+00  0.000000E+00  0.000000E+00  0.000000E+00  0.000000E+00
34   2.64947571E-07 -3.172802E-01  4.246254E+06  6.278478E-22 -1.620839E-25  0.000000E+00  0.000000E+00  0.000000E+00  0.000000E+00  0.000000E+00  0.000000E+00
35   2.90550239E-07 -3.479399E-01  3.872089E+06  9.080353E-22 -2.570692E-25  0.000000E+00  0.000000E+00  0.000000E+00  0.000000E+00  0.000000E+00  0.000000E+00
36   3.18626413E-07 -3.815615E-01  3.530900E+06  1.313249E-21 -4.077141E-25  0.000000E+00  0.000000E+00  0.000000E+00  0.000000E+00  0.000000E+00  0.000000E+00
37   3.49414403E-07 -4.184306E-01  3.219786E+06  1.899271E-21 -6.466270E-25  0.000000E+00  0.000000E+00  0.000000E+00  0.000000E+00  0.000000E+00  0.000000E+00
38   3.83176684E-07 -4.588614E-01  2.936091E+06  2.746771E-21 -1.025529E-24  0.000000E+00  0.000000E+00  0.000000E+00  0.000000E+00  0.000000E+00  0.000000E+00
39   4.20199795E-07 -5.031971E-01  2.677401E+06  3.972400E-21 -1.626428E-24  0.000000E+00  0.000000E+00  0.000000E+00  0.000000E+00  0.000000E+00  0.000000E+00
40   4.60799334E-07 -5.518155E-01  2.441508E+06  5.744851E-21 -2.579392E-24  0.000000E+00  0.000000E+00  0.000000E+00  0.000000E+00  0.000000E+00  0.000000E+00
41   5.05318947E-07 -6.051281E-01  2.226410E+06  8.308046E-21 -4.090619E-24  0.000000E+00  0.000000E+00  0.000000E+00  0.000000E+00  0.000000E+00  0.000000E+00
42   5.54138810E-07 -6.635901E-01  2.030267E+06  1.201473E-20 -6.487200E-24  0.000000E+00  0.000000E+00  0.000000E+00  0.000000E+00  0.000000E+00  0.000000E+00
43   6.07673142E-07 -7.276976E-01  1.851410E+06  1.737493E-20 -1.028769E-23  0.000000E+00  0.000000E+00  0.000000E+00  0.000000E+00  0.000000E+00  0.000000E+00
44   6.66378168E-07 -7.979967E-01  1.688312E+06  2.512619E-20 -1.631448E-23  0.000000E+00  0.000000E+00  0.000000E+00  0.000000E+00  0.000000E+00  0.000000E+00
45   7.30750654E-07 -8.750823E-01  1.539591E+06  3.633486E-20 -2.587124E-23  0.000000E+00  0.000000E+00  0.000000E+00  0.000000E+00  0.000000E+00  0.000000E+00
46   8.01337375E-07 -9.596090E-01  1.403977E+06  5.254283E-20 -4.102522E-23  0.000000E+00  0.000000E+00  0.000000E+00  0.000000E+00  0.000000E+00  0.000000E+00
47   8.78740878E-07 -1.052298E+00  1.280312E+06  7.597960E-20 -6.505500E-23  0.000000E+00  0.000000E+00  0.000000E+00  0.000000E+00  0.000000E+00  0.000000E+00
48   9.63615982E-07 -1.153934E+00  1.167545E+06  1.098685E-19 -1.031570E-22  0.000000E+00  0.000000E+00  0.000000E+00  0.000000E+00  0.000000E+00  0.000000E+00
49   1.05668526E-06 -1.265381E+00  1.064715E+06  1.588700E-19 -1.635719E-22  0.000000E+00  0.000000E+00  0.000000E+00  0.000000E+00  0.000000E+00  0.000000E+00
50   1.15873793E-06 -1.387583E+00  9.709457E+05  2.297220E-19 -2.593628E-22  0.000000E+00  0.000000E+00  0.000000E+00  0.000000E+00  0.000000E+00  0.000000E+00
51   1.27064004E-06 -1.521579E+00  8.854397E+05  3.321657E-19 -4.112399E-22  0.000000E+00  0.000000E+00  0.000000E+00  0.000000E+00  0.000000E+00  0.000000E+00
52   1.39334152E-06 -1.668504E+00  8.074681E+05  4.802841E-19 -6.520358E-22  0.000000E+00  0.000000E+00  0.000000E+00  0.000000E+00  0.000000E+00  0.000000E+00
53   1.52788524E-06 -1.829606E+00  7.363661E+05  6.944367E-19 -1.033803E-21  0.000000E+00  0.000000E+00  0.000000E+00  0.000000E+00  0.000000E+00  0.000000E+00
54   1.67541056E-06 -2.006248E+00  6.715292E+05  1.004055E-18 -1.639041E-21  0.000000E+00  0.000000E+00  0.000000E+00  0.000000E+00  0.000000E+00  0.000000E+00
55   1.83717063E-06 -2.199929E+00  6.124045E+05  1.451684E-18 -2.598544E-21  0.000000E+00  0.000000E+00  0.000000E+00  0.000000E+00  0.000000E+00  0.000000E+00
56   2.01453629E-06 -2.412289E+00  5.584890E+05  2.098825E-18 -4.119609E-21  0.000000E+00  0.000000E+00  0.000000E+00  0.000000E+00  0.000000E+00  0.000000E+00
57   2.20901188E-06 -2.645126E+00  5.093234E+05  3.034375E-18 -6.530818E-21  0.000000E+00  0.000000E+00  0.000000E+00  0.000000E+00  0.000000E+00  0.000000E+00
58   2.42224403E-06 -2.900408E+00  4.644896E+05  4.386827E-18 -1.035291E-20  0.000000E+00  0.000000E+00  0.000000E+00  0.000000E+00  0.000000E+00  0.000000E+00
59   2.65604178E-06 -3.180297E+00  4.236052E+05  6.341902E-18 -1.641126E-20  0.000000E+00  0.000000E+00  0.000000E+00  0.000000E+00  0.000000E+00  0.000000E+00
60   2.91238443E-06 -3.487154E+00  3.863225E+05  9.168019E-18 -2.601380E-20  0.000000E+00  0.000000E+00  0.000000E+00  0.000000E+00  0.000000E+00  0.000000E+00
61   3.19344526E-06 -3.823574E+00  3.523238E+05  1.325312E-17 -4.123330E-20  0.000000E+00  0.000000E+00  0.000000E+00  0.000000E+00  0.000000E+00  0.000000E+00
62   3.50160105E-06 -4.192392E+00  3.213200E+05  1.915783E-17 -6.535393E-20  0.000000E+00  0.000000E+00  0.000000E+00  0.000000E+00  0.000000E+00  0.000000E+00
63   3.83946103E-06 -4.596715E+00  2.930453E+05  2.769232E-17 -1.035797E-19  0.000000E+00  0.000000E+00  0.000000E+00  0.000000E+00  0.000000E+00  0.000000E+00
64   4.20988541E-06 -5.039949E+00  2.672645E+05  4.002732E-17 -1.641555E-19  0.000000E+00  0.000000E+00  0.000000E+00  0.000000E+00  0.000000E+00  0.000000E+00
65   4.61600401E-06 -5.525813E+00  2.437513E+05  5.785445E-17 -2.601426E-19  0.000000E+00  0.000000E+00  0.000000E+00  0.000000E+00  0.000000E+00  0.000000E+00
66   5.06125378E-06 -6.058388E+00  2.223103E+05  8.361792E-17 -4.122324E-19  0.000000E+00  0.000000E+00  0.000000E+00  0.000000E+00  0.000000E+00  0.000000E+00
67   5.54939588E-06 -6.642129E+00  2.027578E+05  1.208490E-16 -6.531977E-19  0.000000E+00  0.000000E+00  0.000000E+00  0.000000E+00  0.000000E+00  0.000000E+00
68   6.08455424E-06 -7.281913E+00  1.849257E+05  1.746493E-16 -1.034944E-18  0.000000E+00  0.000000E+00  0.000000E+00  0.000000E+00  0.000000E+00  0.000000E+00
69   6.67124975E-06 -7.983070E+00  1.686650E+05  2.523884E-16 -1.639669E-18  0.000000E+00  0.000000E+00  0.000000E+00  0.000000E+00  0.000000E+00  0.000000E+00
70   7.31443393E-06 -8.751422E+00  1.538369E+05  3.647114E-16 -2.597526E-18  0.000000E+00  0.000000E+00  0.000000E+00  0.000000E+00  0.000000E+00  0.000000E+00
71   8.01953244E-06 -9.593321E+00  1.403136E+05  5.269935E-16 -4.114566E-18  0.000000E+00  0.000000E+00  0.000000E+00  0.000000E+00  0.000000E+00  0.000000E+00
72   8.79249031E-06 -1.051570E+01  1.279804E+05  7.614396E-16 -6.516952E-18  0.000000E+00  0.000000E+00  0.000000E+00  0.000000E+00  0.000000E+00  0.000000E+00
73   9.63982611E-06 -1.152611E+01  1.167341E+05  1.100115E-15 -1.032091E-17  0.000000E+00  0.000000E+00  0.000000E+00  0.000000E+00  0.000000E+00  0.000000E+00
74   1.05686764E-05 -1.263277E+01  1.064782E+05  1.589320E-15 -1.634323E-17  0.000000E+00  0.000000E+00  0.000000E+00  0.000000E+00  0.000000E+00  0.000000E+00
75   1.15868601E-05 -1.384462E+01  9.712481E+04  2.295897E-15 -2.587609E-17  0.000000E+00  0.000000E+00  0.000000E+00  0.000000E+00  0.000000E+00  0.000000E+00
76   1.27029476E-05 -1.517134E+01  8.859548E+04  3.316340E-15 -4.096314E-17  0.000000E+00  0.000000E+00  0.000000E+00  0.000000E+00  0.000000E+00  0.000000E+00
77   1.39263226E-05 -1.662342E+01  8.081734E+04  4.789922E-15 -6.483552E-17  0.000000E+00  0.000000E+00  0.000000E+00  0.000000E+00  0.000000E+00  0.000000E+00
78   1.52672673E-05 -1.821219E+01  7.372444E+04  6.917625E-15 -1.026002E-16  0.000000E+00  0.000000E+00  0.000000E+00  0.000000E+00  0.000000E+00  0.000000E+00
79   1.67370439E-05 -1.994983E+01  6.725668E+04  9.989441E-15 -1.623258E-16  0.000000E+00  0.000000E+00  0.000000E+00  0.000000E+00  0.000000E+00  0.000000E+00
80   1.83479863E-05 -2.184940E+01  6.135910E+04  1.442369E-14 -2.567538E-16  0.000000E+00  0.000000E+00  0.000000E+00  0.000000E+00  0.000000E+00  0.000000E+00
81   2.01136076E-05 -2.392483E+01  5.598212E+04  2.082371E-14 -4.059949E-16  0.000000E+00  0.000000E+00  0.000000E+00  0.000000E+00  0.000000E+00  0.000000E+00
82   2.20487024E-05 -2.619086E+01  5.108026E+04  3.005941E-14 -6.417698E-16  0.000000E+00  0.000000E+00  0.000000E+00  0.000000E+00  0.000000E+00  0.000000E+00
83   2.41694739E-05 -2.866298E+01  4.661220E+04  4.338472E-14 -1.014076E-15  0.000000E+00  0.000000E+00  0.000000E+00  0.000000E+00  0.000000E+00  0.000000E+00
84   2.64936659E-05 -3.135730E+01  4.254061E+04  6.260653E-14 -1.601647E-15  0.000000E+00  0.000000E+00  0.000000E+00  0.000000E+00  0.000000E+00  0.000000E+00
85   2.90407068E-05 -3.429031E+01  3.883169E+04  9.032759E-14 -2.528347E-15  0.000000E+00  0.000000E+00  0.000000E+00  0.000000E+00  0.000000E+00  0.000000E+00
86   3.18318685E-05 -3.747857E+01  3.545486E+04  1.302954E-13 -3.988793E-15  0.000000E+00  0.000000E+00  0.000000E+00  0.000000E+00  0.000000E+00  0.000000E+00
87   3.48904368E-05 -4.093824E+01  3.238266E+04  1.879030E-13 -6.288329E-15  0.000000E+00  0.000000E+00  0.000000E+00  0.000000E+00  0.000000E+00  0.000000E+00
88   3.82419079E-05 -4.468443E+01  2.959073E+04  2.709078E-13 -9.905200E-15  0.000000E+00  0.000000E+00  0.000000E+00  0.000000E+00  0.000000E+00  0.000000E+00
89   4.19141865E-05 -4.873026E+01  2.705757E+04  3.904603E-13 -1.558689E-14  0.000000E+00  0.000000E+00  0.000000E+00  0.000000E+00  0.000000E+00  0.000000E+00
90   4.59378148E-05 -5.308560E+01  2.476460E+04  5.625775E-13 -2.449880E-14  0.000000E+00  0.000000E+00  0.000000E+00  0.000000E+00  0.000000E+00  0.000000E+00
91   5.03462213E-05 -5.775540E+01  2.269626E+04  8.102486E-13 -3.845244E-14  0.000000E+00  0.000000E+00  0.000000E+00  0.000000E+00  0.000000E+00  0.000000E+00
92   5.51759836E-05 -6.273729E+01  2.084010E+04  1.166440E-12 -6.025339E-14  0.000000E+00  0.000000E+00  0.000000E+00  0.000000E+00  0.000000E+00  0.000000E+00
93   6.04671277E-05 -6.801853E+01  1.918729E+04  1.678378E-12 -9.422758E-14  0.000000E+00  0.000000E+00  0.000000E+00  0.000000E+00  0.000000E+00  0.000000E+00
94   6.62634429E-05 -7.357182E+01  1.773304E+04  2.413647E-12 -1.470090E-13  0.000000E+00  0.000000E+00  0.000000E+00  0.000000E+00  0.000000E+00  0.000000E+00
95   7.26128392E-05 -7.934976E+01  1.647733E+04  3.468852E-12 -2.287030E-13  0.000000E+00  0.000000E+00  0.000000E+00  0.000000E+00  0.000000E+00  0.000000E+00
96   7.95677148E-05 -8.527757E+01  1.542596E+04  4.981916E-12 -3.545743E-13  0.000000E+00  0.000000E+00  0.000000E+00  0.000000E+00  0.000000E+00  0.000000E+00
97   8.71853842E-05 -9.124358E+01  1.459167E+04  7.149534E-12 -5.474389E-13  0.000000E+00  0.000000E+00  0.000000E+00  0.000000E+00  0.000000E+00  0.000000E+00
98   9.55285204E-05 -9.708727E+01  1.399438E+04  1.025193E-11 -8.409403E-13  0.000000E+00  0.000000E+00  0.000000E+00  0.000000E+00  0.000000E+00  0.000000E+00
99   1.04665655E-04 -1.025856E+02  1.365492E+04  1.468808E-11 -1.283825E-12  0.000000E+00  0.000000E+00  0.000000E+00  0.000000E+00  0.000000E+00  0.000000E+00
100  1.14671712E-04 -1.074430E+02  1.354193E+04  2.102602E-11 -1.945128E-12  0.000000E+00  0.000000E+00  0.000000E+00  0.000000E+00  0.000000E+00  0.000000E+00
101  1.25628590E-04 -1.113070E+02  1.339654E+04  3.007434E-11 -2.919878E-12  0.000000E+00  0.000000E+00  0.000000E+00  0.000000E+00  0.000000E+00  0.000000E+00
102  1.37625807E-04 -1.138786E+02  1.272298E+04  4.298175E-11 -4.335237E-12  0.000000E+00  0.000000E+00  0.000000E+00  0.000000E+00  0.000000E+00  0.000000E+00
103  1.50761180E-04 -1.151773E+02  1.137225E+04  6.138531E-11 -6.360841E-12  0.000000E+00  0.000000E+00  0.000000E+00  0.000000E+00  0.000000E+00  0.000000E+00
104  1.65141592E-04 -1.156477E+02  9.870792E+03  8.763415E-11 -9.233274E-12  0.000000E+00  0.000000E+00  0.000000E+00  0.000000E+00  0.000000E+00  0.000000E+00
105  1.80883801E-04 -1.157687E+02  8.701710E+03  1.250702E-10 -1.329799E-11  0.000000E+00  0.000000E+00  0.000000E+00  0.000000E+00  0.000000E+00  0.000000E+00
106  1.98115335E-04 -1.157822E+02  7.833370E+03  1.784357E-10 -1.905955E-11  0.000000E+00  0.000000E+00  0.000000E+00  0.000000E+00  0.000000E+00  0.000000E+00
107  2.16975458E-04 -1.157678E+02  7.102413E+03  2.544857E-10 -2.724274E-11  0.000000E+00  0.000000E+00  0.000000E+00  0.000000E+00  0.000000E+00  0.000000E+00
108  2.37616224E-04 -1.157461E+02  6.446284E+03  3.628341E-10 -3.887994E-11  0.000000E+00  0.000000E+00  0.000000E+00  0.000000E+00  0.000000E+00  0.000000E+00
109  2.60203615E-04 -1.157212E+02  5.849356E+03  5.171491E-10 -5.543776E-11  0.000000E+00  0.000000E+00  0.000000E+00  0.000000E+00  0.000000E+00  0.000000E+00
110  2.84918778E-04 -1.156938E+02  5.305208E+03  7.368538E-10 -7.899848E-11  0.000000E+00  0.000000E+00  0.000000E+00  0.000000E+00  0.000000E+00  0.000000E+00
111  3.11959367E-04 -1.156636E+02  4.809137E+03  1.049537E-09 -1.125177E-10  0.000000E+00  0.000000E+00  0.000000E+00  0.000000E+00  0.000000E+00  0.000000E+00
112  3.41541004E-04 -1.156306E+02  4.356965E+03  1.494369E-09 -1.601895E-10  0.000000E+00  0.000000E+00  0.000000E+00  0.000000E+00  0.000000E+00  0.000000E+00
113  3.73898850E-04 -1.155944E+02  3.944878E+03  2.126928E-09 -2.279624E-10  0.000000E+00  0.000000E+00  0.000000E+00  0.000000E+00  0.000000E+00  0.000000E+00
114  4.09289310E-04 -1.155548E+02  3.569394E+03  3.026037E-09 -3.242690E-10  0.000000E+00  0.000000E+00  0.000000E+00  0.000000E+00  0.000000E+00  0.000000E+00
115  4.47991890E-04 -1.155114E+02  3.227337E+03  4.303411E-09 -4.610564E-10  0.000000E+00  0.000000E+00  0.000000E+00  0.000000E+00  0.000000E+00  0.000000E+00
116  4.90311182E-04 -1.154639E+02  2.915807E+03  6.117283E-09 -6.552389E-10  0.000000E+00  0.000000E+00  0.000000E+00  0.000000E+00  0.000000E+00  0.000000E+00
117  5.36579038E-04 -1.154120E+02  2.632161E+03  8.691630E-09 -9.307477E-10  0.000000E+00  0.000000E+00  0.000000E+00  0.000000E+00  0.000000E+00  0.000000E+00
118  5.87156887E-04 -1.153553E+02  2.373987E+03  1.234326E-08 -1.321415E-09  0.000000E+00  0.000000E+00  0.000000E+00  0.000000E+00  0.000000E+00  0.000000E+00
119  6.42438263E-04 -1.152933E+02  2.139083E+03  1.751993E-08 -1.875035E-09  0.000000E+00  0.000000E+00  0.000000E+00  0.000000E+00  0.000000E+00  0.000000E+00
120  7.02851522E-04 -1.152257E+02  1.925438E+03  2.485405E-08 -2.659066E-09  0.000000E+00  0.000000E+00  0.000000E+00  0.000000E+00  0.000000E+00  0.000000E+00
121  7.68862755E-04 -1.151520E+02  1.731218E+03  3.523796E-08 -3.768638E-09  0.000000E+00  0.000000E+00  0.000000E+00  0.000000E+00  0.000000E+00  0.000000E+00
122  8.40978953E-04 -1.150716E+02  1.554744E+03  4.992975E-08 -5.337776E-09  0.000000E+00  0.000000E+00  0.000000E+00  0.000000E+00  0.000000E+00  0.000000E+00
123  9.19751392E-04 -1.149840E+02  1.394482E+03  7.070150E-08 -7.555120E-09  0.000000E+00  0.000000E+00  0.000000E+00  0.000000E+00  0.000000E+00  0.000000E+00
124  1.00577928E-03 -1.148888E+02  1.249031E+03  1.000467E-07 -1.068589E-08  0.000000E+00  0.000000E+00  0.000000E+00  0.000000E+00  0.000000E+00  0.000000E+00
125  1.09971366E-03 -1.147852E+02  1.117107E+03  1.414705E-07 -1.510257E-08  0.000000E+00  0.000000E+00  0.000000E+00  0.000000E+00  0.000000E+00  0.000000E+00
126  1.20226164E-03 -1.146727E+02  9.975344E+02  1.998944E-07 -2.132766E-08  0.000000E+00  0.000000E+00  0.000000E+00  0.000000E+00  0.000000E+00  0.000000E+00
127  1.31419087E-03 -1.145505E+02  8.892365E+02  2.822203E-07 -3.009317E-08  0.000000E+00  0.000000E+00  0.000000E+00  0.000000E+00  0.000000E+00  0.000000E+00
128  1.43633437E-03 -1.144181E+02  7.912259E+02  3.981161E-07 -4.242330E-08  0.000000E+00  0.000000E+00  0.000000E+00  0.000000E+00  0.000000E+00  0.000000E+00
129  1.56959571E-03 -1.142746E+02  7.025971E+02  5.611055E-07 -5.974900E-08  0.000000E+00  0.000000E+00  0.000000E+00  0.000000E+00  0.000000E+00  0.000000E+00
130  1.71495450E-03 -1.141193E+02  6.225186E+02  7.900795E-07 -8.406657E-08  0.000000E+00  0.000000E+00  0.000000E+00  0.000000E+00  0.000000E+00  0.000000E+00
131  1.87347229E-03 -1.139515E+02  5.502274E+02  1.111388E-06 -1.181566E-07  0.000000E+00  0.000000E+00  0.000000E+00  0.000000E+00  0.000000E+00  0.000000E+00
132  2.04629882E-03 -1.137702E+02  4.850226E+02  1.561725E-06 -1.658855E-07  0.000000E+00  0.000000E+00  0.000000E+00  0.000000E+00  0.000000E+00  0.000000E+00
133  2.23467875E-03 -1.135746E+02  4.262604E+02  2.192109E-06 -2.326203E-07  0.000000E+00  0.000000E+00  0.000000E+00  0.000000E+00  0.000000E+00  0.000000E+00
134  2.43995873E-03 -1.133640E+02  3.733498E+02  3.073342E-06 -3.257967E-07  0.000000E+00  0.000000E+00  0.000000E+00  0.000000E+00  0.000000E+00  0.000000E+00
135  2.66359491E-03 -1.131372E+02  3.257481E+02  4.303502E-06 -4.556957E-07  0.000000E+00  0.000000E+00  0.000000E+00  0.000000E+00  0.000000E+00  0.000000E+00
136  2.90716100E-03 -1.128935E+02  2.829577E+02  6.018178E-06 -6.365029E-07  0.000000E+00  0.000000E+00  0.000000E+00  0.000000E+00  0.000000E+00  0.000000E+00
137  3.17235672E-03 -1.126318E+02  2.445224E+02  8.404419E-06 -8.877470E-07  0.000000E+00  0.000000E+00  0.000000E+00  0.000000E+00  0.000000E+00  0.000000E+00
138  3.46101671E-03 -1.123511E+02  2.100244E+02  1.171969E-05 -1.236248E-06  0.000000E+00  0.000000E+00  0.000000E+00  0.000000E+00  0.000000E+00  0.000000E+00
139  3.77512001E-03 -1.120504E+02  1.790820E+02  1.631751E-05 -1.718747E-06  0.000000E+00  0.000000E+00  0.000000E+00  0.000000E+00  0.000000E+00  0.000000E+00
140  4.11680000E-03 -1.117286E+02  1.513467E+02  2.268210E-05 -2.385441E-06  0.000000E+00  0.000000E+00  0.000000E+00  0.000000E+00  0.000000E+00  0.000000E+00
141  4.48835488E-03 -1.113845E+02  1.265008E+02  3.147488E-05 -3.304713E-06  0.000000E+00  0.000000E+00  0.000000E+00  0.000000E+00  0.000000E+00  0.000000E+00
142  4.89225861E-03 -1.110171E+02  1.042554E+02  4.359673E-05 -4.569441E-06  0.000000E+00  0.000000E+00  0.000000E+00  0.000000E+00  0.000000E+00  0.000000E+00
143  5.33117245E-03 -1.106250E+02  8.434870E+01  6.027095E-05 -6.305368E-06  0.000000E+00  0.000000E+00  0.000000E+00  0.000000E+00  0.000000E+00  0.000000E+00
144  5.80795699E-03 -1.102070E+02  6.654318E+01  8.315326E-05 -8.682137E-06  0.000000E+00  0.000000E+00  0.000000E+00  0.000000E+00  0.000000E+00  0.000000E+00
145  6.32568467E-03 -1.097616E+02  5.062442E+01  1.144769E-04 -1.192779E-05  0.000000E+00  0.000000E+00  0.000000E+00  0.000000E+00  0.000000E+00  0.000000E+00
146  6.88765288E-03 -1.092874E+02  3.639914E+01  1.572433E-04 -1.634770E-05  0.000000E+00  0.000000E+00  0.000000E+00  0.000000E+00  0.000000E+00  0.000000E+00
147  7.49739749E-03 -1.087829E+02  2.369346E+01  2.154697E-04 -2.234904E-05  0.000000E+00  0.000000E+00  0.000000E+00  0.000000E+00  0.000000E+00  0.000000E+00
148  8.15870693E-03 -1.082465E+02  1.235139E+01  2.945121E-04 -3.047241E-05  0.000000E+00  0.000000E+00  0.000000E+00  0.000000E+00  0.000000E+00  0.000000E+00
149  8.87563669E-03 -1.076766E+02  2.233157E+00  4.014780E-04 -4.143212E-05  0.000000E+00  0.000000E+00  0.000000E+00  0.000000E+00  0.000000E+00  0.000000E+00
150  9.65252433E-03 -1.070713E+02 -6.786115E+00  5.457562E-04 -5.616732E-05  0.000000E+00  0.000000E+00  0.000000E+00  0.000000E+00  0.000000E+00  0.000000E+00
151  1.04940048E-02 -1.064291E+02 -1.481778E+01  7.396856E-04 -7.590617E-05  0.000000E+00  0.000000E+00  0.000000E+00  0.000000E+00  0.000000E+00  0.000000E+00
152  1.14050262E-02 -1.057482E+02 -2.196111E+01  9.993956E-04 -1.022456E-04  0.000000E+00  0.000000E+00  0.000000E+00  0.000000E+00  0.000000E+00  0.000000E+00
153  1.23908660E-02 -1.050269E+02 -2.830441E+01  1.345850E-03 -1.372495E-04  0.000000E+00  0.000000E+00  0.000000E+00  0.000000E+00  0.000000E+00  0.000000E+00
154  1.34571472E-02 -1.042635E+02 -3.392621E+01  1.806127E-03 -1.835678E-04  0.000000E+00  0.000000E+00  0.000000E+00  0.000000E+00  0.000000E+00  0.000000E+00
155  1.46098552E-02 -1.034563E+02 -3.889636E+01  2.414977E-03 -2.445794E-04  0.000000E+00  0.000000E+00  0.000000E+00  0.000000E+00  0.000000E+00  0.000000E+00
156  1.58553544E-02 -1.026037E+02 -4.327696E+01  3.216682E-03 -3.245603E-04  0.000000E+00  0.000000E+00  0.000000E+00  0.000000E+00  0.000000E+00  0.000000E+00
157  1.72004052E-02 -1.017042E+02 -4.712325E+01  4.267242E-03 -4.288788E-04  0.000000E+00  0.000000E+00  0.000000E+00  0.000000E+00  0.000000E+00  0.000000E+00
158  1.86521811E-02 -1.007564E+02 -5.048434E+01  5.636906E-03 -5.642168E-04  0.000000E+00  0.000000E+00  0.000000E+00  0.000000E+00  0.000000E+00  0.000000E+00
159  2.02182853E-02 -9.975920E+01 -5.340397E+01  7.413028E-03 -7.388140E-04  0.000000E+00  0.000000E+00  0.000000E+00  0.000000E+00  0.000000E+00  0.000000E+00
160  2.19067678E-02 -9.871161E+01 -5.592110E+01  9.703208E-03 -9.627304E-04  0.000000E+00  0.000000E+00  0.000000E+00  0.000000E+00  0.000000E+00  0.000000E+00
161  2.37261419E-02 -9.761300E+01 -5.807059E+01  1.263863E-02 -1.248116E-03  0.000000E+00  0.000000E+00  0.000000E+00  0.000000E+00  0.000000E+00  0.000000E+00
162  2.56854005E-02 -9.646293E+01 -5.988356E+01  1.637744E-02 -1.609473E-03  0.000000E+00  0.000000E+00  0.000000E+00  0.000000E+00  0.000000E+00  0.000000E+00
163  2.77940320E-02 -9.526111E+01 -6.138792E+01  2.110796E-02 -2.063886E-03  0.000000E+00  0.000000E+00  0.000000E+00  0.000000E+00  0.000000E+00  0.000000E+00
164  3.00620361E-02 -9.400730E+01 -6.260858E+01  2.705143E-02 -2.631200E-03  0.000000E+00  0.000000E+00  0.000000E+00  0.000000E+00  0.000000E+00  0.000000E+00
165  3.24999381E-02 -9.270124E+01 -6.356776E+01  3.446384E-02 -3.334088E-03  0.000000E+00  0.000000E+00  0.000000E+00  0.000000E+00  0.000000E+00  0.000000E+00
166  3.51188035E-02 -9.134257E+01 -6.428527E+01  4.363638E-02 -4.197990E-03  0.000000E+00  0.000000E+00  0.000000E+00  0.000000E+00  0.000000E+00  0.000000E+00
167  3.79302511E-02 -8.993081E+01 -6.477869E+01  5.489389E-02 -5.250848E-03  0.000000E+00  0.000000E+00  0.000000E+00  0.000000E+00  0.000000E+00  0.000000E+00
168  4.09464661E-02 -8.846565E+01 -6.506385E+01  6.859057E-02 -6.522588E-03  0.000000E+00  0.000000E+00  0.000000E+00  0.000000E+00  0.000000E+00  0.000000E+00
169  4.41802107E-02 -8.694681E+01 -6.515493E+01  8.510234E-02 -8.044314E-03  0.000000E+00  0.000000E+00  0.000000E+00  0.000000E+00  0.000000E+00  0.000000E+00
170  4.76448354E-02 -8.537450E+01 -6.506509E+01  1.048150E-01 -9.847131E-03  0.000000E+00  0.000000E+00  0.000000E+00  0.000000E+00  0.000000E+00  0.000000E+00
171  5.13542879E-02 -8.374934E+01 -6.480651E+01  1.281073E-01 -1.196061E-02  0.000000E+00  0.000000E+00  0.000000E+00  0.000000E+00  0.000000E+00  0.000000E+00
172  5.53231208E-02 -8.207245E+01 -6.439075E+01  1.553295E-01 -1.441086E-02  0.000000E+00  0.000000E+00  0.000000E+00  0.000000E+00  0.000000E+00  0.000000E+00
173  5.95664991E-02 -8.034551E+01 -6.382896E+01  1.867753E-01 -1.721820E-02  0.000000E+00  0.000000E+00  0.000000E+00  0.000000E+00  0.000000E+00  0.000000E+00
174  6.41002043E-02 -7.857095E+01 -6.313208E+01  2.226496E-01 -2.039460E-02  0.000000E+00  0.000000E+00  0.000000E+00  0.000000E+00  0.000000E+00  0.000000E+00
175  6.89406392E-02 -7.675227E+01 -6.231124E+01  2.630312E-01 -2.394090E-02  0.000000E+00  0.000000E+00  0.000000E+00  0.000000E+00  0.000000E+00  0.000000E+00
176  7.41048294E-02 -7.489371E+01 -6.137753E+01  3.078321E-01 -2.784404E-02  0.000000E+00  0.000000E+00  0.000000E+00  0.000000E+00  0.000000E+00  0.000000E+00
177  7.96104241E-02 -7.300057E+01 -6.034240E+01  3.567566E-01 -3.207447E-02  0.000000E+00  0.000000E+00  0.000000E+00  0.000000E+00  0.000000E+00  0.000000E+00
178  8.54756952E-02 -7.107818E+01 -5.921670E+01  4.092606E-01 -3.658396E-02  0.000000E+00  0.000000E+00  0.000000E+00  0.000000E+00  0.000000E+00  0.000000E+00
179  9.17195341E-02 -6.913167E+01 -5.801056E+01  4.645172E-01 -4.130394E-02  0.000000E+00  0.000000E+00  0.000000E+00  0.000000E+00  0.000000E+00  0.000000E+00
180  9.83614479E-02 -6.716526E+01 -5.673273E+01  5.213900E-01 -4.614461E-02  0.000000E+00  0.000000E+00  0.000000E+00  0.000000E+00  0.000000E+00  0.000000E+00
181  1.05421553E-01 -6.518198E+01 -5.539038E+01  5.784212E-01 -5.099508E-02  0.000000E+00  0.000000E+00  0.000000E+00  0.000000E+00  0.000000E+00  0.000000E+00
182  1.12920567E-01 -6.318402E+01 -5.398945E+01  6.338373E-01 -5.572479E-02  0.000000E+00  0.000000E+00  0.000000E+00  0.000000E+00  0.000000E+00  0.000000E+00
183  1.20879800E-01 -6.117320E+01 -5.253518E+01  6.855770E-01 -6.018664E-02  0.000000E+00  0.000000E+00  0.000000E+00  0.000000E+00  0.000000E+00  0.000000E+00
184  1.29321144E-01 -5.915158E+01 -5.103273E+01  7.313438E-01 -6.422182E-02  0.000000E+00  0.000000E+00  0.000000E+00  0.000000E+00  0.000000E+00  0.000000E+00
185  1.38267056E-01 -5.712220E+01 -4.948791E+01  7.686844E-01 -6.766650E-02  0.000000E+00  0.000000E+00  0.000000E+00  0.000000E+00  0.000000E+00  0.000000E+00
186  1.47740552E-01 -5.508888E+01 -4.790714E+01  7.950888E-01 -7.035995E-02  0.000000E+00  0.000000E+00  0.000000E+00  0.000000E+00  0.000000E+00  0.000000E+00
187  1.57765184E-01 -5.305645E+01 -4.629760E+01  8.081113E-01 -7.215347E-02  0.000000E+00  0.000000E+00  0.000000E+00  0.000000E+00  0.000000E+00  0.000000E+00
188  1.68365024E-01 -5.103140E+01 -4.466800E+01  8.055023E-01 -7.296193E-02  0.000000E+00  0.000000E+00  0.000000E+00  0.000000E+00  0.000000E+00  0.000000E+00
189  1.79564649E-01 -4.902105E+01 -4.302762E+01  7.853442E-01 -7.265375E-02  0.000000E+00  0.000000E+00  0.000000E+00  0.000000E+00  0.000000E+00  0.000000E+00
190  1.91389120E-01 -4.703493E+01 -4.138780E+01  7.461802E-01 -7.116873E-02  0.000000E+00  0.000000E+00  0.000000E+00  0.000000E+00  0.000000E+00  0.000000E+00
191  2.03863960E-01 -4.508216E+01 -3.975930E+01  6.871270E-01 -6.848872E-02  0.000000E+00  0.000000E+00  0.000000E+00  0.000000E+00  0.000000E+00  0.000000E+00
192  2.17015131E-01 -4.317131E+01 -3.815216E+01  6.079643E-01 -6.463956E-02  0.000000E+00  0.000000E+00  0.000000E+00  0.000000E+00  0.000000E+00  0.000000E+00
193  2.30869016E-01 -4.130852E+01 -3.657392E+01  5.091945E-01 -5.969030E-02  0.000000E+00  0.000000E+00  0.000000E+00  0.000000E+00  0.000000E+00  0.000000E+00
194  2.45452392E-01 -3.949684E+01 -3.502889E+01  3.920714E-01 -5.374985E-02  0.000000E+00  0.000000E+00  0.000000E+00  0.000000E+00  0.000000E+00  0.000000E+00
195  2.60792404E-01 -3.773584E+01 -3.351782E+01  2.585937E-01 -4.696209E-02  0.000000E+00  0.000000E+00  0.000000E+00  0.000000E+00  0.000000E+00  0.000000E+00
196  2.76916547E-01 -3.602328E+01 -3.203958E+01  1.114613E-01 -3.949992E-02  0.000000E+00  0.000000E+00  0.000000E+00  0.000000E+00  0.000000E+00  0.000000E+00
197  2.93852632E-01 -3.435480E+01 -3.059082E+01 -4.600858E-02 -3.155866E-02  0.000000E+00  0.000000E+00  0.000000E+00  0.000000E+00  0.000000E+00  0.000000E+00
198  3.11628767E-01 -3.272708E+01 -2.916918E+01 -2.100041E-01 -2.334853E-02  0.000000E+00  0.000000E+00  0.000000E+00  0.000000E+00  0.000000E+00  0.000000E+00
199  3.30273328E-01 -3.113717E+01 -2.777260E+01 -3.763778E-01 -1.508628E-02  0.000000E+00  0.000000E+00  0.000000E+00  0.000000E+00  0.000000E+00  0.000000E+00
200  3.49814935E-01 -2.958347E+01 -2.640028E+01 -5.408321E-01 -6.986134E-03  0.000000E+00  0.000000E+00  0.000000E+00  0.000000E+00  0.000000E+00  0.000000E+00
201  3.70282422E-01 -2.806528E+01 -2.505233E+01 -6.991198E-01  7.495575E-04  0.000000E+00  0.000000E+00  0.000000E+00  0.000000E+00  0.000000E+00  0.000000E+00
202  3.91704817E-01 -2.658284E+01 -2.372971E+01 -8.472433E-01  7.939071E-03  0.000000E+00  0.000000E+00  0.000000E+00  0.000000E+00  0.000000E+00  0.000000E+00
203  4.14111309E-01 -2.513764E+01 -2.243460E+01 -9.816407E-01  1.442899E-02  0.000000E+00  0.000000E+00  0.000000E+00  0.000000E+00  0.000000E+00  0.000000E+00
204  4.37531230E-01 -2.373222E+01 -2.117020E+01 -1.099340E+00  2.010021E-02  0.000000E+00  0.000000E+00  0.000000E+00  0.000000E+00  0.000000E+00  0.000000E+00
205  4.61994022E-01 -2.237089E+01 -1.994140E+01 -1.198075E+00  2.487195E-02  0.000000E+00  0.000000E+00  0.000000E+00  0.000000E+00  0.000000E+00  0.000000E+00
206  4.87529220E-01 -2.105803E+01 -1.875312E+01 -1.276344E+00  2.870307E-02  0.000000E+00  0.000000E+00  0.000000E+00  0.000000E+00  0.000000E+00  0.000000E+00
207  5.14166421E-01 -1.979806E+01 -1.761031E+01 -1.333426E+00  3.159067E-02  0.000000E+00  0.000000E+00  0.000000E+00  0.000000E+00  0.000000E+00  0.000000E+00
208  5.41935264E-01 -1.859445E+01 -1.651691E+01 -1.369340E+00  3.356617E-02  0.000000E+00  0.000000E+00  0.000000E+00  0.000000E+00  0.000000E+00  0.000000E+00
209  5.70865405E-01 -1.744938E+01 -1.547555E+01 -1.384775E+00  3.468946E-02  0.000000E+00  0.000000E+00  0.000000E+00  0.000000E+00  0.000000E+00  0.000000E+00
210  6.00986498E-01 -1.636355E+01 -1.448735E+01 -1.380986E+00  3.504203E-02  0.000000E+00  0.000000E+00  0.000000E+00  0.000000E+00  0.000000E+00  0.000000E+00
211  6.32328168E-01 -1.533664E+01 -1.355236E+01 -1.359683E+00  3.471997E-02  0.000000E+00  0.000000E+00  0.000000E+00  0.000000E+00  0.000000E+00  0.000000E+00
212  6.64919993E-01 -1.436712E+01 -1.266943E+01 -1.322909E+00  3.382732E-02  0.000000E+00  0.000000E+00  0.000000E+00  0.000000E+00  0.000000E+00  0.000000E+00
213  6.98791485E-01 -1.345285E+01 -1.183674E+01 -1.272926E+00  3.247028E-02  0.000000E+00  0.000000E+00  0.000000E+00  0.000000E+00  0.000000E+00  0.000000E+00
214  7.33972067E-01 -1.259145E+01 -1.105225E+01 -1.212105E+00  3.075257E-02  0.000000E+00  0.000000E+00  0.000000E+00  0.000000E+00  0.000000E+00  0.000000E+00
215  7.70491060E-01 -1.178016E+01 -1.031347E+01 -1.142831E+00  2.877181E-02  0.000000E+00  0.000000E+00  0.000000E+00  0.000000E+00  0.000000E+00  0.000000E+00
216  8.08377657E-01 -1.101633E+01 -9.618044E+00 -1.067418E+00  2.661695E-02  0.000000E+00  0.000000E+00  0.000000E+00  0.000000E+00  0.000000E+00  0.000000E+00
217  8.47660917E-01 -1.029740E+01 -8.963659E+00 -9.880455E-01  2.436662E-02  0.000000E+00  0.000000E+00  0.000000E+00  0.000000E+00  0.000000E+00  0.000000E+00
218  8.88369739E-01 -9.620966E+00 -8.348160E+00 -9.067048E-01  2.208828E-02  0.000000E+00  0.000000E+00  0.000000E+00  0.000000E+00  0.000000E+00  0.000000E+00
219  9.30532853E-01 -8.984822E+00 -7.769562E+00 -8.251631E-01  1.983797E-02  0.000000E+00  0.000000E+00  0.000000E+00  0.000000E+00  0.000000E+00  0.000000E+00
220  9.74178804E-01 -8.386946E+00 -7.226054E+00 -7.449404E-01  1.766063E-02  0.000000E+00  0.000000E+00  0.000000E+00  0.000000E+00  0.000000E+00  0.000000E+00
221  1.01933594E+00 -7.825496E+00 -6.715994E+00 -6.673002E-01  1.559070E-02  0.000000E+00  0.000000E+00  0.000000E+00  0.000000E+00  0.000000E+00  0.000000E+00
222  1.06603240E+00 -7.298782E+00 -6.237873E+00 -5.932505E-01  1.365304E-02  0.000000E+00  0.000000E+00  0.000000E+00  0.000000E+00  0.000000E+00  0.000000E+00
223  1.11429609E+00 -6.805223E+00 -5.790285E+00 -5.235542E-01  1.186407E-02  0.000000E+00  0.000000E+00  0.000000E+00  0.000000E+00  0.000000E+00  0.000000E+00
224  1.16415470E+00 -6.343349E+00 -5.371919E+00 -4.587467E-01  1.023292E-02  0.000000E+00  0.000000E+00  0.000000E+00  0.000000E+00  0.000000E+00  0.000000E+00
225  1.21563567E+00 -5.911698E+00 -4.981464E+00 -3.991584E-01  8.762628E-03  0.000000E+00  0.000000E+00  0.000000E+00  0.000000E+00  0.000000E+00  0.000000E+00
226  1.26876619E+00 -5.508865E+00 -4.617656E+00 -3.449409E-01  7.451349E-03  0.000000E+00  0.000000E+00  0.000000E+00  0.000000E+00  0.000000E+00  0.000000E+00
227  1.32357318E+00 -5.133432E+00 -4.279208E+00 -2.960947E-01  6.293430E-03  0.000000E+00  0.000000E+00  0.000000E+00  0.000000E+00  0.000000E+00  0.000000E+00
228  1.38008330E+00 -4.783986E+00 -3.964828E+00 -2.524970E-01  5.280427E-03  0.000000E+00  0.000000E+00  0.000000E+00  0.000000E+00  0.000000E+00  0.000000E+00
229  1.43832295E+00 -4.459107E+00 -3.673213E+00 -2.139283E-01  4.401984E-03  0.000000E+00  0.000000E+00  0.000000E+00  0.000000E+00  0.000000E+00  0.000000E+00
230  1.49831823E+00 -4.157376E+00 -3.403049E+00 -1.800975E-01  3.646583E-03  0.000000E+00  0.000000E+00  0.000000E+00  0.000000E+00  0.000000E+00  0.000000E+00
231  1.56009495E+00 -3.877383E+00 -3.153027E+00 -1.506642E-01  3.002169E-03  0.000000E+00  0.000000E+00  0.000000E+00  0.000000E+00  0.000000E+00  0.000000E+00
232  1.62367866E+00 -3.617734E+00 -2.921847E+00 -1.252581E-01  2.456639E-03  0.000000E+00  0.000000E+00  0.000000E+00  0.000000E+00  0.000000E+00  0.000000E+00
233  1.68909458E+00 -3.377064E+00 -2.708231E+00 -1.034951E-01  1.998222E-03  0.000000E+00  0.000000E+00  0.000000E+00  0.000000E+00  0.000000E+00  0.000000E+00
234  1.75636764E+00 -3.154048E+00 -2.510937E+00 -8.499096E-02  1.615754E-03  0.000000E+00  0.000000E+00  0.000000E+00  0.000000E+00  0.000000E+00  0.000000E+00
235  1.82552249E+00 -2.947411E+00 -2.328765E+00 -6.937142E-02  1.298859E-03  0.000000E+00  0.000000E+00  0.000000E+00  0.000000E+00  0.000000E+00  0.000000E+00
236  1.89658346E+00 -2.755934E+00 -2.160569E+00 -5.628016E-02  1.038067E-03  0.000000E+00  0.000000E+00  0.000000E+00  0.000000E+00  0.000000E+00  0.000000E+00
237  1.96957456E+00 -2.578464E+00 -2.005263E+00 -4.538428E-02  8.248612E-04  0.000000E+00  0.000000E+00  0.000000E+00  0.000000E+00  0.000000E+00  0.000000E+00
238  2.04451951E+00 -2.413916E+00 -1.861826E+00 -3.637775E-02  6.516879E-04  0.000000E+00  0.000000E+00  0.000000E+00  0.000000E+00  0.000000E+00  0.000000E+00
239  2.12144173E+00 -2.261281E+00 -1.729305E+00 -2.898337E-02  5.119271E-04  0.000000E+00  0.000000E+00  0.000000E+00  0.000000E+00  0.000000E+00  0.000000E+00
240  2.20036430E+00 -2.119620E+00 -1.606820E+00 -2.295325E-02  3.998421E-04  0.000000E+00  0.000000E+00  0.000000E+00  0.000000E+00  0.000000E+00  0.000000E+00
241  2.28131002E+00 -1.988073E+00 -1.493560E+00 -1.806841E-02  3.105128E-04  0.000000E+00  0.000000E+00  0.000000E+00  0.000000E+00  0.000000E+00  0.000000E+00
242  2.36430136E+00 -1.865848E+00 -1.388782E+00 -1.413752E-02  2.397597E-04  0.000000E+00  0.000000E+00  0.000000E+00  0.000000E+00  0.000000E+00  0.000000E+00
243  2.44936050E+00 -1.752225E+00 -1.291813E+00 -1.099516E-02  1.840643E-04  0.000000E+00  0.000000E+00  0.000000E+00  0.000000E+00  0.000000E+00  0.000000E+00
244  2.53650928E+00 -1.646550E+00 -1.202044E+00 -8.499729E-03  1.404903E-04  0.000000E+00  0.000000E+00  0.000000E+00  0.000000E+00  0.000000E+00  0.000000E+00
245  2.62576927E+00 -1.551173E+00 -1.121862E+00 -6.531140E-03  1.066101E-04  0.000000E+00  0.000000E+00  0.000000E+00  0.000000E+00  0.000000E+00  0.000000E+00
246  2.71716170E+00 -1.468078E+00 -1.053286E+00 -4.988390E-03  8.043283E-05  0.000000E+00  0.000000E+00  0.000000E+00  0.000000E+00  0.000000E+00  0.000000E+00
247  2.81070752E+00 -1.395983E+00 -9.950726E-01 -3.787236E-03  6.033422E-05  0.000000E+00  0.000000E+00  0.000000E+00  0.000000E+00  0.000000E+00  0.000000E+00
248  2.90642737E+00 -1.333692E+00 -9.460598E-01 -2.858076E-03  4.499828E-05  0.000000E+00  0.000000E+00  0.000000E+00  0.000000E+00  0.000000E+00  0.000000E+00
249  3.00434158E+00 -1.280099E+00 -9.051720E-01 -2.143924E-03  3.336803E-05  0.000000E+00  0.000000E+00  0.000000E+00  0.000000E+00  0.000000E+00  0.000000E+00
250  3.10447019E+00 -1.234185E+00 -8.714193E-01 -1.598531E-03  2.460164E-05  0.000000E+00  0.000000E+00  0.000000E+00  0.000000E+00  0.000000E+00  0.000000E+00
251  3.20683294E+00 -1.195016E+00 -8.438972E-01 -1.184670E-03  1.803384E-05  0.000000E+00  0.000000E+00  0.000000E+00  0.000000E+00  0.000000E+00  0.000000E+00
252  3.31144928E+00 -1.161745E+00 -8.217842E-01 -8.726178E-04  1.314289E-05  0.000000E+00  0.000000E+00  0.000000E+00  0.000000E+00  0.000000E+00  0.000000E+00
253  3.41833837E+00 -1.133607E+00 -8.043387E-01 -6.388291E-04  9.522646E-06  0.000000E+00  0.000000E+00  0.000000E+00  0.000000E+00  0.000000E+00  0.000000E+00
254  3.52751907E+00 -1.109912E+00 -7.908959E-01 -4.647945E-04  6.859149E-06  0.000000E+00  0.000000E+00  0.000000E+00  0.000000E+00  0.000000E+00  0.000000E+00
255  3.63900997E+00 -1.090047E+00 -7.808632E-01 -3.360724E-04  4.911436E-06  0.000000E+00  0.000000E+00  0.000000E+00  0.000000E+00  0.000000E+00  0.000000E+00
256  3.75282937E+00 -1.073465E+00 -7.737157E-01 -2.414788E-04  3.495829E-06  0.000000E+00  0.000000E+00  0.000000E+00  0.000000E+00  0.000000E+00  0.000000E+00
257  3.86899530E+00 -1.059686E+00 -7.689913E-01 -1.724157E-04  2.473269E-06  0.000000E+00  0.000000E+00  0.000000E+00  0.000000E+00  0.000000E+00  0.000000E+00
258  3.98752549E+00 -1.048287E+00 -7.662858E-01 -1.223215E-04  1.739188E-06  0.000000E+00  0.000000E+00  0.000000E+00  0.000000E+00  0.000000E+00  0.000000E+00
259  4.10843743E+00 -1.038899E+00 -7.652480E-01 -8.622501E-05  1.215485E-06  0.000000E+00  0.000000E+00  0.000000E+00  0.000000E+00  0.000000E+00  0.000000E+00
260  4.23174832E+00 -1.031202E+00 -7.655742E-01 -6.038698E-05  8.442148E-07  0.000000E+00  0.000000E+00  0.000000E+00  0.000000E+00  0.000000E+00  0.000000E+00
261  4.35747511E+00 -1.024920E+00 -7.670041E-01 -4.201538E-05  5.826787E-07  0.000000E+00  0.000000E+00  0.000000E+00  0.000000E+00  0.000000E+00  0.000000E+00
262  4.48563447E+00 -1.019817E+00 -7.693154E-01 -2.904043E-05  3.996224E-07  0.000000E+00  0.000000E+00  0.000000E+00  0.000000E+00  0.000000E+00  0.000000E+00
263  4.61624283E+00 -1.015690E+00 -7.723200E-01 -1.993896E-05  2.723244E-07  0.000000E+00  0.000000E+00  0.000000E+00  0.000000E+00  0.000000E+00  0.000000E+00
264  4.74931635E+00 -1.012367E+00 -7.758596E-01 -1.359821E-05  1.843788E-07  0.000000E+00  0.000000E+00  0.000000E+00  0.000000E+00  0.000000E+00  0.000000E+00
265  4.88487095E+00 -1.009705E+00 -7.798020E-01 -9.211182E-06  1.240208E-07  0.000000E+00  0.000000E+00  0.000000E+00  0.000000E+00  0.000000E+00  0.000000E+00
266  5.02292230E+00 -1.007582E+00 -7.840378E-01 -6.196965E-06  8.287227E-08  0.000000E+00  0.000000E+00  0.000000E+00  0.000000E+00  0.000000E+00  0.000000E+00
267  5.16348583E+00 -1.005897E+00 -7.884767E-01 -4.140457E-06  5.500812E-08  0.000000E+00  0.000000E+00  0.000000E+00  0.000000E+00  0.000000E+00  0.000000E+00
268  5.30657672E+00 -1.004566E+00 -7.930454E-01 -2.747254E-06  3.626768E-08  0.000000E+00  0.000000E+00  0.000000E+00  0.000000E+00  0.000000E+00  0.000000E+00
269  5.45220993E+00 -1.003519E+00 -7.976845E-01 -1.810117E-06  2.374984E-08  0.000000E+00  0.000000E+00  0.000000E+00  0.000000E+00  0.000000E+00  0.000000E+00
270  5.60040017E+00 -1.002700E+00 -8.023466E-01 -1.184264E-06  1.544625E-08  0.000000E+00  0.000000E+00  0.000000E+00  0.000000E+00  0.000000E+00  0.000000E+00
271  5.75116192E+00 -1.002062E+00 -8.069943E-01 -7.693105E-07  9.976542E-09  0.000000E+00  0.000000E+00  0.000000E+00  0.000000E+00  0.000000E+00  0.000000E+00
272  5.90450947E+00 -1.001568E+00 -8.115984E-01 -4.961842E-07  6.398911E-09  0.000000E+00  0.000000E+00  0.000000E+00  0.000000E+00  0.000000E+00  0.000000E+00
273  6.06045684E+00 -1.001186E+00 -8.161367E-01 -3.177242E-07  4.075451E-09  0.000000E+00  0.000000E+00  0.000000E+00  0.000000E+00  0.000000E+00  0.000000E+00
274  6.21901786E+00 -1.000893E+00 -8.205923E-01 -2.019770E-07  2.577295E-09  0.000000E+00  0.000000E+00  0.000000E+00  0.000000E+00  0.000000E+00  0.000000E+00
275  6.38020615E+00 -1.000670E+00 -8.249530E-01 -1.274608E-07  1.618254E-09  0.000000E+00  0.000000E+00  0.000000E+00  0.000000E+00  0.000000E+00  0.000000E+00
276  6.54403510E+00 -1.000500E+00 -8.292104E-01 -7.984599E-08  1.008788E-09  0.000000E+00  0.000000E+00  0.000000E+00  0.000000E+00  0.000000E+00  0.000000E+00
277  6.71051790E+00 -1.000371E+00 -8.333588E-01 -4.964907E-08  6.243105E-10  0.000000E+00  0.000000E+00  0.000000E+00  0.000000E+00  0.000000E+00  0.000000E+00
278  6.87966755E+00 -1.000274E+00 -8.373948E-01 -3.064294E-08  3.835532E-10  0.000000E+00  0.000000E+00  0.000000E+00  0.000000E+00  0.000000E+00  0.000000E+00
279  7.05149683E+00 -1.000202E+00 -8.413170E-01 -1.877118E-08  2.339122E-10  0.000000E+00  0.000000E+00  0.000000E+00  0.000000E+00  0.000000E+00  0.000000E+00
280  7.22601833E+00 -1.000148E+00 -8.451252E-01 -1.141234E-08  1.415991E-10  0.000000E+00  0.000000E+00  0.000000E+00  0.000000E+00  0.000000E+00  0.000000E+00
281  7.40324446E+00 -1.000107E+00 -8.488202E-01 -6.885912E-09  8.507994E-11  0.000000E+00  0.000000E+00  0.000000E+00  0.000000E+00  0.000000E+00  0.000000E+00
282  7.58318741E+00 -1.000078E+00 -8.524039E-01 -4.123188E-09  5.073786E-11  0.000000E+00  0.000000E+00  0.000000E+00  0.000000E+00  0.000000E+00  0.000000E+00
283  7.76585921E+00 -1.000056E+00 -8.558783E-01 -2.450030E-09  3.002997E-11  0.000000E+00  0.000000E+00  0.000000E+00  0.000000E+00  0.000000E+00  0.000000E+00
284  7.95127170E+00 -1.000040E+00 -8.592463E-01 -1.444637E-09  1.763907E-11  0.000000E+00  0.000000E+00  0.000000E+00  0.000000E+00  0.000000E+00  0.000000E+00
285  8.13943653E+00 -1.000029E+00 -8.625108E-01 -8.452351E-10  1.028194E-11  0.000000E+00  0.000000E+00  0.000000E+00  0.000000E+00  0.000000E+00  0.000000E+00
286  8.33036518E+00 -1.000020E+00 -8.656748E-01 -4.906939E-10  5.947488E-12  0.000000E+00  0.000000E+00  0.000000E+00  0.000000E+00  0.000000E+00  0.000000E+00
287  8.52406896E+00 -1.000014E+00 -8.687415E-01 -2.826451E-10  3.413759E-12  0.000000E+00  0.000000E+00  0.000000E+00  0.000000E+00  0.000000E+00  0.000000E+00
288  8.72055901E+00 -1.000010E+00 -8.717142E-01 -1.615301E-10  1.958597E-12  0.000000E+00  0.000000E+00  0.000000E+00  0.000000E+00  0.000000E+00  0.000000E+00
289  8.91984628E+00 -1.000007E+00 -8.745962E-01 -9.158633E-11  1.065003E-12  0.000000E+00  0.000000E+00  0.000000E+00  0.000000E+00  0.000000E+00  0.000000E+00
