#      n =  5
#  kappa =  2
# energy = -3.57559753E+02
#zenergy =  0.00000000E+00
#     dn =  4.80500777E+00
# qrnorm =  1.00096473E+00
#SelfEne =  2.72113860E+32
#     vc = -2.47549991E+03
#     vr = -5.46717816E+03
#  ilast =  269
#    ifm =    0
#    cfm =  0.00000000E+00
#    xfm =  0.00000000E+00
#    rfn =  9.83614479E-02
#    pdx =  2.97204174E+00
#   bqp0 =  4.82008144E+04
#   bqp1 =  0.00000000E+00
#    idx = 19
# LEPTON = 0
#   MASS =  1.00000000E+00
# CHARGE =  1.00000000E+00
#  EUNIT =  2.72113860E+01
#  RUNIT =  4.13413733E+16
#  LUNIT =  5.29177211E-01
#    AMU =  1.82288849E+03
#    FSC =  7.29735257E-03


0    1.15000117E-08 -1.377152E-02  9.782673E+07  5.862530E-18  2.808532E-13  0.000000E+00  0.000000E+00  0.000000E+00  0.000000E+00  0.000000E+00  0.000000E+00
1    1.26117963E-08 -1.510291E-02  8.920290E+07  7.712595E-18  3.377656E-13  0.000000E+00  0.000000E+00  0.000000E+00  0.000000E+00  0.000000E+00  0.000000E+00
2    1.38310648E-08 -1.656301E-02  8.133930E+07  1.015613E-17  4.062372E-13  0.000000E+00  0.000000E+00  0.000000E+00  0.000000E+00  0.000000E+00  0.000000E+00
3    1.51681819E-08 -1.816423E-02  7.416904E+07  1.338186E-17  4.885817E-13  0.000000E+00  0.000000E+00  0.000000E+00  0.000000E+00  0.000000E+00  0.000000E+00
4    1.66345646E-08 -1.992026E-02  6.763086E+07  1.763879E-17  5.876129E-13  0.000000E+00  0.000000E+00  0.000000E+00  0.000000E+00  0.000000E+00  0.000000E+00
5    1.82427098E-08 -2.184605E-02  6.166904E+07  2.325544E-17  7.067209E-13  0.000000E+00  0.000000E+00  0.000000E+00  0.000000E+00  0.000000E+00  0.000000E+00
6    2.00062875E-08 -2.395797E-02  5.623286E+07  3.066516E-17  8.499714E-13  0.000000E+00  0.000000E+00  0.000000E+00  0.000000E+00  0.000000E+00  0.000000E+00
7    2.19403556E-08 -2.627406E-02  5.127589E+07  4.043958E-17  1.022250E-12  0.000000E+00  0.000000E+00  0.000000E+00  0.000000E+00  0.000000E+00  0.000000E+00
8    2.40613958E-08 -2.881405E-02  4.675587E+07  5.333268E-17  1.229453E-12  0.000000E+00  0.000000E+00  0.000000E+00  0.000000E+00  0.000000E+00  0.000000E+00
9    2.63874375E-08 -3.159954E-02  4.263438E+07  7.033889E-17  1.478654E-12  0.000000E+00  0.000000E+00  0.000000E+00  0.000000E+00  0.000000E+00  0.000000E+00
10   2.89383403E-08 -3.465430E-02  3.887620E+07  9.276994E-17  1.778349E-12  0.000000E+00  0.000000E+00  0.000000E+00  0.000000E+00  0.000000E+00  0.000000E+00
11   3.17358416E-08 -3.800437E-02  3.544929E+07  1.223559E-16  2.138797E-12  0.000000E+00  0.000000E+00  0.000000E+00  0.000000E+00  0.000000E+00  0.000000E+00
12   3.48037199E-08 -4.167822E-02  3.232452E+07  1.613783E-16  2.572315E-12  0.000000E+00  0.000000E+00  0.000000E+00  0.000000E+00  0.000000E+00  0.000000E+00
13   3.81681012E-08 -4.570714E-02  2.947525E+07  2.128467E-16  3.093681E-12  0.000000E+00  0.000000E+00  0.000000E+00  0.000000E+00  0.000000E+00  0.000000E+00
14   4.18577081E-08 -5.012553E-02  2.687712E+07  2.807303E-16  3.720687E-12  0.000000E+00  0.000000E+00  0.000000E+00  0.000000E+00  0.000000E+00  0.000000E+00
15   4.59039793E-08 -5.497103E-02  2.450802E+07  3.702642E-16  4.474786E-12  0.000000E+00  0.000000E+00  0.000000E+00  0.000000E+00  0.000000E+00  0.000000E+00
16   5.03413050E-08 -6.028482E-02  2.234777E+07  4.883525E-16  5.381749E-12  0.000000E+00  0.000000E+00  0.000000E+00  0.000000E+00  0.000000E+00  0.000000E+00
17   5.52074705E-08 -6.611216E-02  2.037798E+07  6.441011E-16  6.472481E-12  0.000000E+00  0.000000E+00  0.000000E+00  0.000000E+00  0.000000E+00  0.000000E+00
18   6.05440164E-08 -7.250279E-02  1.858181E+07  8.495205E-16  7.784251E-12  0.000000E+00  0.000000E+00  0.000000E+00  0.000000E+00  0.000000E+00  0.000000E+00
19   6.63962959E-08 -7.951103E-02  1.694399E+07  1.120449E-15  9.361922E-12  0.000000E+00  0.000000E+00  0.000000E+00  0.000000E+00  0.000000E+00  0.000000E+00
20   7.28141394E-08 -8.719654E-02  1.545056E+07  1.477778E-15  1.125924E-11  0.000000E+00  0.000000E+00  0.000000E+00  0.000000E+00  0.000000E+00  0.000000E+00
21   7.98523293E-08 -9.562492E-02  1.408875E+07  1.949058E-15  1.354105E-11  0.000000E+00  0.000000E+00  0.000000E+00  0.000000E+00  0.000000E+00  0.000000E+00
22   8.75706761E-08 -1.048678E-01  1.284700E+07  2.570625E-15  1.628523E-11  0.000000E+00  0.000000E+00  0.000000E+00  0.000000E+00  0.000000E+00  0.000000E+00
23   9.60350608E-08 -1.150041E-01  1.171470E+07  3.390403E-15  1.958559E-11  0.000000E+00  0.000000E+00  0.000000E+00  0.000000E+00  0.000000E+00  0.000000E+00
24   1.05317228E-07 -1.261197E-01  1.068223E+07  4.471587E-15  2.355475E-11  0.000000E+00  0.000000E+00  0.000000E+00  0.000000E+00  0.000000E+00  0.000000E+00
25   1.15496552E-07 -1.383096E-01  9.740754E+06  5.897534E-15  2.832799E-11  0.000000E+00  0.000000E+00  0.000000E+00  0.000000E+00  0.000000E+00  0.000000E+00
26   1.26659529E-07 -1.516775E-01  8.882273E+06  7.778166E-15  3.406861E-11  0.000000E+00  0.000000E+00  0.000000E+00  0.000000E+00  0.000000E+00  0.000000E+00
27   1.38901188E-07 -1.663372E-01  8.099467E+06  1.025845E-14  4.097240E-11  0.000000E+00  0.000000E+00  0.000000E+00  0.000000E+00  0.000000E+00  0.000000E+00
28   1.52325740E-07 -1.824134E-01  7.385664E+06  1.352958E-14  4.927501E-11  0.000000E+00  0.000000E+00  0.000000E+00  0.000000E+00  0.000000E+00  0.000000E+00
29   1.67047461E-07 -2.000429E-01  6.734780E+06  1.784369E-14  5.925983E-11  0.000000E+00  0.000000E+00  0.000000E+00  0.000000E+00  0.000000E+00  0.000000E+00
30   1.83191662E-07 -2.193759E-01  6.141268E+06  2.353329E-14  7.126762E-11  0.000000E+00  0.000000E+00  0.000000E+00  0.000000E+00  0.000000E+00  0.000000E+00
31   2.00895762E-07 -2.405770E-01  5.600071E+06  3.103689E-14  8.570811E-11  0.000000E+00  0.000000E+00  0.000000E+00  0.000000E+00  0.000000E+00  0.000000E+00
32   2.20310446E-07 -2.638264E-01  5.106575E+06  4.093276E-14  1.030747E-10  0.000000E+00  0.000000E+00  0.000000E+00  0.000000E+00  0.000000E+00  0.000000E+00
33   2.41600536E-07 -2.893217E-01  4.656584E+06  5.398350E-14  1.239598E-10  0.000000E+00  0.000000E+00  0.000000E+00  0.000000E+00  0.000000E+00  0.000000E+00
34   2.64947571E-07 -3.172802E-01  4.246254E+06  7.119479E-14  1.490749E-10  0.000000E+00  0.000000E+00  0.000000E+00  0.000000E+00  0.000000E+00  0.000000E+00
35   2.90550239E-07 -3.479399E-01  3.872089E+06  9.389285E-14  1.792776E-10  0.000000E+00  0.000000E+00  0.000000E+00  0.000000E+00  0.000000E+00  0.000000E+00
36   3.18626413E-07 -3.815615E-01  3.530900E+06  1.238266E-13  2.155994E-10  0.000000E+00  0.000000E+00  0.000000E+00  0.000000E+00  0.000000E+00  0.000000E+00
37   3.49414403E-07 -4.184306E-01  3.219786E+06  1.633021E-13  2.592786E-10  0.000000E+00  0.000000E+00  0.000000E+00  0.000000E+00  0.000000E+00  0.000000E+00
38   3.83176684E-07 -4.588614E-01  2.936091E+06  2.153606E-13  3.118049E-10  0.000000E+00  0.000000E+00  0.000000E+00  0.000000E+00  0.000000E+00  0.000000E+00
39   4.20199795E-07 -5.031971E-01  2.677401E+06  2.840123E-13  3.749699E-10  0.000000E+00  0.000000E+00  0.000000E+00  0.000000E+00  0.000000E+00  0.000000E+00
40   4.60799334E-07 -5.518155E-01  2.441508E+06  3.745454E-13  4.509303E-10  0.000000E+00  0.000000E+00  0.000000E+00  0.000000E+00  0.000000E+00  0.000000E+00
41   5.05318947E-07 -6.051281E-01  2.226410E+06  4.939322E-13  5.422756E-10  0.000000E+00  0.000000E+00  0.000000E+00  0.000000E+00  0.000000E+00  0.000000E+00
42   5.54138810E-07 -6.635901E-01  2.030267E+06  6.513679E-13  6.521156E-10  0.000000E+00  0.000000E+00  0.000000E+00  0.000000E+00  0.000000E+00  0.000000E+00
43   6.07673142E-07 -7.276976E-01  1.851410E+06  8.589759E-13  7.841982E-10  0.000000E+00  0.000000E+00  0.000000E+00  0.000000E+00  0.000000E+00  0.000000E+00
44   6.66378168E-07 -7.979967E-01  1.688312E+06  1.132743E-12  9.430299E-10  0.000000E+00  0.000000E+00  0.000000E+00  0.000000E+00  0.000000E+00  0.000000E+00
45   7.30750654E-07 -8.750823E-01  1.539591E+06  1.493746E-12  1.134038E-09  0.000000E+00  0.000000E+00  0.000000E+00  0.000000E+00  0.000000E+00  0.000000E+00
46   8.01337375E-07 -9.596090E-01  1.403977E+06  1.969775E-12  1.363704E-09  0.000000E+00  0.000000E+00  0.000000E+00  0.000000E+00  0.000000E+00  0.000000E+00
47   8.78740878E-07 -1.052298E+00  1.280312E+06  2.597477E-12  1.639867E-09  0.000000E+00  0.000000E+00  0.000000E+00  0.000000E+00  0.000000E+00  0.000000E+00
48   9.63615982E-07 -1.153934E+00  1.167545E+06  3.425160E-12  1.971951E-09  0.000000E+00  0.000000E+00  0.000000E+00  0.000000E+00  0.000000E+00  0.000000E+00
49   1.05668526E-06 -1.265381E+00  1.064715E+06  4.516525E-12  2.371251E-09  0.000000E+00  0.000000E+00  0.000000E+00  0.000000E+00  0.000000E+00  0.000000E+00
50   1.15873793E-06 -1.387583E+00  9.709457E+05  5.955549E-12  2.851395E-09  0.000000E+00  0.000000E+00  0.000000E+00  0.000000E+00  0.000000E+00  0.000000E+00
51   1.27064004E-06 -1.521579E+00  8.854397E+05  7.852943E-12  3.428727E-09  0.000000E+00  0.000000E+00  0.000000E+00  0.000000E+00  0.000000E+00  0.000000E+00
52   1.39334152E-06 -1.668504E+00  8.074681E+05  1.035467E-11  4.122891E-09  0.000000E+00  0.000000E+00  0.000000E+00  0.000000E+00  0.000000E+00  0.000000E+00
53   1.52788524E-06 -1.829606E+00  7.363661E+05  1.365315E-11  4.957546E-09  0.000000E+00  0.000000E+00  0.000000E+00  0.000000E+00  0.000000E+00  0.000000E+00
54   1.67541056E-06 -2.006248E+00  6.715292E+05  1.800204E-11  5.961113E-09  0.000000E+00  0.000000E+00  0.000000E+00  0.000000E+00  0.000000E+00  0.000000E+00
55   1.83717063E-06 -2.199929E+00  6.124045E+05  2.373573E-11  7.167729E-09  0.000000E+00  0.000000E+00  0.000000E+00  0.000000E+00  0.000000E+00  0.000000E+00
56   2.01453629E-06 -2.412289E+00  5.584890E+05  3.129498E-11  8.618482E-09  0.000000E+00  0.000000E+00  0.000000E+00  0.000000E+00  0.000000E+00  0.000000E+00
57   2.20901188E-06 -2.645126E+00  5.093234E+05  4.126081E-11  1.036274E-08  0.000000E+00  0.000000E+00  0.000000E+00  0.000000E+00  0.000000E+00  0.000000E+00
58   2.42224403E-06 -2.900408E+00  4.644896E+05  5.439899E-11  1.245984E-08  0.000000E+00  0.000000E+00  0.000000E+00  0.000000E+00  0.000000E+00  0.000000E+00
59   2.65604178E-06 -3.180297E+00  4.236052E+05  7.171889E-11  1.498107E-08  0.000000E+00  0.000000E+00  0.000000E+00  0.000000E+00  0.000000E+00  0.000000E+00
60   2.91238443E-06 -3.487154E+00  3.863225E+05  9.455079E-11  1.801216E-08  0.000000E+00  0.000000E+00  0.000000E+00  0.000000E+00  0.000000E+00  0.000000E+00
61   3.19344526E-06 -3.823574E+00  3.523238E+05  1.246479E-10  2.165616E-08  0.000000E+00  0.000000E+00  0.000000E+00  0.000000E+00  0.000000E+00  0.000000E+00
62   3.50160105E-06 -4.192392E+00  3.213200E+05  1.643205E-10  2.603695E-08  0.000000E+00  0.000000E+00  0.000000E+00  0.000000E+00  0.000000E+00  0.000000E+00
63   3.83946103E-06 -4.596715E+00  2.930453E+05  2.166132E-10  3.130321E-08  0.000000E+00  0.000000E+00  0.000000E+00  0.000000E+00  0.000000E+00  0.000000E+00
64   4.20988541E-06 -5.039949E+00  2.672645E+05  2.855374E-10  3.763390E-08  0.000000E+00  0.000000E+00  0.000000E+00  0.000000E+00  0.000000E+00  0.000000E+00
65   4.61600401E-06 -5.525813E+00  2.437513E+05  3.763785E-10  4.524387E-08  0.000000E+00  0.000000E+00  0.000000E+00  0.000000E+00  0.000000E+00  0.000000E+00
66   5.06125378E-06 -6.058388E+00  2.223103E+05  4.960997E-10  5.439123E-08  0.000000E+00  0.000000E+00  0.000000E+00  0.000000E+00  0.000000E+00  0.000000E+00
67   5.54939588E-06 -6.642129E+00  2.027578E+05  6.538736E-10  6.538638E-08  0.000000E+00  0.000000E+00  0.000000E+00  0.000000E+00  0.000000E+00  0.000000E+00
68   6.08455424E-06 -7.281913E+00  1.849257E+05  8.617818E-10  7.860183E-08  0.000000E+00  0.000000E+00  0.000000E+00  0.000000E+00  0.000000E+00  0.000000E+00
69   6.67124975E-06 -7.983070E+00  1.686650E+05  1.135736E-09  9.448525E-08  0.000000E+00  0.000000E+00  0.000000E+00  0.000000E+00  0.000000E+00  0.000000E+00
70   7.31443393E-06 -8.751422E+00  1.538369E+05  1.496689E-09  1.135745E-07  0.000000E+00  0.000000E+00  0.000000E+00  0.000000E+00  0.000000E+00  0.000000E+00
71   8.01953244E-06 -9.593321E+00  1.403136E+05  1.972226E-09  1.365154E-07  0.000000E+00  0.000000E+00  0.000000E+00  0.000000E+00  0.000000E+00  0.000000E+00
72   8.79249031E-06 -1.051570E+01  1.279804E+05  2.598659E-09  1.640830E-07  0.000000E+00  0.000000E+00  0.000000E+00  0.000000E+00  0.000000E+00  0.000000E+00
73   9.63982611E-06 -1.152611E+01  1.167341E+05  3.423778E-09  1.972082E-07  0.000000E+00  0.000000E+00  0.000000E+00  0.000000E+00  0.000000E+00  0.000000E+00
74   1.05686764E-05 -1.263277E+01  1.064782E+05  4.510459E-09  2.370087E-07  0.000000E+00  0.000000E+00  0.000000E+00  0.000000E+00  0.000000E+00  0.000000E+00
75   1.15868601E-05 -1.384462E+01  9.712481E+04  5.941405E-09  2.848252E-07  0.000000E+00  0.000000E+00  0.000000E+00  0.000000E+00  0.000000E+00  0.000000E+00
76   1.27029476E-05 -1.517134E+01  8.859548E+04  7.825360E-09  3.422660E-07  0.000000E+00  0.000000E+00  0.000000E+00  0.000000E+00  0.000000E+00  0.000000E+00
77   1.39263226E-05 -1.662342E+01  8.081734E+04  1.030525E-08  4.112609E-07  0.000000E+00  0.000000E+00  0.000000E+00  0.000000E+00  0.000000E+00  0.000000E+00
78   1.52672673E-05 -1.821219E+01  7.372444E+04  1.356884E-08  4.941223E-07  0.000000E+00  0.000000E+00  0.000000E+00  0.000000E+00  0.000000E+00  0.000000E+00
79   1.67370439E-05 -1.994983E+01  6.725668E+04  1.786264E-08  5.936221E-07  0.000000E+00  0.000000E+00  0.000000E+00  0.000000E+00  0.000000E+00  0.000000E+00
80   1.83479863E-05 -2.184940E+01  6.135910E+04  2.351013E-08  7.130799E-07  0.000000E+00  0.000000E+00  0.000000E+00  0.000000E+00  0.000000E+00  0.000000E+00
81   2.01136076E-05 -2.392483E+01  5.598212E+04  3.093538E-08  8.564689E-07  0.000000E+00  0.000000E+00  0.000000E+00  0.000000E+00  0.000000E+00  0.000000E+00
82   2.20487024E-05 -2.619086E+01  5.108026E+04  4.069383E-08  1.028543E-06  0.000000E+00  0.000000E+00  0.000000E+00  0.000000E+00  0.000000E+00  0.000000E+00
83   2.41694739E-05 -2.866298E+01  4.661220E+04  5.351221E-08  1.234982E-06  0.000000E+00  0.000000E+00  0.000000E+00  0.000000E+00  0.000000E+00  0.000000E+00
84   2.64936659E-05 -3.135730E+01  4.254061E+04  7.034002E-08  1.482568E-06  0.000000E+00  0.000000E+00  0.000000E+00  0.000000E+00  0.000000E+00  0.000000E+00
85   2.90407068E-05 -3.429031E+01  3.883169E+04  9.241589E-08  1.779391E-06  0.000000E+00  0.000000E+00  0.000000E+00  0.000000E+00  0.000000E+00  0.000000E+00
86   3.18318685E-05 -3.747857E+01  3.545486E+04  1.213525E-07  2.135082E-06  0.000000E+00  0.000000E+00  0.000000E+00  0.000000E+00  0.000000E+00  0.000000E+00
87   3.48904368E-05 -4.093824E+01  3.238266E+04  1.592445E-07  2.561094E-06  0.000000E+00  0.000000E+00  0.000000E+00  0.000000E+00  0.000000E+00  0.000000E+00
88   3.82419079E-05 -4.468443E+01  2.959073E+04  2.088052E-07  3.071021E-06  0.000000E+00  0.000000E+00  0.000000E+00  0.000000E+00  0.000000E+00  0.000000E+00
89   4.19141865E-05 -4.873026E+01  2.705757E+04  2.735373E-07  3.680960E-06  0.000000E+00  0.000000E+00  0.000000E+00  0.000000E+00  0.000000E+00  0.000000E+00
90   4.59378148E-05 -5.308560E+01  2.476460E+04  3.579438E-07  4.409924E-06  0.000000E+00  0.000000E+00  0.000000E+00  0.000000E+00  0.000000E+00  0.000000E+00
91   5.03462213E-05 -5.775540E+01  2.269626E+04  4.677845E-07  5.280307E-06  0.000000E+00  0.000000E+00  0.000000E+00  0.000000E+00  0.000000E+00  0.000000E+00
92   5.51759836E-05 -6.273729E+01  2.084010E+04  6.103812E-07  6.318401E-06  0.000000E+00  0.000000E+00  0.000000E+00  0.000000E+00  0.000000E+00  0.000000E+00
93   6.04671277E-05 -6.801853E+01  1.918729E+04  7.949701E-07  7.554961E-06  0.000000E+00  0.000000E+00  0.000000E+00  0.000000E+00  0.000000E+00  0.000000E+00
94   6.62634429E-05 -7.357182E+01  1.773304E+04  1.033090E-06  9.025821E-06  0.000000E+00  0.000000E+00  0.000000E+00  0.000000E+00  0.000000E+00  0.000000E+00
95   7.26128392E-05 -7.934976E+01  1.647733E+04  1.338984E-06  1.077257E-05  0.000000E+00  0.000000E+00  0.000000E+00  0.000000E+00  0.000000E+00  0.000000E+00
96   7.95677148E-05 -8.527757E+01  1.542596E+04  1.729952E-06  1.284332E-05  0.000000E+00  0.000000E+00  0.000000E+00  0.000000E+00  0.000000E+00  0.000000E+00
97   8.71853842E-05 -9.124358E+01  1.459167E+04  2.226582E-06  1.529352E-05  0.000000E+00  0.000000E+00  0.000000E+00  0.000000E+00  0.000000E+00  0.000000E+00
98   9.55285204E-05 -9.708727E+01  1.399438E+04  2.852689E-06  1.818711E-05  0.000000E+00  0.000000E+00  0.000000E+00  0.000000E+00  0.000000E+00  0.000000E+00
99   1.04665655E-04 -1.025856E+02  1.365492E+04  3.634736E-06  2.159810E-05  0.000000E+00  0.000000E+00  0.000000E+00  0.000000E+00  0.000000E+00  0.000000E+00
100  1.14671712E-04 -1.074430E+02  1.354193E+04  4.600459E-06  2.561226E-05  0.000000E+00  0.000000E+00  0.000000E+00  0.000000E+00  0.000000E+00  0.000000E+00
101  1.25628590E-04 -1.113070E+02  1.339654E+04  5.776316E-06  3.032603E-05  0.000000E+00  0.000000E+00  0.000000E+00  0.000000E+00  0.000000E+00  0.000000E+00
102  1.37625807E-04 -1.138786E+02  1.272298E+04  7.184261E-06  3.585614E-05  0.000000E+00  0.000000E+00  0.000000E+00  0.000000E+00  0.000000E+00  0.000000E+00
103  1.50761180E-04 -1.151773E+02  1.137225E+04  8.843183E-06  4.236299E-05  0.000000E+00  0.000000E+00  0.000000E+00  0.000000E+00  0.000000E+00  0.000000E+00
104  1.65141592E-04 -1.156477E+02  9.870792E+03  1.077947E-05  5.002413E-05  0.000000E+00  0.000000E+00  0.000000E+00  0.000000E+00  0.000000E+00  0.000000E+00
105  1.80883801E-04 -1.157687E+02  8.701710E+03  1.303423E-05  5.902035E-05  0.000000E+00  0.000000E+00  0.000000E+00  0.000000E+00  0.000000E+00  0.000000E+00
106  1.98115335E-04 -1.157822E+02  7.833370E+03  1.566497E-05  6.958830E-05  0.000000E+00  0.000000E+00  0.000000E+00  0.000000E+00  0.000000E+00  0.000000E+00
107  2.16975458E-04 -1.157678E+02  7.102413E+03  1.874565E-05  8.202056E-05  0.000000E+00  0.000000E+00  0.000000E+00  0.000000E+00  0.000000E+00  0.000000E+00
108  2.37616224E-04 -1.157461E+02  6.446284E+03  2.236576E-05  9.664542E-05  0.000000E+00  0.000000E+00  0.000000E+00  0.000000E+00  0.000000E+00  0.000000E+00
109  2.60203615E-04 -1.157212E+02  5.849356E+03  2.663148E-05  1.138433E-04  0.000000E+00  0.000000E+00  0.000000E+00  0.000000E+00  0.000000E+00  0.000000E+00
110  2.84918778E-04 -1.156938E+02  5.305208E+03  3.166867E-05  1.340613E-04  0.000000E+00  0.000000E+00  0.000000E+00  0.000000E+00  0.000000E+00  0.000000E+00
111  3.11959367E-04 -1.156636E+02  4.809137E+03  3.762681E-05  1.578232E-04  0.000000E+00  0.000000E+00  0.000000E+00  0.000000E+00  0.000000E+00  0.000000E+00
112  3.41541004E-04 -1.156306E+02  4.356965E+03  4.468384E-05  1.857421E-04  0.000000E+00  0.000000E+00  0.000000E+00  0.000000E+00  0.000000E+00  0.000000E+00
113  3.73898850E-04 -1.155944E+02  3.944878E+03  5.305194E-05  2.185342E-04  0.000000E+00  0.000000E+00  0.000000E+00  0.000000E+00  0.000000E+00  0.000000E+00
114  4.09289310E-04 -1.155548E+02  3.569394E+03  6.298451E-05  2.570361E-04  0.000000E+00  0.000000E+00  0.000000E+00  0.000000E+00  0.000000E+00  0.000000E+00
115  4.47991890E-04 -1.155114E+02  3.227337E+03  7.478453E-05  3.022238E-04  0.000000E+00  0.000000E+00  0.000000E+00  0.000000E+00  0.000000E+00  0.000000E+00
116  4.90311182E-04 -1.154639E+02  2.915807E+03  8.881484E-05  3.552351E-04  0.000000E+00  0.000000E+00  0.000000E+00  0.000000E+00  0.000000E+00  0.000000E+00
117  5.36579038E-04 -1.154120E+02  2.632161E+03  1.055104E-04  4.173952E-04  0.000000E+00  0.000000E+00  0.000000E+00  0.000000E+00  0.000000E+00  0.000000E+00
118  5.87156887E-04 -1.153553E+02  2.373987E+03  1.253930E-04  4.902460E-04  0.000000E+00  0.000000E+00  0.000000E+00  0.000000E+00  0.000000E+00  0.000000E+00
119  6.42438263E-04 -1.152933E+02  2.139083E+03  1.490901E-04  5.755794E-04  0.000000E+00  0.000000E+00  0.000000E+00  0.000000E+00  0.000000E+00  0.000000E+00
120  7.02851522E-04 -1.152257E+02  1.925438E+03  1.773557E-04  6.754753E-04  0.000000E+00  0.000000E+00  0.000000E+00  0.000000E+00  0.000000E+00  0.000000E+00
121  7.68862755E-04 -1.151520E+02  1.731218E+03  2.110982E-04  7.923449E-04  0.000000E+00  0.000000E+00  0.000000E+00  0.000000E+00  0.000000E+00  0.000000E+00
122  8.40978953E-04 -1.150716E+02  1.554744E+03  2.514121E-04  9.289795E-04  0.000000E+00  0.000000E+00  0.000000E+00  0.000000E+00  0.000000E+00  0.000000E+00
123  9.19751392E-04 -1.149840E+02  1.394482E+03  2.996178E-04  1.088605E-03  0.000000E+00  0.000000E+00  0.000000E+00  0.000000E+00  0.000000E+00  0.000000E+00
124  1.00577928E-03 -1.148888E+02  1.249031E+03  3.573096E-04  1.274944E-03  0.000000E+00  0.000000E+00  0.000000E+00  0.000000E+00  0.000000E+00  0.000000E+00
125  1.09971366E-03 -1.147852E+02  1.117107E+03  4.264142E-04  1.492283E-03  0.000000E+00  0.000000E+00  0.000000E+00  0.000000E+00  0.000000E+00  0.000000E+00
126  1.20226164E-03 -1.146727E+02  9.975344E+02  5.092616E-04  1.745551E-03  0.000000E+00  0.000000E+00  0.000000E+00  0.000000E+00  0.000000E+00  0.000000E+00
127  1.31419087E-03 -1.145505E+02  8.892365E+02  6.086712E-04  2.040399E-03  0.000000E+00  0.000000E+00  0.000000E+00  0.000000E+00  0.000000E+00  0.000000E+00
128  1.43633437E-03 -1.144181E+02  7.912259E+02  7.280573E-04  2.383296E-03  0.000000E+00  0.000000E+00  0.000000E+00  0.000000E+00  0.000000E+00  0.000000E+00
129  1.56959571E-03 -1.142746E+02  7.025971E+02  8.715551E-04  2.781621E-03  0.000000E+00  0.000000E+00  0.000000E+00  0.000000E+00  0.000000E+00  0.000000E+00
130  1.71495450E-03 -1.141193E+02  6.225186E+02  1.044175E-03  3.243776E-03  0.000000E+00  0.000000E+00  0.000000E+00  0.000000E+00  0.000000E+00  0.000000E+00
131  1.87347229E-03 -1.139515E+02  5.502274E+02  1.251991E-03  3.779287E-03  0.000000E+00  0.000000E+00  0.000000E+00  0.000000E+00  0.000000E+00  0.000000E+00
132  2.04629882E-03 -1.137702E+02  4.850226E+02  1.502358E-03  4.398930E-03  0.000000E+00  0.000000E+00  0.000000E+00  0.000000E+00  0.000000E+00  0.000000E+00
133  2.23467875E-03 -1.135746E+02  4.262604E+02  1.804192E-03  5.114835E-03  0.000000E+00  0.000000E+00  0.000000E+00  0.000000E+00  0.000000E+00  0.000000E+00
134  2.43995873E-03 -1.133640E+02  3.733498E+02  2.168286E-03  5.940608E-03  0.000000E+00  0.000000E+00  0.000000E+00  0.000000E+00  0.000000E+00  0.000000E+00
135  2.66359491E-03 -1.131372E+02  3.257481E+02  2.607700E-03  6.891437E-03  0.000000E+00  0.000000E+00  0.000000E+00  0.000000E+00  0.000000E+00  0.000000E+00
136  2.90716100E-03 -1.128935E+02  2.829577E+02  3.138220E-03  7.984181E-03  0.000000E+00  0.000000E+00  0.000000E+00  0.000000E+00  0.000000E+00  0.000000E+00
137  3.17235672E-03 -1.126318E+02  2.445224E+02  3.778910E-03  9.237450E-03  0.000000E+00  0.000000E+00  0.000000E+00  0.000000E+00  0.000000E+00  0.000000E+00
138  3.46101671E-03 -1.123511E+02  2.100244E+02  4.552743E-03  1.067164E-02  0.000000E+00  0.000000E+00  0.000000E+00  0.000000E+00  0.000000E+00  0.000000E+00
139  3.77512001E-03 -1.120504E+02  1.790820E+02  5.487366E-03  1.230896E-02  0.000000E+00  0.000000E+00  0.000000E+00  0.000000E+00  0.000000E+00  0.000000E+00
140  4.11680000E-03 -1.117286E+02  1.513467E+02  6.615961E-03  1.417331E-02  0.000000E+00  0.000000E+00  0.000000E+00  0.000000E+00  0.000000E+00  0.000000E+00
141  4.48835488E-03 -1.113845E+02  1.265008E+02  7.978257E-03  1.629025E-02  0.000000E+00  0.000000E+00  0.000000E+00  0.000000E+00  0.000000E+00  0.000000E+00
142  4.89225861E-03 -1.110171E+02  1.042554E+02  9.621671E-03  1.868669E-02  0.000000E+00  0.000000E+00  0.000000E+00  0.000000E+00  0.000000E+00  0.000000E+00
143  5.33117245E-03 -1.106250E+02  8.434870E+01  1.160259E-02  2.139058E-02  0.000000E+00  0.000000E+00  0.000000E+00  0.000000E+00  0.000000E+00  0.000000E+00
144  5.80795699E-03 -1.102070E+02  6.654318E+01  1.398779E-02  2.443047E-02  0.000000E+00  0.000000E+00  0.000000E+00  0.000000E+00  0.000000E+00  0.000000E+00
145  6.32568467E-03 -1.097616E+02  5.062442E+01  1.685598E-02  2.783478E-02  0.000000E+00  0.000000E+00  0.000000E+00  0.000000E+00  0.000000E+00  0.000000E+00
146  6.88765288E-03 -1.092874E+02  3.639914E+01  2.029944E-02  3.163103E-02  0.000000E+00  0.000000E+00  0.000000E+00  0.000000E+00  0.000000E+00  0.000000E+00
147  7.49739749E-03 -1.087829E+02  2.369346E+01  2.442571E-02  3.584473E-02  0.000000E+00  0.000000E+00  0.000000E+00  0.000000E+00  0.000000E+00  0.000000E+00
148  8.15870693E-03 -1.082465E+02  1.235139E+01  2.935918E-02  4.049808E-02  0.000000E+00  0.000000E+00  0.000000E+00  0.000000E+00  0.000000E+00  0.000000E+00
149  8.87563669E-03 -1.076766E+02  2.233157E+00  3.524264E-02  4.560837E-02  0.000000E+00  0.000000E+00  0.000000E+00  0.000000E+00  0.000000E+00  0.000000E+00
150  9.65252433E-03 -1.070713E+02 -6.786115E+00  4.223846E-02  5.118613E-02  0.000000E+00  0.000000E+00  0.000000E+00  0.000000E+00  0.000000E+00  0.000000E+00
151  1.04940048E-02 -1.064291E+02 -1.481778E+01  5.052935E-02  5.723296E-02  0.000000E+00  0.000000E+00  0.000000E+00  0.000000E+00  0.000000E+00  0.000000E+00
152  1.14050262E-02 -1.057482E+02 -2.196111E+01  6.031829E-02  6.373912E-02  0.000000E+00  0.000000E+00  0.000000E+00  0.000000E+00  0.000000E+00  0.000000E+00
153  1.23908660E-02 -1.050269E+02 -2.830441E+01  7.182752E-02  7.068089E-02  0.000000E+00  0.000000E+00  0.000000E+00  0.000000E+00  0.000000E+00  0.000000E+00
154  1.34571472E-02 -1.042635E+02 -3.392621E+01  8.529603E-02  7.801773E-02  0.000000E+00  0.000000E+00  0.000000E+00  0.000000E+00  0.000000E+00  0.000000E+00
155  1.46098552E-02 -1.034563E+02 -3.889636E+01  1.009753E-01  8.568948E-02  0.000000E+00  0.000000E+00  0.000000E+00  0.000000E+00  0.000000E+00  0.000000E+00
156  1.58553544E-02 -1.026037E+02 -4.327696E+01  1.191225E-01  9.361348E-02  0.000000E+00  0.000000E+00  0.000000E+00  0.000000E+00  0.000000E+00  0.000000E+00
157  1.72004052E-02 -1.017042E+02 -4.712325E+01  1.399911E-01  1.016821E-01  0.000000E+00  0.000000E+00  0.000000E+00  0.000000E+00  0.000000E+00  0.000000E+00
158  1.86521811E-02 -1.007564E+02 -5.048434E+01  1.638182E-01  1.097607E-01  0.000000E+00  0.000000E+00  0.000000E+00  0.000000E+00  0.000000E+00  0.000000E+00
159  2.02182853E-02 -9.975920E+01 -5.340397E+01  1.908073E-01  1.176863E-01  0.000000E+00  0.000000E+00  0.000000E+00  0.000000E+00  0.000000E+00  0.000000E+00
160  2.19067678E-02 -9.871161E+01 -5.592110E+01  2.211080E-01  1.252673E-01  0.000000E+00  0.000000E+00  0.000000E+00  0.000000E+00  0.000000E+00  0.000000E+00
161  2.37261419E-02 -9.761300E+01 -5.807059E+01  2.547903E-01  1.322847E-01  0.000000E+00  0.000000E+00  0.000000E+00  0.000000E+00  0.000000E+00  0.000000E+00
162  2.56854005E-02 -9.646293E+01 -5.988356E+01  2.918154E-01  1.384949E-01  0.000000E+00  0.000000E+00  0.000000E+00  0.000000E+00  0.000000E+00  0.000000E+00
163  2.77940320E-02 -9.526111E+01 -6.138792E+01  3.320024E-01  1.436343E-01  0.000000E+00  0.000000E+00  0.000000E+00  0.000000E+00  0.000000E+00  0.000000E+00
164  3.00620361E-02 -9.400730E+01 -6.260858E+01  3.749924E-01  1.474270E-01  0.000000E+00  0.000000E+00  0.000000E+00  0.000000E+00  0.000000E+00  0.000000E+00
165  3.24999381E-02 -9.270124E+01 -6.356776E+01  4.202120E-01  1.495936E-01  0.000000E+00  0.000000E+00  0.000000E+00  0.000000E+00  0.000000E+00  0.000000E+00
166  3.51188035E-02 -9.134257E+01 -6.428527E+01  4.668375E-01  1.498639E-01  0.000000E+00  0.000000E+00  0.000000E+00  0.000000E+00  0.000000E+00  0.000000E+00
167  3.79302511E-02 -8.993081E+01 -6.477869E+01  5.137653E-01  1.479910E-01  0.000000E+00  0.000000E+00  0.000000E+00  0.000000E+00  0.000000E+00  0.000000E+00
168  4.09464661E-02 -8.846565E+01 -6.506385E+01  5.595902E-01  1.437676E-01  0.000000E+00  0.000000E+00  0.000000E+00  0.000000E+00  0.000000E+00  0.000000E+00
169  4.41802107E-02 -8.694681E+01 -6.515493E+01  6.025978E-01  1.370433E-01  0.000000E+00  0.000000E+00  0.000000E+00  0.000000E+00  0.000000E+00  0.000000E+00
170  4.76448354E-02 -8.537450E+01 -6.506509E+01  6.407763E-01  1.277421E-01  0.000000E+00  0.000000E+00  0.000000E+00  0.000000E+00  0.000000E+00  0.000000E+00
171  5.13542879E-02 -8.374934E+01 -6.480651E+01  6.718508E-01  1.158785E-01  0.000000E+00  0.000000E+00  0.000000E+00  0.000000E+00  0.000000E+00  0.000000E+00
172  5.53231208E-02 -8.207245E+01 -6.439075E+01  6.933468E-01  1.015718E-01  0.000000E+00  0.000000E+00  0.000000E+00  0.000000E+00  0.000000E+00  0.000000E+00
173  5.95664991E-02 -8.034551E+01 -6.382896E+01  7.026862E-01  8.505562E-02  0.000000E+00  0.000000E+00  0.000000E+00  0.000000E+00  0.000000E+00  0.000000E+00
174  6.41002043E-02 -7.857095E+01 -6.313208E+01  6.973132E-01  6.668070E-02  0.000000E+00  0.000000E+00  0.000000E+00  0.000000E+00  0.000000E+00  0.000000E+00
175  6.89406392E-02 -7.675227E+01 -6.231124E+01  6.748527E-01  4.691286E-02  0.000000E+00  0.000000E+00  0.000000E+00  0.000000E+00  0.000000E+00  0.000000E+00
176  7.41048294E-02 -7.489371E+01 -6.137753E+01  6.332942E-01  2.632132E-02  0.000000E+00  0.000000E+00  0.000000E+00  0.000000E+00  0.000000E+00  0.000000E+00
177  7.96104241E-02 -7.300057E+01 -6.034240E+01  5.711918E-01  5.559391E-03  0.000000E+00  0.000000E+00  0.000000E+00  0.000000E+00  0.000000E+00  0.000000E+00
178  8.54756952E-02 -7.107818E+01 -5.921670E+01  4.878684E-01 -1.466274E-02  0.000000E+00  0.000000E+00  0.000000E+00  0.000000E+00  0.000000E+00  0.000000E+00
179  9.17195341E-02 -6.913167E+01 -5.801056E+01  3.836082E-01 -3.361173E-02  0.000000E+00  0.000000E+00  0.000000E+00  0.000000E+00  0.000000E+00  0.000000E+00
180  9.83614479E-02 -6.716526E+01 -5.673273E+01  2.598197E-01 -5.056992E-02  0.000000E+00  0.000000E+00  0.000000E+00  0.000000E+00  0.000000E+00  0.000000E+00
181  1.05421553E-01 -6.518198E+01 -5.539038E+01  1.191480E-01 -6.487688E-02  0.000000E+00  0.000000E+00  0.000000E+00  0.000000E+00  0.000000E+00  0.000000E+00
182  1.12920567E-01 -6.318402E+01 -5.398945E+01 -3.448103E-02 -7.597107E-02  0.000000E+00  0.000000E+00  0.000000E+00  0.000000E+00  0.000000E+00  0.000000E+00
183  1.20879800E-01 -6.117320E+01 -5.253518E+01 -1.959048E-01 -8.342838E-02  0.000000E+00  0.000000E+00  0.000000E+00  0.000000E+00  0.000000E+00  0.000000E+00
184  1.29321144E-01 -5.915158E+01 -5.103273E+01 -3.588661E-01 -8.699396E-02  0.000000E+00  0.000000E+00  0.000000E+00  0.000000E+00  0.000000E+00  0.000000E+00
185  1.38267056E-01 -5.712220E+01 -4.948791E+01 -5.162595E-01 -8.660381E-02  0.000000E+00  0.000000E+00  0.000000E+00  0.000000E+00  0.000000E+00  0.000000E+00
186  1.47740552E-01 -5.508888E+01 -4.790714E+01 -6.604735E-01 -8.239345E-02  0.000000E+00  0.000000E+00  0.000000E+00  0.000000E+00  0.000000E+00  0.000000E+00
187  1.57765184E-01 -5.305645E+01 -4.629760E+01 -7.838137E-01 -7.469209E-02  0.000000E+00  0.000000E+00  0.000000E+00  0.000000E+00  0.000000E+00  0.000000E+00
188  1.68365024E-01 -5.103140E+01 -4.466800E+01 -8.789761E-01 -6.400210E-02  0.000000E+00  0.000000E+00  0.000000E+00  0.000000E+00  0.000000E+00  0.000000E+00
189  1.79564649E-01 -4.902105E+01 -4.302762E+01 -9.395357E-01 -5.096547E-02  0.000000E+00  0.000000E+00  0.000000E+00  0.000000E+00  0.000000E+00  0.000000E+00
190  1.91389120E-01 -4.703493E+01 -4.138780E+01 -9.604079E-01 -3.631988E-02  0.000000E+00  0.000000E+00  0.000000E+00  0.000000E+00  0.000000E+00  0.000000E+00
191  2.03863960E-01 -4.508216E+01 -3.975930E+01 -9.382412E-01 -2.084912E-02  0.000000E+00  0.000000E+00  0.000000E+00  0.000000E+00  0.000000E+00  0.000000E+00
192  2.17015131E-01 -4.317131E+01 -3.815216E+01 -8.717063E-01 -5.333074E-03  0.000000E+00  0.000000E+00  0.000000E+00  0.000000E+00  0.000000E+00  0.000000E+00
193  2.30869016E-01 -4.130852E+01 -3.657392E+01 -7.616578E-01  9.498810E-03  0.000000E+00  0.000000E+00  0.000000E+00  0.000000E+00  0.000000E+00  0.000000E+00
194  2.45452392E-01 -3.949684E+01 -3.502889E+01 -6.111548E-01  2.300677E-02  0.000000E+00  0.000000E+00  0.000000E+00  0.000000E+00  0.000000E+00  0.000000E+00
195  2.60792404E-01 -3.773584E+01 -3.351782E+01 -4.253382E-01  3.467126E-02  0.000000E+00  0.000000E+00  0.000000E+00  0.000000E+00  0.000000E+00  0.000000E+00
196  2.76916547E-01 -3.602328E+01 -3.203958E+01 -2.111709E-01  4.411404E-02  0.000000E+00  0.000000E+00  0.000000E+00  0.000000E+00  0.000000E+00  0.000000E+00
197  2.93852632E-01 -3.435480E+01 -3.059082E+01  2.294637E-02  5.110933E-02  0.000000E+00  0.000000E+00  0.000000E+00  0.000000E+00  0.000000E+00  0.000000E+00
198  3.11628767E-01 -3.272708E+01 -2.916918E+01  2.676598E-01  5.558469E-02  0.000000E+00  0.000000E+00  0.000000E+00  0.000000E+00  0.000000E+00  0.000000E+00
199  3.30273328E-01 -3.113717E+01 -2.777260E+01  5.132142E-01  5.761200E-02  0.000000E+00  0.000000E+00  0.000000E+00  0.000000E+00  0.000000E+00  0.000000E+00
200  3.49814935E-01 -2.958347E+01 -2.640028E+01  7.500307E-01  5.738887E-02  0.000000E+00  0.000000E+00  0.000000E+00  0.000000E+00  0.000000E+00  0.000000E+00
201  3.70282422E-01 -2.806528E+01 -2.505233E+01  9.692630E-01  5.521284E-02  0.000000E+00  0.000000E+00  0.000000E+00  0.000000E+00  0.000000E+00  0.000000E+00
202  3.91704817E-01 -2.658284E+01 -2.372971E+01  1.163287E+00  5.145080E-02  0.000000E+00  0.000000E+00  0.000000E+00  0.000000E+00  0.000000E+00  0.000000E+00
203  4.14111309E-01 -2.513764E+01 -2.243460E+01  1.326088E+00  4.650652E-02  0.000000E+00  0.000000E+00  0.000000E+00  0.000000E+00  0.000000E+00  0.000000E+00
204  4.37531230E-01 -2.373222E+01 -2.117020E+01  1.453508E+00  4.078916E-02  0.000000E+00  0.000000E+00  0.000000E+00  0.000000E+00  0.000000E+00  0.000000E+00
205  4.61994022E-01 -2.237089E+01 -1.994140E+01  1.543358E+00  3.468521E-02  0.000000E+00  0.000000E+00  0.000000E+00  0.000000E+00  0.000000E+00  0.000000E+00
206  4.87529220E-01 -2.105803E+01 -1.875312E+01  1.595362E+00  2.853616E-02  0.000000E+00  0.000000E+00  0.000000E+00  0.000000E+00  0.000000E+00  0.000000E+00
207  5.14166421E-01 -1.979806E+01 -1.761031E+01  1.610988E+00  2.262366E-02  0.000000E+00  0.000000E+00  0.000000E+00  0.000000E+00  0.000000E+00  0.000000E+00
208  5.41935264E-01 -1.859445E+01 -1.651691E+01  1.593168E+00  1.716213E-02  0.000000E+00  0.000000E+00  0.000000E+00  0.000000E+00  0.000000E+00  0.000000E+00
209  5.70865405E-01 -1.744938E+01 -1.547555E+01  1.545956E+00  1.229836E-02  0.000000E+00  0.000000E+00  0.000000E+00  0.000000E+00  0.000000E+00  0.000000E+00
210  6.00986498E-01 -1.636355E+01 -1.448735E+01  1.474160E+00  8.116462E-03  0.000000E+00  0.000000E+00  0.000000E+00  0.000000E+00  0.000000E+00  0.000000E+00
211  6.32328168E-01 -1.533664E+01 -1.355236E+01  1.382983E+00  4.646418E-03  0.000000E+00  0.000000E+00  0.000000E+00  0.000000E+00  0.000000E+00  0.000000E+00
212  6.64919993E-01 -1.436712E+01 -1.266943E+01  1.277696E+00  1.874542E-03  0.000000E+00  0.000000E+00  0.000000E+00  0.000000E+00  0.000000E+00  0.000000E+00
213  6.98791485E-01 -1.345285E+01 -1.183674E+01  1.163362E+00 -2.454636E-04  0.000000E+00  0.000000E+00  0.000000E+00  0.000000E+00  0.000000E+00  0.000000E+00
214  7.33972067E-01 -1.259145E+01 -1.105225E+01  1.044619E+00 -1.782049E-03  0.000000E+00  0.000000E+00  0.000000E+00  0.000000E+00  0.000000E+00  0.000000E+00
215  7.70491060E-01 -1.178016E+01 -1.031347E+01  9.255259E-01 -2.816451E-03  0.000000E+00  0.000000E+00  0.000000E+00  0.000000E+00  0.000000E+00  0.000000E+00
216  8.08377657E-01 -1.101633E+01 -9.618044E+00  8.094722E-01 -3.434825E-03  0.000000E+00  0.000000E+00  0.000000E+00  0.000000E+00  0.000000E+00  0.000000E+00
217  8.47660917E-01 -1.029740E+01 -8.963659E+00  6.991369E-01 -3.722116E-03  0.000000E+00  0.000000E+00  0.000000E+00  0.000000E+00  0.000000E+00  0.000000E+00
218  8.88369739E-01 -9.620966E+00 -8.348160E+00  5.964976E-01 -3.757550E-03  0.000000E+00  0.000000E+00  0.000000E+00  0.000000E+00  0.000000E+00  0.000000E+00
219  9.30532853E-01 -8.984822E+00 -7.769562E+00  5.028752E-01 -3.611659E-03  0.000000E+00  0.000000E+00  0.000000E+00  0.000000E+00  0.000000E+00  0.000000E+00
220  9.74178804E-01 -8.386946E+00 -7.226054E+00  4.190042E-01 -3.344639E-03  0.000000E+00  0.000000E+00  0.000000E+00  0.000000E+00  0.000000E+00  0.000000E+00
221  1.01933594E+00 -7.825496E+00 -6.715994E+00  3.451202E-01 -3.005779E-03  0.000000E+00  0.000000E+00  0.000000E+00  0.000000E+00  0.000000E+00  0.000000E+00
222  1.06603240E+00 -7.298782E+00 -6.237873E+00  2.810547E-01 -2.633733E-03  0.000000E+00  0.000000E+00  0.000000E+00  0.000000E+00  0.000000E+00  0.000000E+00
223  1.11429609E+00 -6.805223E+00 -5.790285E+00  2.263310E-01 -2.257367E-03  0.000000E+00  0.000000E+00  0.000000E+00  0.000000E+00  0.000000E+00  0.000000E+00
224  1.16415470E+00 -6.343349E+00 -5.371919E+00  1.802539E-01 -1.896978E-03  0.000000E+00  0.000000E+00  0.000000E+00  0.000000E+00  0.000000E+00  0.000000E+00
225  1.21563567E+00 -5.911698E+00 -4.981464E+00  1.419904E-01 -1.565691E-03  0.000000E+00  0.000000E+00  0.000000E+00  0.000000E+00  0.000000E+00  0.000000E+00
226  1.26876619E+00 -5.508865E+00 -4.617656E+00  1.106384E-01 -1.270892E-03  0.000000E+00  0.000000E+00  0.000000E+00  0.000000E+00  0.000000E+00  0.000000E+00
227  1.32357318E+00 -5.133432E+00 -4.279208E+00  8.528199E-02 -1.015590E-03  0.000000E+00  0.000000E+00  0.000000E+00  0.000000E+00  0.000000E+00  0.000000E+00
228  1.38008330E+00 -4.783986E+00 -3.964828E+00  6.503369E-02 -7.996308E-04  0.000000E+00  0.000000E+00  0.000000E+00  0.000000E+00  0.000000E+00  0.000000E+00
229  1.43832295E+00 -4.459107E+00 -3.673213E+00  4.906465E-02 -6.207342E-04  0.000000E+00  0.000000E+00  0.000000E+00  0.000000E+00  0.000000E+00  0.000000E+00
230  1.49831823E+00 -4.157376E+00 -3.403049E+00  3.662369E-02 -4.753306E-04  0.000000E+00  0.000000E+00  0.000000E+00  0.000000E+00  0.000000E+00  0.000000E+00
231  1.56009495E+00 -3.877383E+00 -3.153027E+00  2.704751E-02 -3.592075E-04  0.000000E+00  0.000000E+00  0.000000E+00  0.000000E+00  0.000000E+00  0.000000E+00
232  1.62367866E+00 -3.617734E+00 -2.921847E+00  1.976369E-02 -2.679821E-04  0.000000E+00  0.000000E+00  0.000000E+00  0.000000E+00  0.000000E+00  0.000000E+00
233  1.68909458E+00 -3.377064E+00 -2.708231E+00  1.428840E-02 -1.974237E-04  0.000000E+00  0.000000E+00  0.000000E+00  0.000000E+00  0.000000E+00  0.000000E+00
234  1.75636764E+00 -3.154048E+00 -2.510937E+00  1.022044E-02 -1.436565E-04  0.000000E+00  0.000000E+00  0.000000E+00  0.000000E+00  0.000000E+00  0.000000E+00
235  1.82552249E+00 -2.947411E+00 -2.328765E+00  7.232973E-03 -1.032674E-04  0.000000E+00  0.000000E+00  0.000000E+00  0.000000E+00  0.000000E+00  0.000000E+00
236  1.89658346E+00 -2.755934E+00 -2.160569E+00  5.064231E-03 -7.334602E-05  0.000000E+00  0.000000E+00  0.000000E+00  0.000000E+00  0.000000E+00  0.000000E+00
237  1.96957456E+00 -2.578464E+00 -2.005263E+00  3.507876E-03 -5.147715E-05  0.000000E+00  0.000000E+00  0.000000E+00  0.000000E+00  0.000000E+00  0.000000E+00
238  2.04451951E+00 -2.413916E+00 -1.861826E+00  2.403759E-03 -3.570380E-05  0.000000E+00  0.000000E+00  0.000000E+00  0.000000E+00  0.000000E+00  0.000000E+00
239  2.12144173E+00 -2.261281E+00 -1.729305E+00  1.629420E-03 -2.447393E-05  0.000000E+00  0.000000E+00  0.000000E+00  0.000000E+00  0.000000E+00  0.000000E+00
240  2.20036430E+00 -2.119620E+00 -1.606820E+00  1.092566E-03 -1.658063E-05  0.000000E+00  0.000000E+00  0.000000E+00  0.000000E+00  0.000000E+00  0.000000E+00
241  2.28131002E+00 -1.988073E+00 -1.493560E+00  7.246197E-04 -1.110240E-05  0.000000E+00  0.000000E+00  0.000000E+00  0.000000E+00  0.000000E+00  0.000000E+00
242  2.36430136E+00 -1.865848E+00 -1.388782E+00  4.753293E-04 -7.347772E-06  0.000000E+00  0.000000E+00  0.000000E+00  0.000000E+00  0.000000E+00  0.000000E+00
243  2.44936050E+00 -1.752225E+00 -1.291813E+00  3.083715E-04 -4.806344E-06  0.000000E+00  0.000000E+00  0.000000E+00  0.000000E+00  0.000000E+00  0.000000E+00
244  2.53650928E+00 -1.646550E+00 -1.202044E+00  1.978444E-04 -3.107303E-06  0.000000E+00  0.000000E+00  0.000000E+00  0.000000E+00  0.000000E+00  0.000000E+00
245  2.62576927E+00 -1.551173E+00 -1.121862E+00  1.255226E-04 -1.985408E-06  0.000000E+00  0.000000E+00  0.000000E+00  0.000000E+00  0.000000E+00  0.000000E+00
246  2.71716170E+00 -1.468078E+00 -1.053286E+00  7.874993E-05 -1.253756E-06  0.000000E+00  0.000000E+00  0.000000E+00  0.000000E+00  0.000000E+00  0.000000E+00
247  2.81070752E+00 -1.395983E+00 -9.950726E-01  4.885257E-05 -7.824890E-07  0.000000E+00  0.000000E+00  0.000000E+00  0.000000E+00  0.000000E+00  0.000000E+00
248  2.90642737E+00 -1.333692E+00 -9.460598E-01  2.996469E-05 -4.826626E-07  0.000000E+00  0.000000E+00  0.000000E+00  0.000000E+00  0.000000E+00  0.000000E+00
249  3.00434158E+00 -1.280099E+00 -9.051720E-01  1.817150E-05 -2.942397E-07  0.000000E+00  0.000000E+00  0.000000E+00  0.000000E+00  0.000000E+00  0.000000E+00
250  3.10447019E+00 -1.234185E+00 -8.714193E-01  1.089437E-05 -1.772714E-07  0.000000E+00  0.000000E+00  0.000000E+00  0.000000E+00  0.000000E+00  0.000000E+00
251  3.20683294E+00 -1.195016E+00 -8.438972E-01  6.456737E-06 -1.055455E-07  0.000000E+00  0.000000E+00  0.000000E+00  0.000000E+00  0.000000E+00  0.000000E+00
252  3.31144928E+00 -1.161745E+00 -8.217842E-01  3.782612E-06 -6.209898E-08  0.000000E+00  0.000000E+00  0.000000E+00  0.000000E+00  0.000000E+00  0.000000E+00
253  3.41833837E+00 -1.133607E+00 -8.043387E-01  2.190307E-06 -3.610355E-08  0.000000E+00  0.000000E+00  0.000000E+00  0.000000E+00  0.000000E+00  0.000000E+00
254  3.52751907E+00 -1.109912E+00 -7.908959E-01  1.253481E-06 -2.074009E-08  0.000000E+00  0.000000E+00  0.000000E+00  0.000000E+00  0.000000E+00  0.000000E+00
255  3.63900997E+00 -1.090047E+00 -7.808632E-01  7.089161E-07 -1.177171E-08  0.000000E+00  0.000000E+00  0.000000E+00  0.000000E+00  0.000000E+00  0.000000E+00
256  3.75282937E+00 -1.073465E+00 -7.737157E-01  3.961868E-07 -6.600953E-09  0.000000E+00  0.000000E+00  0.000000E+00  0.000000E+00  0.000000E+00  0.000000E+00
257  3.86899530E+00 -1.059686E+00 -7.689913E-01  2.187744E-07 -3.656635E-09  0.000000E+00  0.000000E+00  0.000000E+00  0.000000E+00  0.000000E+00  0.000000E+00
258  3.98752549E+00 -1.048287E+00 -7.662858E-01  1.193568E-07 -2.000932E-09  0.000000E+00  0.000000E+00  0.000000E+00  0.000000E+00  0.000000E+00  0.000000E+00
259  4.10843743E+00 -1.038899E+00 -7.652480E-01  6.433018E-08 -1.081498E-09  0.000000E+00  0.000000E+00  0.000000E+00  0.000000E+00  0.000000E+00  0.000000E+00
260  4.23174832E+00 -1.031202E+00 -7.655742E-01  3.425008E-08 -5.773356E-10  0.000000E+00  0.000000E+00  0.000000E+00  0.000000E+00  0.000000E+00  0.000000E+00
261  4.35747511E+00 -1.024920E+00 -7.670041E-01  1.801151E-08 -3.043727E-10  0.000000E+00  0.000000E+00  0.000000E+00  0.000000E+00  0.000000E+00  0.000000E+00
262  4.48563447E+00 -1.019817E+00 -7.693154E-01  9.354977E-09 -1.584613E-10  0.000000E+00  0.000000E+00  0.000000E+00  0.000000E+00  0.000000E+00  0.000000E+00
263  4.61624283E+00 -1.015690E+00 -7.723200E-01  4.798464E-09 -8.146025E-11  0.000000E+00  0.000000E+00  0.000000E+00  0.000000E+00  0.000000E+00  0.000000E+00
264  4.74931635E+00 -1.012367E+00 -7.758596E-01  2.430477E-09 -4.134648E-11  0.000000E+00  0.000000E+00  0.000000E+00  0.000000E+00  0.000000E+00  0.000000E+00
265  4.88487095E+00 -1.009705E+00 -7.798020E-01  1.215552E-09 -2.071888E-11  0.000000E+00  0.000000E+00  0.000000E+00  0.000000E+00  0.000000E+00  0.000000E+00
266  5.02292230E+00 -1.007582E+00 -7.840378E-01  6.002220E-10 -1.024929E-11  0.000000E+00  0.000000E+00  0.000000E+00  0.000000E+00  0.000000E+00  0.000000E+00
267  5.16348583E+00 -1.005897E+00 -7.884767E-01  2.925972E-10 -5.004795E-12  0.000000E+00  0.000000E+00  0.000000E+00  0.000000E+00  0.000000E+00  0.000000E+00
268  5.30657672E+00 -1.004566E+00 -7.930454E-01  1.408032E-10 -2.487475E-12  0.000000E+00  0.000000E+00  0.000000E+00  0.000000E+00  0.000000E+00  0.000000E+00
269  5.45220993E+00 -1.003519E+00 -7.976845E-01  6.688114E-11 -9.643372E-13  0.000000E+00  0.000000E+00  0.000000E+00  0.000000E+00  0.000000E+00  0.000000E+00
