#      n =  4
#  kappa = -2
# energy = -2.15382340E+03
#zenergy =  0.00000000E+00
#     dn =  3.92074532E+00
# qrnorm =  1.00290795E+00
#SelfEne =  2.72113860E+32
#     vc = -8.66732714E+03
#     vr = -8.75163471E+03
#  ilast =  241
#    ifm =    0
#    cfm =  0.00000000E+00
#    xfm =  0.00000000E+00
#    rfn =  4.41945832E-02
#    pdx =  1.99450251E+00
#   bqp0 = -1.99412767E-05
#   bqp1 =  0.00000000E+00
#    idx = 11
# LEPTON = 0
#   MASS =  1.00000000E+00
# CHARGE =  1.00000000E+00
#  EUNIT =  2.72113860E+01
#  RUNIT =  4.13413733E+16
#  LUNIT =  5.29177211E-01
#    AMU =  1.82288849E+03
#    FSC =  7.29735257E-03


0    1.15046527E-08 -1.365271E-02  9.778727E+07  3.284061E-12 -6.556009E-17  0.000000E+00  0.000000E+00  0.000000E+00  0.000000E+00  0.000000E+00  0.000000E+00
1    1.26168860E-08 -1.497261E-02  8.916692E+07  3.947737E-12 -8.643634E-17  0.000000E+00  0.000000E+00  0.000000E+00  0.000000E+00  0.000000E+00  0.000000E+00
2    1.38366465E-08 -1.642011E-02  8.130649E+07  4.746113E-12 -1.139587E-16  0.000000E+00  0.000000E+00  0.000000E+00  0.000000E+00  0.000000E+00  0.000000E+00
3    1.51743031E-08 -1.800752E-02  7.413912E+07  5.706471E-12 -1.502488E-16  0.000000E+00  0.000000E+00  0.000000E+00  0.000000E+00  0.000000E+00  0.000000E+00
4    1.66412777E-08 -1.974840E-02  6.760358E+07  6.861633E-12 -1.981054E-16  0.000000E+00  0.000000E+00  0.000000E+00  0.000000E+00  0.000000E+00  0.000000E+00
5    1.82500718E-08 -2.165757E-02  6.164416E+07  8.251068E-12 -2.612196E-16  0.000000E+00  0.000000E+00  0.000000E+00  0.000000E+00  0.000000E+00  0.000000E+00
6    2.00143612E-08 -2.375128E-02  5.621017E+07  9.922240E-12 -3.444574E-16  0.000000E+00  0.000000E+00  0.000000E+00  0.000000E+00  0.000000E+00  0.000000E+00
7    2.19492098E-08 -2.604738E-02  5.125520E+07  1.193225E-11 -4.542399E-16  0.000000E+00  0.000000E+00  0.000000E+00  0.000000E+00  0.000000E+00  0.000000E+00
8    2.40711060E-08 -2.856546E-02  4.673701E+07  1.434975E-11 -5.990344E-16  0.000000E+00  0.000000E+00  0.000000E+00  0.000000E+00  0.000000E+00  0.000000E+00
9    2.63980864E-08 -3.132692E-02  4.261718E+07  1.725733E-11 -7.900052E-16  0.000000E+00  0.000000E+00  0.000000E+00  0.000000E+00  0.000000E+00  0.000000E+00
10   2.89500186E-08 -3.435532E-02  3.886051E+07  2.075429E-11 -1.041884E-15  0.000000E+00  0.000000E+00  0.000000E+00  0.000000E+00  0.000000E+00  0.000000E+00
11   3.17485937E-08 -3.767643E-02  3.543505E+07  2.496008E-11 -1.374091E-15  0.000000E+00  0.000000E+00  0.000000E+00  0.000000E+00  0.000000E+00  0.000000E+00
12   3.48177047E-08 -4.131858E-02  3.231154E+07  3.001835E-11 -1.812252E-15  0.000000E+00  0.000000E+00  0.000000E+00  0.000000E+00  0.000000E+00  0.000000E+00
13   3.81835043E-08 -4.531281E-02  2.946336E+07  3.610186E-11 -2.390161E-15  0.000000E+00  0.000000E+00  0.000000E+00  0.000000E+00  0.000000E+00  0.000000E+00
14   4.18746002E-08 -4.969308E-02  2.686628E+07  4.341836E-11 -3.152374E-15  0.000000E+00  0.000000E+00  0.000000E+00  0.000000E+00  0.000000E+00  0.000000E+00
15   4.59224244E-08 -5.449667E-02  2.449817E+07  5.221770E-11 -4.157664E-15  0.000000E+00  0.000000E+00  0.000000E+00  0.000000E+00  0.000000E+00  0.000000E+00
16   5.03615331E-08 -5.976462E-02  2.233880E+07  6.280042E-11 -5.483574E-15  0.000000E+00  0.000000E+00  0.000000E+00  0.000000E+00  0.000000E+00  0.000000E+00
17   5.52297500E-08 -6.554179E-02  2.036976E+07  7.552792E-11 -7.232355E-15  0.000000E+00  0.000000E+00  0.000000E+00  0.000000E+00  0.000000E+00  0.000000E+00
18   6.05683442E-08 -7.187716E-02  1.857435E+07  9.083468E-11 -9.538780E-15  0.000000E+00  0.000000E+00  0.000000E+00  0.000000E+00  0.000000E+00  0.000000E+00
19   6.64229753E-08 -7.882491E-02  1.693719E+07  1.092435E-10 -1.258077E-14  0.000000E+00  0.000000E+00  0.000000E+00  0.000000E+00  0.000000E+00  0.000000E+00
20   7.28435242E-08 -8.644425E-02  1.544432E+07  1.313830E-10 -1.659291E-14  0.000000E+00  0.000000E+00  0.000000E+00  0.000000E+00  0.000000E+00  0.000000E+00
21   7.98845545E-08 -9.479992E-02  1.408307E+07  1.580091E-10 -2.188446E-14  0.000000E+00  0.000000E+00  0.000000E+00  0.000000E+00  0.000000E+00  0.000000E+00
22   8.76060161E-08 -1.039631E-01  1.284182E+07  1.900307E-10 -2.886340E-14  0.000000E+00  0.000000E+00  0.000000E+00  0.000000E+00  0.000000E+00  0.000000E+00
23   9.60736496E-08 -1.140117E-01  1.170999E+07  2.285411E-10 -3.806777E-14  0.000000E+00  0.000000E+00  0.000000E+00  0.000000E+00  0.000000E+00  0.000000E+00
24   1.05359729E-07 -1.250316E-01  1.067792E+07  2.748554E-10 -5.020739E-14  0.000000E+00  0.000000E+00  0.000000E+00  0.000000E+00  0.000000E+00  0.000000E+00
25   1.15542961E-07 -1.371161E-01  9.736842E+06  3.305541E-10 -6.621763E-14  0.000000E+00  0.000000E+00  0.000000E+00  0.000000E+00  0.000000E+00  0.000000E+00
26   1.26710423E-07 -1.503687E-01  8.878706E+06  3.975391E-10 -8.733329E-14  0.000000E+00  0.000000E+00  0.000000E+00  0.000000E+00  0.000000E+00  0.000000E+00
27   1.38957001E-07 -1.649018E-01  8.096214E+06  4.780969E-10 -1.151818E-13  0.000000E+00  0.000000E+00  0.000000E+00  0.000000E+00  0.000000E+00  0.000000E+00
28   1.52386948E-07 -1.808393E-01  7.382698E+06  5.749770E-10 -1.519097E-13  0.000000E+00  0.000000E+00  0.000000E+00  0.000000E+00  0.000000E+00  0.000000E+00
29   1.67114584E-07 -1.983167E-01  6.732075E+06  6.914864E-10 -2.003480E-13  0.000000E+00  0.000000E+00  0.000000E+00  0.000000E+00  0.000000E+00  0.000000E+00
30   1.83265272E-07 -2.174829E-01  6.138802E+06  8.316014E-10 -2.642302E-13  0.000000E+00  0.000000E+00  0.000000E+00  0.000000E+00  0.000000E+00  0.000000E+00
31   2.00976485E-07 -2.385010E-01  5.597822E+06  1.000104E-09 -3.484797E-13  0.000000E+00  0.000000E+00  0.000000E+00  0.000000E+00  0.000000E+00  0.000000E+00
32   2.20398971E-07 -2.615498E-01  5.104524E+06  1.202745E-09 -4.595897E-13  0.000000E+00  0.000000E+00  0.000000E+00  0.000000E+00  0.000000E+00  0.000000E+00
33   2.41697616E-07 -2.868251E-01  4.654714E+06  1.446438E-09 -6.061199E-13  0.000000E+00  0.000000E+00  0.000000E+00  0.000000E+00  0.000000E+00  0.000000E+00
34   2.65054033E-07 -3.145423E-01  4.244549E+06  1.739499E-09 -7.993644E-13  0.000000E+00  0.000000E+00  0.000000E+00  0.000000E+00  0.000000E+00  0.000000E+00
35   2.90666988E-07 -3.449374E-01  3.870534E+06  2.091929E-09 -1.054214E-12  0.000000E+00  0.000000E+00  0.000000E+00  0.000000E+00  0.000000E+00  0.000000E+00
36   3.18754444E-07 -3.782690E-01  3.529482E+06  2.515750E-09 -1.390306E-12  0.000000E+00  0.000000E+00  0.000000E+00  0.000000E+00  0.000000E+00  0.000000E+00
37   3.49554805E-07 -4.148199E-01  3.218493E+06  3.025421E-09 -1.833527E-12  0.000000E+00  0.000000E+00  0.000000E+00  0.000000E+00  0.000000E+00  0.000000E+00
38   3.83330652E-07 -4.549018E-01  2.934912E+06  3.638329E-09 -2.418031E-12  0.000000E+00  0.000000E+00  0.000000E+00  0.000000E+00  0.000000E+00  0.000000E+00
39   4.20368640E-07 -4.988549E-01  2.676326E+06  4.375378E-09 -3.188835E-12  0.000000E+00  0.000000E+00  0.000000E+00  0.000000E+00  0.000000E+00  0.000000E+00
40   4.60983691E-07 -5.470528E-01  2.440532E+06  5.261705E-09 -4.205306E-12  0.000000E+00  0.000000E+00  0.000000E+00  0.000000E+00  0.000000E+00  0.000000E+00
41   5.05521995E-07 -5.999063E-01  2.225517E+06  6.327543E-09 -5.545758E-12  0.000000E+00  0.000000E+00  0.000000E+00  0.000000E+00  0.000000E+00  0.000000E+00
42   5.54361474E-07 -6.578639E-01  2.029452E+06  7.609234E-09 -7.313404E-12  0.000000E+00  0.000000E+00  0.000000E+00  0.000000E+00  0.000000E+00  0.000000E+00
43   6.07917317E-07 -7.214181E-01  1.850666E+06  9.150478E-09 -9.644363E-12  0.000000E+00  0.000000E+00  0.000000E+00  0.000000E+00  0.000000E+00  0.000000E+00
44   6.66644772E-07 -7.911093E-01  1.687637E+06  1.100382E-08 -1.271812E-11  0.000000E+00  0.000000E+00  0.000000E+00  0.000000E+00  0.000000E+00  0.000000E+00
45   7.31043012E-07 -8.675296E-01  1.538975E+06  1.323245E-08 -1.677134E-11  0.000000E+00  0.000000E+00  0.000000E+00  0.000000E+00  0.000000E+00  0.000000E+00
46   8.01659368E-07 -9.513284E-01  1.403414E+06  1.591233E-08 -2.211606E-11  0.000000E+00  0.000000E+00  0.000000E+00  0.000000E+00  0.000000E+00  0.000000E+00
47   8.79093974E-07 -1.043218E+00  1.279798E+06  1.913479E-08 -2.916373E-11  0.000000E+00  0.000000E+00  0.000000E+00  0.000000E+00  0.000000E+00  0.000000E+00
48   9.64003183E-07 -1.143976E+00  1.167077E+06  2.300963E-08 -3.845663E-11  0.000000E+00  0.000000E+00  0.000000E+00  0.000000E+00  0.000000E+00  0.000000E+00
49   1.05710802E-06 -1.254459E+00  1.064290E+06  2.766889E-08 -5.070989E-11  0.000000E+00  0.000000E+00  0.000000E+00  0.000000E+00  0.000000E+00  0.000000E+00
50   1.15920253E-06 -1.375609E+00  9.705574E+05  3.327133E-08 -6.686687E-11  0.000000E+00  0.000000E+00  0.000000E+00  0.000000E+00  0.000000E+00  0.000000E+00
51   1.27114950E-06 -1.508448E+00  8.850857E+05  4.000774E-08 -8.817000E-11  0.000000E+00  0.000000E+00  0.000000E+00  0.000000E+00  0.000000E+00  0.000000E+00
52   1.39390018E-06 -1.654104E+00  8.071454E+05  4.810757E-08 -1.162582E-10  0.000000E+00  0.000000E+00  0.000000E+00  0.000000E+00  0.000000E+00  0.000000E+00
53   1.52849785E-06 -1.813816E+00  7.360719E+05  5.784664E-08 -1.532922E-10  0.000000E+00  0.000000E+00  0.000000E+00  0.000000E+00  0.000000E+00  0.000000E+00
54   1.67608231E-06 -1.988934E+00  6.712611E+05  6.955651E-08 -2.021195E-10  0.000000E+00  0.000000E+00  0.000000E+00  0.000000E+00  0.000000E+00  0.000000E+00
55   1.83790724E-06 -2.180944E+00  6.121602E+05  8.363581E-08 -2.664947E-10  0.000000E+00  0.000000E+00  0.000000E+00  0.000000E+00  0.000000E+00  0.000000E+00
56   2.01534226E-06 -2.391469E+00  5.582669E+05  1.005636E-07 -3.513656E-10  0.000000E+00  0.000000E+00  0.000000E+00  0.000000E+00  0.000000E+00  0.000000E+00
57   2.20989566E-06 -2.622297E+00  5.091211E+05  1.209160E-07 -4.632571E-10  0.000000E+00  0.000000E+00  0.000000E+00  0.000000E+00  0.000000E+00  0.000000E+00
58   2.42321417E-06 -2.875377E+00  4.643051E+05  1.453853E-07 -6.107658E-10  0.000000E+00  0.000000E+00  0.000000E+00  0.000000E+00  0.000000E+00  0.000000E+00
59   2.65710441E-06 -3.152848E+00  4.234374E+05  1.748037E-07 -8.052233E-10  0.000000E+00  0.000000E+00  0.000000E+00  0.000000E+00  0.000000E+00  0.000000E+00
60   2.91355088E-06 -3.457058E+00  3.861696E+05  2.101714E-07 -1.061567E-09  0.000000E+00  0.000000E+00  0.000000E+00  0.000000E+00  0.000000E+00  0.000000E+00
61   3.19472289E-06 -3.790574E+00  3.521849E+05  2.526907E-07 -1.399479E-09  0.000000E+00  0.000000E+00  0.000000E+00  0.000000E+00  0.000000E+00  0.000000E+00
62   3.50300197E-06 -4.156208E+00  3.211937E+05  3.038063E-07 -1.844899E-09  0.000000E+00  0.000000E+00  0.000000E+00  0.000000E+00  0.000000E+00  0.000000E+00
63   3.84099712E-06 -4.557041E+00  2.929318E+05  3.652546E-07 -2.432006E-09  0.000000E+00  0.000000E+00  0.000000E+00  0.000000E+00  0.000000E+00  0.000000E+00
64   4.21156786E-06 -4.996447E+00  2.671589E+05  4.391223E-07 -3.205839E-09  0.000000E+00  0.000000E+00  0.000000E+00  0.000000E+00  0.000000E+00  0.000000E+00
65   4.61784978E-06 -5.478119E+00  2.436571E+05  5.279168E-07 -4.225740E-09  0.000000E+00  0.000000E+00  0.000000E+00  0.000000E+00  0.000000E+00  0.000000E+00
66   5.06327649E-06 -6.006096E+00  2.222247E+05  6.346507E-07 -5.569879E-09  0.000000E+00  0.000000E+00  0.000000E+00  0.000000E+00  0.000000E+00  0.000000E+00
67   5.55161366E-06 -6.584799E+00  2.026801E+05  7.629438E-07 -7.341241E-09  0.000000E+00  0.000000E+00  0.000000E+00  0.000000E+00  0.000000E+00  0.000000E+00
68   6.08698590E-06 -7.219061E+00  1.848567E+05  9.171447E-07 -9.675462E-09  0.000000E+00  0.000000E+00  0.000000E+00  0.000000E+00  0.000000E+00  0.000000E+00
69   6.67391443E-06 -7.914165E+00  1.686021E+05  1.102477E-06 -1.275118E-08  0.000000E+00  0.000000E+00  0.000000E+00  0.000000E+00  0.000000E+00  0.000000E+00
70   7.31735392E-06 -8.675882E+00  1.537796E+05  1.325215E-06 -1.680361E-08  0.000000E+00  0.000000E+00  0.000000E+00  0.000000E+00  0.000000E+00  0.000000E+00
71   8.02273392E-06 -9.510515E+00  1.402627E+05  1.592893E-06 -2.214247E-08  0.000000E+00  0.000000E+00  0.000000E+00  0.000000E+00  0.000000E+00  0.000000E+00
72   8.79600036E-06 -1.042493E+01  1.279353E+05  1.914559E-06 -2.917538E-08  0.000000E+00  0.000000E+00  0.000000E+00  0.000000E+00  0.000000E+00  0.000000E+00
73   9.64367338E-06 -1.142662E+01  1.166937E+05  2.301076E-06 -3.843885E-08  0.000000E+00  0.000000E+00  0.000000E+00  0.000000E+00  0.000000E+00  0.000000E+00
74   1.05728932E-05 -1.252373E+01  1.064425E+05  2.765481E-06 -5.063871E-08  0.000000E+00  0.000000E+00  0.000000E+00  0.000000E+00  0.000000E+00  0.000000E+00
75   1.15914832E-05 -1.372511E+01  9.709382E+04  3.323422E-06 -6.670337E-08  0.000000E+00  0.000000E+00  0.000000E+00  0.000000E+00  0.000000E+00  0.000000E+00
76   1.27080132E-05 -1.504038E+01  8.856837E+04  3.993669E-06 -8.785347E-08  0.000000E+00  0.000000E+00  0.000000E+00  0.000000E+00  0.000000E+00  0.000000E+00
77   1.39318745E-05 -1.647993E+01  8.079404E+04  4.798736E-06 -1.156934E-07  0.000000E+00  0.000000E+00  0.000000E+00  0.000000E+00  0.000000E+00  0.000000E+00
78   1.52733522E-05 -1.805498E+01  7.370493E+04  5.765614E-06 -1.523306E-07  0.000000E+00  0.000000E+00  0.000000E+00  0.000000E+00  0.000000E+00  0.000000E+00
79   1.67437127E-05 -1.977763E+01  6.724069E+04  6.926651E-06 -2.005322E-07  0.000000E+00  0.000000E+00  0.000000E+00  0.000000E+00  0.000000E+00  0.000000E+00
80   1.83552950E-05 -2.166080E+01  6.134654E+04  8.320588E-06 -2.639282E-07  0.000000E+00  0.000000E+00  0.000000E+00  0.000000E+00  0.000000E+00  0.000000E+00
81   2.01216163E-05 -2.371831E+01  5.597275E+04  9.993806E-06 -3.472780E-07  0.000000E+00  0.000000E+00  0.000000E+00  0.000000E+00  0.000000E+00  0.000000E+00
82   2.20574781E-05 -2.596477E+01  5.107398E+04  1.200178E-05 -4.568143E-07  0.000000E+00  0.000000E+00  0.000000E+00  0.000000E+00  0.000000E+00  0.000000E+00
83   2.41790911E-05 -2.841556E+01  4.660906E+04  1.441083E-05 -6.006912E-07  0.000000E+00  0.000000E+00  0.000000E+00  0.000000E+00  0.000000E+00  0.000000E+00
84   2.65042049E-05 -3.108662E+01  4.254056E+04  1.730012E-05 -7.895611E-07  0.000000E+00  0.000000E+00  0.000000E+00  0.000000E+00  0.000000E+00  0.000000E+00
85   2.90522544E-05 -3.399432E+01  3.883459E+04  2.076410E-05 -1.037317E-06  0.000000E+00  0.000000E+00  0.000000E+00  0.000000E+00  0.000000E+00  0.000000E+00
86   3.18445207E-05 -3.715506E+01  3.546074E+04  2.491524E-05 -1.362046E-06  0.000000E+00  0.000000E+00  0.000000E+00  0.000000E+00  0.000000E+00  0.000000E+00
87   3.49043009E-05 -4.058488E+01  3.239154E+04  2.988731E-05 -1.787232E-06  0.000000E+00  0.000000E+00  0.000000E+00  0.000000E+00  0.000000E+00  0.000000E+00
88   3.82570965E-05 -4.429875E+01  2.960259E+04  3.583909E-05 -2.343291E-06  0.000000E+00  0.000000E+00  0.000000E+00  0.000000E+00  0.000000E+00  0.000000E+00
89   4.19308267E-05 -4.830968E+01  2.707249E+04  4.295866E-05 -3.069468E-06  0.000000E+00  0.000000E+00  0.000000E+00  0.000000E+00  0.000000E+00  0.000000E+00
90   4.59560449E-05 -5.262746E+01  2.478252E+04  5.146822E-05 -4.016196E-06  0.000000E+00  0.000000E+00  0.000000E+00  0.000000E+00  0.000000E+00  0.000000E+00
91   5.03661913E-05 -5.725698E+01  2.271711E+04  6.162957E-05 -5.247946E-06  0.000000E+00  0.000000E+00  0.000000E+00  0.000000E+00  0.000000E+00  0.000000E+00
92   5.51978603E-05 -6.219593E+01  2.086398E+04  7.375019E-05 -6.846615E-06  0.000000E+00  0.000000E+00  0.000000E+00  0.000000E+00  0.000000E+00  0.000000E+00
93   6.04910908E-05 -6.743167E+01  1.921414E+04  8.818989E-05 -8.915412E-06  0.000000E+00  0.000000E+00  0.000000E+00  0.000000E+00  0.000000E+00  0.000000E+00
94   6.62896922E-05 -7.293714E+01  1.776270E+04  1.053681E-04 -1.158312E-05  0.000000E+00  0.000000E+00  0.000000E+00  0.000000E+00  0.000000E+00  0.000000E+00
95   7.26415880E-05 -7.866537E+01  1.650964E+04  1.257720E-04 -1.500843E-05  0.000000E+00  0.000000E+00  0.000000E+00  0.000000E+00  0.000000E+00  0.000000E+00
96   7.95992009E-05 -8.454222E+01  1.546062E+04  1.499652E-04 -1.938368E-05  0.000000E+00  0.000000E+00  0.000000E+00  0.000000E+00  0.000000E+00  0.000000E+00
97   8.72198657E-05 -9.045702E+01  1.462827E+04  1.785977E-04 -2.493697E-05  0.000000E+00  0.000000E+00  0.000000E+00  0.000000E+00  0.000000E+00  0.000000E+00
98   9.55662808E-05 -9.625066E+01  1.403238E+04  2.124191E-04 -3.193089E-05  0.000000E+00  0.000000E+00  0.000000E+00  0.000000E+00  0.000000E+00  0.000000E+00
99   1.04707003E-04 -1.017021E+02  1.369356E+04  2.522953E-04 -4.065495E-05  0.000000E+00  0.000000E+00  0.000000E+00  0.000000E+00  0.000000E+00  0.000000E+00
100  1.14716985E-04 -1.065181E+02  1.358037E+04  2.992352E-04 -5.140856E-05  0.000000E+00  0.000000E+00  0.000000E+00  0.000000E+00  0.000000E+00  0.000000E+00
101  1.25678159E-04 -1.103494E+02  1.343402E+04  3.544228E-04 -6.447181E-05  0.000000E+00  0.000000E+00  0.000000E+00  0.000000E+00  0.000000E+00  0.000000E+00
102  1.37680073E-04 -1.128993E+02  1.275872E+04  4.192334E-04 -8.007268E-05  0.000000E+00  0.000000E+00  0.000000E+00  0.000000E+00  0.000000E+00  0.000000E+00
103  1.50820587E-04 -1.141870E+02  1.140550E+04  4.953227E-04 -9.839212E-05  0.000000E+00  0.000000E+00  0.000000E+00  0.000000E+00  0.000000E+00  0.000000E+00
104  1.65206620E-04 -1.146533E+02  9.901270E+03  5.847896E-04 -1.196560E-04  0.000000E+00  0.000000E+00  0.000000E+00  0.000000E+00  0.000000E+00  0.000000E+00
105  1.80954976E-04 -1.147734E+02  8.729551E+03  6.900493E-04 -1.442492E-04  0.000000E+00  0.000000E+00  0.000000E+00  0.000000E+00  0.000000E+00  0.000000E+00
106  1.98193232E-04 -1.147869E+02  7.858744E+03  8.138363E-04 -1.727421E-04  0.000000E+00  0.000000E+00  0.000000E+00  0.000000E+00  0.000000E+00  0.000000E+00
107  2.17060704E-04 -1.147730E+02  7.125465E+03  9.593958E-04 -2.058591E-04  0.000000E+00  0.000000E+00  0.000000E+00  0.000000E+00  0.000000E+00  0.000000E+00
108  2.37709505E-04 -1.147517E+02  6.467193E+03  1.130552E-03 -2.444645E-04  0.000000E+00  0.000000E+00  0.000000E+00  0.000000E+00  0.000000E+00  0.000000E+00
109  2.60305677E-04 -1.147274E+02  5.868310E+03  1.331778E-03 -2.895689E-04  0.000000E+00  0.000000E+00  0.000000E+00  0.000000E+00  0.000000E+00  0.000000E+00
110  2.85030436E-04 -1.147005E+02  5.322385E+03  1.568298E-03 -3.423487E-04  0.000000E+00  0.000000E+00  0.000000E+00  0.000000E+00  0.000000E+00  0.000000E+00
111  3.12081512E-04 -1.146711E+02  4.824701E+03  1.846223E-03 -4.041731E-04  0.000000E+00  0.000000E+00  0.000000E+00  0.000000E+00  0.000000E+00  0.000000E+00
112  3.41674606E-04 -1.146388E+02  4.371066E+03  2.172688E-03 -4.766361E-04  0.000000E+00  0.000000E+00  0.000000E+00  0.000000E+00  0.000000E+00  0.000000E+00
113  3.74044964E-04 -1.146034E+02  3.957653E+03  2.556021E-03 -5.615944E-04  0.000000E+00  0.000000E+00  0.000000E+00  0.000000E+00  0.000000E+00  0.000000E+00
114  4.09449092E-04 -1.145646E+02  3.580969E+03  3.005939E-03 -6.612102E-04  0.000000E+00  0.000000E+00  0.000000E+00  0.000000E+00  0.000000E+00  0.000000E+00
115  4.48166595E-04 -1.145221E+02  3.237826E+03  3.533759E-03 -7.780007E-04  0.000000E+00  0.000000E+00  0.000000E+00  0.000000E+00  0.000000E+00  0.000000E+00
116  4.90502180E-04 -1.144756E+02  2.925315E+03  4.152656E-03 -9.148948E-04  0.000000E+00  0.000000E+00  0.000000E+00  0.000000E+00  0.000000E+00  0.000000E+00
117  5.36787821E-04 -1.144248E+02  2.640785E+03  4.877948E-03 -1.075297E-03  0.000000E+00  0.000000E+00  0.000000E+00  0.000000E+00  0.000000E+00  0.000000E+00
118  5.87385078E-04 -1.143693E+02  2.381814E+03  5.727421E-03 -1.263163E-03  0.000000E+00  0.000000E+00  0.000000E+00  0.000000E+00  0.000000E+00  0.000000E+00
119  6.42687631E-04 -1.143086E+02  2.146194E+03  6.721697E-03 -1.483081E-03  0.000000E+00  0.000000E+00  0.000000E+00  0.000000E+00  0.000000E+00  0.000000E+00
120  7.03123987E-04 -1.142423E+02  1.931906E+03  7.884658E-03 -1.740367E-03  0.000000E+00  0.000000E+00  0.000000E+00  0.000000E+00  0.000000E+00  0.000000E+00
121  7.69160412E-04 -1.141701E+02  1.737109E+03  9.243907E-03 -2.041173E-03  0.000000E+00  0.000000E+00  0.000000E+00  0.000000E+00  0.000000E+00  0.000000E+00
122  8.41304077E-04 -1.140913E+02  1.560119E+03  1.083130E-02 -2.392606E-03  0.000000E+00  0.000000E+00  0.000000E+00  0.000000E+00  0.000000E+00  0.000000E+00
123  9.20106455E-04 -1.140054E+02  1.399396E+03  1.268353E-02 -2.802861E-03  0.000000E+00  0.000000E+00  0.000000E+00  0.000000E+00  0.000000E+00  0.000000E+00
124  1.00616697E-03 -1.139120E+02  1.253535E+03  1.484275E-02 -3.281372E-03  0.000000E+00  0.000000E+00  0.000000E+00  0.000000E+00  0.000000E+00  0.000000E+00
125  1.10013690E-03 -1.138104E+02  1.121245E+03  1.735733E-02 -3.838976E-03  0.000000E+00  0.000000E+00  0.000000E+00  0.000000E+00  0.000000E+00  0.000000E+00
126  1.20272360E-03 -1.137000E+02  1.001347E+03  2.028255E-02 -4.488093E-03  0.000000E+00  0.000000E+00  0.000000E+00  0.000000E+00  0.000000E+00  0.000000E+00
127  1.31469498E-03 -1.135800E+02  8.927611E+02  2.368151E-02 -5.242921E-03  0.000000E+00  0.000000E+00  0.000000E+00  0.000000E+00  0.000000E+00  0.000000E+00
128  1.43688437E-03 -1.134500E+02  7.944951E+02  2.762591E-02 -6.119649E-03  0.000000E+00  0.000000E+00  0.000000E+00  0.000000E+00  0.000000E+00  0.000000E+00
129  1.57019564E-03 -1.133090E+02  7.056399E+02  3.219702E-02 -7.136678E-03  0.000000E+00  0.000000E+00  0.000000E+00  0.000000E+00  0.000000E+00  0.000000E+00
130  1.71560875E-03 -1.131564E+02  6.253610E+02  3.748659E-02 -8.314854E-03  0.000000E+00  0.000000E+00  0.000000E+00  0.000000E+00  0.000000E+00  0.000000E+00
131  1.87418560E-03 -1.129913E+02  5.528922E+02  4.359775E-02 -9.677711E-03  0.000000E+00  0.000000E+00  0.000000E+00  0.000000E+00  0.000000E+00  0.000000E+00
132  2.04707635E-03 -1.128130E+02  4.875299E+02  5.064589E-02 -1.125171E-02  0.000000E+00  0.000000E+00  0.000000E+00  0.000000E+00  0.000000E+00  0.000000E+00
133  2.23552606E-03 -1.126206E+02  4.286278E+02  5.875941E-02 -1.306645E-02  0.000000E+00  0.000000E+00  0.000000E+00  0.000000E+00  0.000000E+00  0.000000E+00
134  2.44088182E-03 -1.124132E+02  3.755926E+02  6.808034E-02 -1.515492E-02  0.000000E+00  0.000000E+00  0.000000E+00  0.000000E+00  0.000000E+00  0.000000E+00
135  2.66460030E-03 -1.121899E+02  3.278795E+02  7.876473E-02 -1.755364E-02  0.000000E+00  0.000000E+00  0.000000E+00  0.000000E+00  0.000000E+00  0.000000E+00
136  2.90825573E-03 -1.119497E+02  2.849892E+02  9.098264E-02 -2.030279E-02  0.000000E+00  0.000000E+00  0.000000E+00  0.000000E+00  0.000000E+00  0.000000E+00
137  3.17354836E-03 -1.116918E+02  2.464637E+02  1.049177E-01 -2.344626E-02  0.000000E+00  0.000000E+00  0.000000E+00  0.000000E+00  0.000000E+00  0.000000E+00
138  3.46231346E-03 -1.114150E+02  2.118840E+02  1.207662E-01 -2.703163E-02  0.000000E+00  0.000000E+00  0.000000E+00  0.000000E+00  0.000000E+00  0.000000E+00
139  3.77653069E-03 -1.111184E+02  1.808670E+02  1.387349E-01 -3.110993E-02  0.000000E+00  0.000000E+00  0.000000E+00  0.000000E+00  0.000000E+00  0.000000E+00
140  4.11833413E-03 -1.108009E+02  1.530633E+02  1.590386E-01 -3.573533E-02  0.000000E+00  0.000000E+00  0.000000E+00  0.000000E+00  0.000000E+00  0.000000E+00
141  4.49002269E-03 -1.104613E+02  1.281542E+02  1.818956E-01 -4.096451E-02  0.000000E+00  0.000000E+00  0.000000E+00  0.000000E+00  0.000000E+00  0.000000E+00
142  4.89407112E-03 -1.100985E+02  1.058503E+02  2.075227E-01 -4.685586E-02  0.000000E+00  0.000000E+00  0.000000E+00  0.000000E+00  0.000000E+00  0.000000E+00
143  5.33314151E-03 -1.097112E+02  8.588899E+01  2.361273E-01 -5.346829E-02  0.000000E+00  0.000000E+00  0.000000E+00  0.000000E+00  0.000000E+00  0.000000E+00
144  5.81009533E-03 -1.092982E+02  6.803226E+01  2.678980E-01 -6.085964E-02  0.000000E+00  0.000000E+00  0.000000E+00  0.000000E+00  0.000000E+00  0.000000E+00
145  6.32800596E-03 -1.088581E+02  5.206530E+01  3.029933E-01 -6.908475E-02  0.000000E+00  0.000000E+00  0.000000E+00  0.000000E+00  0.000000E+00  0.000000E+00
146  6.89017177E-03 -1.083895E+02  3.779450E+01  3.415264E-01 -7.819286E-02  0.000000E+00  0.000000E+00  0.000000E+00  0.000000E+00  0.000000E+00  0.000000E+00
147  7.50012969E-03 -1.078908E+02  2.504566E+01  3.835487E-01 -8.822463E-02  0.000000E+00  0.000000E+00  0.000000E+00  0.000000E+00  0.000000E+00  0.000000E+00
148  8.16166927E-03 -1.073605E+02  1.366258E+01  4.290288E-01 -9.920842E-02  0.000000E+00  0.000000E+00  0.000000E+00  0.000000E+00  0.000000E+00  0.000000E+00
149  8.87884717E-03 -1.067970E+02  3.505284E+00  4.778299E-01 -1.111560E-01  0.000000E+00  0.000000E+00  0.000000E+00  0.000000E+00  0.000000E+00  0.000000E+00
150  9.65600218E-03 -1.061985E+02 -5.551302E+00  5.296837E-01 -1.240579E-01  0.000000E+00  0.000000E+00  0.000000E+00  0.000000E+00  0.000000E+00  0.000000E+00
151  1.04977706E-02 -1.055633E+02 -1.361867E+01  5.841621E-01 -1.378776E-01  0.000000E+00  0.000000E+00  0.000000E+00  0.000000E+00  0.000000E+00  0.000000E+00
152  1.14091018E-02 -1.048899E+02 -2.079625E+01  6.406480E-01 -1.525459E-01  0.000000E+00  0.000000E+00  0.000000E+00  0.000000E+00  0.000000E+00  0.000000E+00
153  1.23952748E-02 -1.041764E+02 -2.717242E+01  6.983056E-01 -1.679550E-01  0.000000E+00  0.000000E+00  0.000000E+00  0.000000E+00  0.000000E+00  0.000000E+00
154  1.34619141E-02 -1.034211E+02 -3.282585E+01  7.560521E-01 -1.839523E-01  0.000000E+00  0.000000E+00  0.000000E+00  0.000000E+00  0.000000E+00  0.000000E+00
155  1.46150067E-02 -1.026226E+02 -3.782645E+01  8.125340E-01 -2.003343E-01  0.000000E+00  0.000000E+00  0.000000E+00  0.000000E+00  0.000000E+00  0.000000E+00
156  1.58609186E-02 -1.017790E+02 -4.223639E+01  8.661095E-01 -2.168424E-01  0.000000E+00  0.000000E+00  0.000000E+00  0.000000E+00  0.000000E+00  0.000000E+00
157  1.72064120E-02 -1.008890E+02 -4.611098E+01  9.148419E-01 -2.331587E-01  0.000000E+00  0.000000E+00  0.000000E+00  0.000000E+00  0.000000E+00  0.000000E+00
158  1.86586621E-02 -9.995110E+01 -4.949942E+01  9.565066E-01 -2.489047E-01  0.000000E+00  0.000000E+00  0.000000E+00  0.000000E+00  0.000000E+00  0.000000E+00
159  2.02252740E-02 -9.896412E+01 -5.244547E+01  9.886169E-01 -2.636427E-01  0.000000E+00  0.000000E+00  0.000000E+00  0.000000E+00  0.000000E+00  0.000000E+00
160  2.19142998E-02 -9.792712E+01 -5.498818E+01  1.008473E+00 -2.768800E-01  0.000000E+00  0.000000E+00  0.000000E+00  0.000000E+00  0.000000E+00  0.000000E+00
161  2.37342546E-02 -9.683941E+01 -5.716243E+01  1.013238E+00 -2.880781E-01  0.000000E+00  0.000000E+00  0.000000E+00  0.000000E+00  0.000000E+00  0.000000E+00
162  2.56941335E-02 -9.570056E+01 -5.899943E+01  1.000045E+00 -2.967071E-01  0.000000E+00  0.000000E+00  0.000000E+00  0.000000E+00  0.000000E+00  0.000000E+00
163  2.78034272E-02 -9.451028E+01 -6.052712E+01  9.661363E-01 -3.021524E-01  0.000000E+00  0.000000E+00  0.000000E+00  0.000000E+00  0.000000E+00  0.000000E+00
164  3.00721373E-02 -9.326837E+01 -6.177054E+01  9.090328E-01 -3.038416E-01  0.000000E+00  0.000000E+00  0.000000E+00  0.000000E+00  0.000000E+00  0.000000E+00
165  3.25107915E-02 -9.197461E+01 -6.275198E+01  8.267386E-01 -3.012414E-01  0.000000E+00  0.000000E+00  0.000000E+00  0.000000E+00  0.000000E+00  0.000000E+00
166  3.51304578E-02 -9.062870E+01 -6.349136E+01  7.179639E-01 -2.938920E-01  0.000000E+00  0.000000E+00  0.000000E+00  0.000000E+00  0.000000E+00  0.000000E+00
167  3.79427572E-02 -8.923021E+01 -6.400638E+01  5.823626E-01 -2.814428E-01  0.000000E+00  0.000000E+00  0.000000E+00  0.000000E+00  0.000000E+00  0.000000E+00
168  4.09598774E-02 -8.777886E+01 -6.431294E+01  4.207672E-01 -2.636912E-01  0.000000E+00  0.000000E+00  0.000000E+00  0.000000E+00  0.000000E+00  0.000000E+00
169  4.41945832E-02 -8.627437E+01 -6.442528E+01  2.354011E-01 -2.406185E-01  0.000000E+00  0.000000E+00  0.000000E+00  0.000000E+00  0.000000E+00  0.000000E+00
170  4.76602274E-02 -8.471693E+01 -6.435659E+01  3.004577E-02 -2.124228E-01  0.000000E+00  0.000000E+00  0.000000E+00  0.000000E+00  0.000000E+00  0.000000E+00
171  5.13707604E-02 -8.310711E+01 -6.411905E+01 -1.898647E-01 -1.795431E-01  0.000000E+00  0.000000E+00  0.000000E+00  0.000000E+00  0.000000E+00  0.000000E+00
172  5.53407375E-02 -8.144597E+01 -6.372420E+01 -4.172451E-01 -1.426717E-01  0.000000E+00  0.000000E+00  0.000000E+00  0.000000E+00  0.000000E+00  0.000000E+00
173  5.95853261E-02 -7.973513E+01 -6.318315E+01 -6.434820E-01 -1.027511E-01  0.000000E+00  0.000000E+00  0.000000E+00  0.000000E+00  0.000000E+00  0.000000E+00
174  6.41203106E-02 -7.797682E+01 -6.250668E+01 -8.586939E-01 -6.095398E-02  0.000000E+00  0.000000E+00  0.000000E+00  0.000000E+00  0.000000E+00  0.000000E+00
175  6.89620962E-02 -7.617439E+01 -6.170581E+01 -1.052136E+00 -1.864230E-02  0.000000E+00  0.000000E+00  0.000000E+00  0.000000E+00  0.000000E+00  0.000000E+00
176  7.41277113E-02 -7.433183E+01 -6.079144E+01 -1.212743E+00  2.269182E-02  0.000000E+00  0.000000E+00  0.000000E+00  0.000000E+00  0.000000E+00  0.000000E+00
177  7.96348078E-02 -7.245434E+01 -5.977496E+01 -1.329790E+00  6.150287E-02  0.000000E+00  0.000000E+00  0.000000E+00  0.000000E+00  0.000000E+00  0.000000E+00
178  8.55016601E-02 -7.054722E+01 -5.866720E+01 -1.393631E+00  9.628088E-02  0.000000E+00  0.000000E+00  0.000000E+00  0.000000E+00  0.000000E+00  0.000000E+00
179  9.17471623E-02 -6.861569E+01 -5.747842E+01 -1.396464E+00  1.256462E-01  0.000000E+00  0.000000E+00  0.000000E+00  0.000000E+00  0.000000E+00  0.000000E+00
180  9.83908242E-02 -6.666415E+01 -5.621757E+01 -1.333062E+00  1.484429E-01  0.000000E+00  0.000000E+00  0.000000E+00  0.000000E+00  0.000000E+00  0.000000E+00
181  1.05452765E-01 -6.469591E+01 -5.489213E+01 -1.201391E+00  1.638218E-01  0.000000E+00  0.000000E+00  0.000000E+00  0.000000E+00  0.000000E+00  0.000000E+00
182  1.12953704E-01 -6.271312E+01 -5.350803E+01 -1.003056E+00  1.713074E-01  0.000000E+00  0.000000E+00  0.000000E+00  0.000000E+00  0.000000E+00  0.000000E+00
183  1.20914955E-01 -6.071784E+01 -5.207075E+01 -7.435015E-01  1.708398E-01  0.000000E+00  0.000000E+00  0.000000E+00  0.000000E+00  0.000000E+00  0.000000E+00
184  1.29358411E-01 -5.871185E+01 -5.058521E+01 -4.319248E-01  1.627888E-01  0.000000E+00  0.000000E+00  0.000000E+00  0.000000E+00  0.000000E+00  0.000000E+00
185  1.38306533E-01 -5.669812E+01 -4.905717E+01 -8.087704E-02  1.479338E-01  0.000000E+00  0.000000E+00  0.000000E+00  0.000000E+00  0.000000E+00  0.000000E+00
186  1.47782338E-01 -5.468026E+01 -4.749284E+01  2.944369E-01  1.274125E-01  0.000000E+00  0.000000E+00  0.000000E+00  0.000000E+00  0.000000E+00  0.000000E+00
187  1.57809380E-01 -5.266283E+01 -4.589916E+01  6.771157E-01  1.026379E-01  0.000000E+00  0.000000E+00  0.000000E+00  0.000000E+00  0.000000E+00  0.000000E+00
188  1.68411735E-01 -5.065190E+01 -4.428440E+01  1.049696E+00  7.519390E-02  0.000000E+00  0.000000E+00  0.000000E+00  0.000000E+00  0.000000E+00  0.000000E+00
189  1.79613982E-01 -4.865443E+01 -4.265753E+01  1.395363E+00  4.671740E-02  0.000000E+00  0.000000E+00  0.000000E+00  0.000000E+00  0.000000E+00  0.000000E+00
190  1.91441182E-01 -4.667953E+01 -4.102946E+01  1.699115E+00  1.877843E-02  0.000000E+00  0.000000E+00  0.000000E+00  0.000000E+00  0.000000E+00  0.000000E+00
191  2.03918860E-01 -4.473633E+01 -3.941099E+01  1.948765E+00 -7.228322E-03  0.000000E+00  0.000000E+00  0.000000E+00  0.000000E+00  0.000000E+00  0.000000E+00
192  2.17072982E-01 -4.283361E+01 -3.781238E+01  2.135690E+00 -3.016998E-02  0.000000E+00  0.000000E+00  0.000000E+00  0.000000E+00  0.000000E+00  0.000000E+00
193  2.30929931E-01 -4.097808E+01 -3.624174E+01  2.255243E+00 -4.923152E-02  0.000000E+00  0.000000E+00  0.000000E+00  0.000000E+00  0.000000E+00  0.000000E+00
194  2.45516486E-01 -3.917347E+01 -3.470408E+01  2.306834E+00 -6.393808E-02  0.000000E+00  0.000000E+00  0.000000E+00  0.000000E+00  0.000000E+00  0.000000E+00
195  2.60859794E-01 -3.742003E+01 -3.320083E+01  2.293678E+00 -7.414523E-02  0.000000E+00  0.000000E+00  0.000000E+00  0.000000E+00  0.000000E+00  0.000000E+00
196  2.76987351E-01 -3.571591E+01 -3.173124E+01  2.222258E+00 -8.000354E-02  0.000000E+00  0.000000E+00  0.000000E+00  0.000000E+00  0.000000E+00  0.000000E+00
197  2.93926969E-01 -3.405699E+01 -3.029224E+01  2.101595E+00 -8.190443E-02  0.000000E+00  0.000000E+00  0.000000E+00  0.000000E+00  0.000000E+00  0.000000E+00
198  3.11706758E-01 -3.243976E+01 -2.888127E+01  1.942386E+00 -8.041589E-02  0.000000E+00  0.000000E+00  0.000000E+00  0.000000E+00  0.000000E+00  0.000000E+00
199  3.30355095E-01 -3.086108E+01 -2.749605E+01  1.756093E+00 -7.621461E-02  0.000000E+00  0.000000E+00  0.000000E+00  0.000000E+00  0.000000E+00  0.000000E+00
200  3.49900600E-01 -2.931904E+01 -2.613553E+01  1.554086E+00 -7.002023E-02  0.000000E+00  0.000000E+00  0.000000E+00  0.000000E+00  0.000000E+00  0.000000E+00
201  3.70372109E-01 -2.781273E+01 -2.479956E+01  1.346891E+00 -6.253678E-02  0.000000E+00  0.000000E+00  0.000000E+00  0.000000E+00  0.000000E+00  0.000000E+00
202  3.91798649E-01 -2.634199E+01 -2.348874E+01  1.143610E+00 -5.440540E-02  0.000000E+00  0.000000E+00  0.000000E+00  0.000000E+00  0.000000E+00  0.000000E+00
203  4.14209412E-01 -2.490791E+01 -2.220483E+01  9.515443E-01 -4.617082E-02  0.000000E+00  0.000000E+00  0.000000E+00  0.000000E+00  0.000000E+00  0.000000E+00
204  4.37633729E-01 -2.351245E+01 -2.095043E+01  7.760183E-01 -3.826232E-02  0.000000E+00  0.000000E+00  0.000000E+00  0.000000E+00  0.000000E+00  0.000000E+00
205  4.62101043E-01 -2.215951E+01 -1.973007E+01  6.203992E-01 -3.098835E-02  0.000000E+00  0.000000E+00  0.000000E+00  0.000000E+00  0.000000E+00  0.000000E+00
206  4.87640888E-01 -2.085324E+01 -1.854841E+01  4.862662E-01 -2.454231E-02  0.000000E+00  0.000000E+00  0.000000E+00  0.000000E+00  0.000000E+00  0.000000E+00
207  5.14282863E-01 -1.959809E+01 -1.741045E+01  3.736921E-01 -1.901651E-02  0.000000E+00  0.000000E+00  0.000000E+00  0.000000E+00  0.000000E+00  0.000000E+00
208  5.42056607E-01 -1.839776E+01 -1.632036E+01  2.815867E-01 -1.442150E-02  0.000000E+00  0.000000E+00  0.000000E+00  0.000000E+00  0.000000E+00  0.000000E+00
209  5.70991775E-01 -1.725480E+01 -1.528112E+01  2.080555E-01 -1.070745E-02  0.000000E+00  0.000000E+00  0.000000E+00  0.000000E+00  0.000000E+00  0.000000E+00
210  6.01118021E-01 -1.617033E+01 -1.429429E+01  1.507349E-01 -7.785015E-03  0.000000E+00  0.000000E+00  0.000000E+00  0.000000E+00  0.000000E+00  0.000000E+00
211  6.32464970E-01 -1.514433E+01 -1.336021E+01  1.070790E-01 -5.543801E-03  0.000000E+00  0.000000E+00  0.000000E+00  0.000000E+00  0.000000E+00  0.000000E+00
212  6.65062201E-01 -1.417568E+01 -1.247815E+01  7.458115E-02 -3.867086E-03  0.000000E+00  0.000000E+00  0.000000E+00  0.000000E+00  0.000000E+00  0.000000E+00
213  6.98939223E-01 -1.326238E+01 -1.164645E+01  5.092784E-02 -2.642529E-03  0.000000E+00  0.000000E+00  0.000000E+00  0.000000E+00  0.000000E+00  0.000000E+00
214  7.34125462E-01 -1.240217E+01 -1.086315E+01  3.409112E-02 -1.769002E-03  0.000000E+00  0.000000E+00  0.000000E+00  0.000000E+00  0.000000E+00  0.000000E+00
215  7.70650235E-01 -1.159245E+01 -1.012593E+01  2.236849E-02 -1.160127E-03  0.000000E+00  0.000000E+00  0.000000E+00  0.000000E+00  0.000000E+00  0.000000E+00
216  8.08542737E-01 -1.083051E+01 -9.432397E+00  1.438412E-02 -7.453000E-04  0.000000E+00  0.000000E+00  0.000000E+00  0.000000E+00  0.000000E+00  0.000000E+00
217  8.47832025E-01 -1.011378E+01 -8.780210E+00  9.063911E-03 -4.689999E-04  0.000000E+00  0.000000E+00  0.000000E+00  0.000000E+00  0.000000E+00  0.000000E+00
218  8.88546997E-01 -9.439797E+00 -8.167160E+00  5.595803E-03 -2.890586E-04  0.000000E+00  0.000000E+00  0.000000E+00  0.000000E+00  0.000000E+00  0.000000E+00
219  9.30716384E-01 -8.806282E+00 -7.591187E+00  3.384127E-03 -1.744682E-04  0.000000E+00  0.000000E+00  0.000000E+00  0.000000E+00  0.000000E+00  0.000000E+00
220  9.74368729E-01 -8.211140E+00 -7.050410E+00  2.004411E-03 -1.031099E-04  0.000000E+00  0.000000E+00  0.000000E+00  0.000000E+00  0.000000E+00  0.000000E+00
221  1.01953238E+00 -7.652459E+00 -6.543114E+00  1.162511E-03 -5.965789E-05  0.000000E+00  0.000000E+00  0.000000E+00  0.000000E+00  0.000000E+00  0.000000E+00
222  1.06623547E+00 -7.128493E+00 -6.067737E+00  6.600679E-04 -3.378641E-05  0.000000E+00  0.000000E+00  0.000000E+00  0.000000E+00  0.000000E+00  0.000000E+00
223  1.11450591E+00 -6.637633E+00 -5.622844E+00  3.668331E-04 -1.872580E-05  0.000000E+00  0.000000E+00  0.000000E+00  0.000000E+00  0.000000E+00  0.000000E+00
224  1.16437139E+00 -6.178365E+00 -5.207080E+00  1.994995E-04 -1.015490E-05  0.000000E+00  0.000000E+00  0.000000E+00  0.000000E+00  0.000000E+00  0.000000E+00
225  1.21585935E+00 -5.749267E+00 -4.819173E+00  1.061477E-04 -5.387114E-06  0.000000E+00  0.000000E+00  0.000000E+00  0.000000E+00  0.000000E+00  0.000000E+00
226  1.26899696E+00 -5.348934E+00 -4.457860E+00  5.524278E-05 -2.795033E-06  0.000000E+00  0.000000E+00  0.000000E+00  0.000000E+00  0.000000E+00  0.000000E+00
227  1.32381117E+00 -4.975999E+00 -4.121905E+00  2.811475E-05 -1.417976E-06  0.000000E+00  0.000000E+00  0.000000E+00  0.000000E+00  0.000000E+00  0.000000E+00
228  1.38032862E+00 -4.629099E+00 -3.810067E+00  1.398888E-05 -7.032348E-07  0.000000E+00  0.000000E+00  0.000000E+00  0.000000E+00  0.000000E+00  0.000000E+00
229  1.43857571E+00 -4.306872E+00 -3.521099E+00  6.803242E-06 -3.408600E-07  0.000000E+00  0.000000E+00  0.000000E+00  0.000000E+00  0.000000E+00  0.000000E+00
230  1.49857854E+00 -4.007956E+00 -3.253746E+00  3.233150E-06 -1.614315E-07  0.000000E+00  0.000000E+00  0.000000E+00  0.000000E+00  0.000000E+00  0.000000E+00
231  1.56036292E+00 -3.730996E+00 -3.006753E+00  1.501079E-06 -7.468378E-08  0.000000E+00  0.000000E+00  0.000000E+00  0.000000E+00  0.000000E+00  0.000000E+00
232  1.62395439E+00 -3.474642E+00 -2.778864E+00  6.806734E-07 -3.374248E-08  0.000000E+00  0.000000E+00  0.000000E+00  0.000000E+00  0.000000E+00  0.000000E+00
233  1.68937818E+00 -3.237566E+00 -2.568837E+00  3.013835E-07 -1.488417E-08  0.000000E+00  0.000000E+00  0.000000E+00  0.000000E+00  0.000000E+00  0.000000E+00
234  1.75665923E+00 -3.018462E+00 -2.375451E+00  1.302664E-07 -6.408416E-09  0.000000E+00  0.000000E+00  0.000000E+00  0.000000E+00  0.000000E+00  0.000000E+00
235  1.82582216E+00 -2.816061E+00 -2.197512E+00  5.494938E-08 -2.692372E-09  0.000000E+00  0.000000E+00  0.000000E+00  0.000000E+00  0.000000E+00  0.000000E+00
236  1.89689131E+00 -2.629139E+00 -2.033867E+00  2.261493E-08 -1.103455E-09  0.000000E+00  0.000000E+00  0.000000E+00  0.000000E+00  0.000000E+00  0.000000E+00
237  1.96989070E+00 -2.456519E+00 -1.883408E+00  9.078479E-09 -4.410460E-10  0.000000E+00  0.000000E+00  0.000000E+00  0.000000E+00  0.000000E+00  0.000000E+00
238  2.04484404E+00 -2.297086E+00 -1.745081E+00  3.553843E-09 -1.718682E-10  0.000000E+00  0.000000E+00  0.000000E+00  0.000000E+00  0.000000E+00  0.000000E+00
239  2.12177474E+00 -2.149785E+00 -1.617891E+00  1.356226E-09 -6.527695E-11  0.000000E+00  0.000000E+00  0.000000E+00  0.000000E+00  0.000000E+00  0.000000E+00
240  2.20070589E+00 -2.013628E+00 -1.500906E+00  5.044235E-10 -2.673653E-11  0.000000E+00  0.000000E+00  0.000000E+00  0.000000E+00  0.000000E+00  0.000000E+00
241  2.28166029E+00 -1.887698E+00 -1.393260E+00  1.827962E-10 -2.237396E-12  0.000000E+00  0.000000E+00  0.000000E+00  0.000000E+00  0.000000E+00  0.000000E+00
