#      n =  4
#  kappa = -1
# energy = -3.27418419E+03
#zenergy =  0.00000000E+00
#     dn =  3.93582083E+00
# qrnorm =  1.00378741E+00
#SelfEne =  2.72113860E+32
#     vc = -1.50782888E+04
#     vr = -9.61045739E+03
#  ilast =  237
#    ifm =    0
#    cfm =  0.00000000E+00
#    xfm =  0.00000000E+00
#    rfn =  8.16166927E-03
#    pdx =  9.99816796E-01
#   bqp0 = -3.32343090E-05
#   bqp1 =  0.00000000E+00
#    idx = 9
# LEPTON = 0
#   MASS =  1.00000000E+00
# CHARGE =  1.00000000E+00
#  EUNIT =  2.72113860E+01
#  RUNIT =  4.13413733E+16
#  LUNIT =  5.29177211E-01
#    AMU =  1.82288849E+03
#    FSC =  7.29735257E-03


0    1.15046527E-08 -1.365271E-02  9.778727E+07  2.122561E-05 -7.063936E-10  0.000000E+00  0.000000E+00  0.000000E+00  0.000000E+00  0.000000E+00  0.000000E+00
1    1.26168860E-08 -1.497261E-02  8.916692E+07  2.327724E-05 -8.494029E-10  0.000000E+00  0.000000E+00  0.000000E+00  0.000000E+00  0.000000E+00  0.000000E+00
2    1.38366465E-08 -1.642011E-02  8.130649E+07  2.552721E-05 -1.021412E-09  0.000000E+00  0.000000E+00  0.000000E+00  0.000000E+00  0.000000E+00  0.000000E+00
3    1.51743031E-08 -1.800752E-02  7.413912E+07  2.799467E-05 -1.228294E-09  0.000000E+00  0.000000E+00  0.000000E+00  0.000000E+00  0.000000E+00  0.000000E+00
4    1.66412777E-08 -1.974840E-02  6.760358E+07  3.070066E-05 -1.477118E-09  0.000000E+00  0.000000E+00  0.000000E+00  0.000000E+00  0.000000E+00  0.000000E+00
5    1.82500718E-08 -2.165757E-02  6.164416E+07  3.366825E-05 -1.776387E-09  0.000000E+00  0.000000E+00  0.000000E+00  0.000000E+00  0.000000E+00  0.000000E+00
6    2.00143612E-08 -2.375128E-02  5.621017E+07  3.692268E-05 -2.136314E-09  0.000000E+00  0.000000E+00  0.000000E+00  0.000000E+00  0.000000E+00  0.000000E+00
7    2.19492098E-08 -2.604738E-02  5.125520E+07  4.049171E-05 -2.569202E-09  0.000000E+00  0.000000E+00  0.000000E+00  0.000000E+00  0.000000E+00  0.000000E+00
8    2.40711060E-08 -2.856546E-02  4.673701E+07  4.440576E-05 -3.089837E-09  0.000000E+00  0.000000E+00  0.000000E+00  0.000000E+00  0.000000E+00  0.000000E+00
9    2.63980864E-08 -3.132692E-02  4.261718E+07  4.869813E-05 -3.715990E-09  0.000000E+00  0.000000E+00  0.000000E+00  0.000000E+00  0.000000E+00  0.000000E+00
10   2.89500186E-08 -3.435532E-02  3.886051E+07  5.340544E-05 -4.469059E-09  0.000000E+00  0.000000E+00  0.000000E+00  0.000000E+00  0.000000E+00  0.000000E+00
11   3.17485937E-08 -3.767643E-02  3.543505E+07  5.856772E-05 -5.374748E-09  0.000000E+00  0.000000E+00  0.000000E+00  0.000000E+00  0.000000E+00  0.000000E+00
12   3.48177047E-08 -4.131858E-02  3.231154E+07  6.422902E-05 -6.464006E-09  0.000000E+00  0.000000E+00  0.000000E+00  0.000000E+00  0.000000E+00  0.000000E+00
13   3.81835043E-08 -4.531281E-02  2.946336E+07  7.043757E-05 -7.774037E-09  0.000000E+00  0.000000E+00  0.000000E+00  0.000000E+00  0.000000E+00  0.000000E+00
14   4.18746002E-08 -4.969308E-02  2.686628E+07  7.724618E-05 -9.349554E-09  0.000000E+00  0.000000E+00  0.000000E+00  0.000000E+00  0.000000E+00  0.000000E+00
15   4.59224244E-08 -5.449667E-02  2.449817E+07  8.471285E-05 -1.124436E-08  0.000000E+00  0.000000E+00  0.000000E+00  0.000000E+00  0.000000E+00  0.000000E+00
16   5.03615331E-08 -5.976462E-02  2.233880E+07  9.290126E-05 -1.352318E-08  0.000000E+00  0.000000E+00  0.000000E+00  0.000000E+00  0.000000E+00  0.000000E+00
17   5.52297500E-08 -6.554179E-02  2.036976E+07  1.018811E-04 -1.626386E-08  0.000000E+00  0.000000E+00  0.000000E+00  0.000000E+00  0.000000E+00  0.000000E+00
18   6.05683442E-08 -7.187716E-02  1.857435E+07  1.117288E-04 -1.955987E-08  0.000000E+00  0.000000E+00  0.000000E+00  0.000000E+00  0.000000E+00  0.000000E+00
19   6.64229753E-08 -7.882491E-02  1.693719E+07  1.225283E-04 -2.352386E-08  0.000000E+00  0.000000E+00  0.000000E+00  0.000000E+00  0.000000E+00  0.000000E+00
20   7.28435242E-08 -8.644425E-02  1.544432E+07  1.343716E-04 -2.829121E-08  0.000000E+00  0.000000E+00  0.000000E+00  0.000000E+00  0.000000E+00  0.000000E+00
21   7.98845545E-08 -9.479992E-02  1.408307E+07  1.473595E-04 -3.402461E-08  0.000000E+00  0.000000E+00  0.000000E+00  0.000000E+00  0.000000E+00  0.000000E+00
22   8.76060161E-08 -1.039631E-01  1.284182E+07  1.616026E-04 -4.091981E-08  0.000000E+00  0.000000E+00  0.000000E+00  0.000000E+00  0.000000E+00  0.000000E+00
23   9.60736496E-08 -1.140117E-01  1.170999E+07  1.772221E-04 -4.921219E-08  0.000000E+00  0.000000E+00  0.000000E+00  0.000000E+00  0.000000E+00  0.000000E+00
24   1.05359729E-07 -1.250316E-01  1.067792E+07  1.943511E-04 -5.918503E-08  0.000000E+00  0.000000E+00  0.000000E+00  0.000000E+00  0.000000E+00  0.000000E+00
25   1.15542961E-07 -1.371161E-01  9.736842E+06  2.131353E-04 -7.117841E-08  0.000000E+00  0.000000E+00  0.000000E+00  0.000000E+00  0.000000E+00  0.000000E+00
26   1.26710423E-07 -1.503687E-01  8.878706E+06  2.337348E-04 -8.560218E-08  0.000000E+00  0.000000E+00  0.000000E+00  0.000000E+00  0.000000E+00  0.000000E+00
27   1.38957001E-07 -1.649018E-01  8.096214E+06  2.563249E-04 -1.029485E-07  0.000000E+00  0.000000E+00  0.000000E+00  0.000000E+00  0.000000E+00  0.000000E+00
28   1.52386948E-07 -1.808393E-01  7.382698E+06  2.810978E-04 -1.238094E-07  0.000000E+00  0.000000E+00  0.000000E+00  0.000000E+00  0.000000E+00  0.000000E+00
29   1.67114584E-07 -1.983167E-01  6.732075E+06  3.082645E-04 -1.488970E-07  0.000000E+00  0.000000E+00  0.000000E+00  0.000000E+00  0.000000E+00  0.000000E+00
30   1.83265272E-07 -2.174829E-01  6.138802E+06  3.380561E-04 -1.790675E-07  0.000000E+00  0.000000E+00  0.000000E+00  0.000000E+00  0.000000E+00  0.000000E+00
31   2.00976485E-07 -2.385010E-01  5.597822E+06  3.707262E-04 -2.153506E-07  0.000000E+00  0.000000E+00  0.000000E+00  0.000000E+00  0.000000E+00  0.000000E+00
32   2.20398971E-07 -2.615498E-01  5.104524E+06  4.065529E-04 -2.589846E-07  0.000000E+00  0.000000E+00  0.000000E+00  0.000000E+00  0.000000E+00  0.000000E+00
33   2.41697616E-07 -2.868251E-01  4.654714E+06  4.458406E-04 -3.114576E-07  0.000000E+00  0.000000E+00  0.000000E+00  0.000000E+00  0.000000E+00  0.000000E+00
34   2.65054033E-07 -3.145423E-01  4.244549E+06  4.889240E-04 -3.745609E-07  0.000000E+00  0.000000E+00  0.000000E+00  0.000000E+00  0.000000E+00  0.000000E+00
35   2.90666988E-07 -3.449374E-01  3.870534E+06  5.361697E-04 -4.504478E-07  0.000000E+00  0.000000E+00  0.000000E+00  0.000000E+00  0.000000E+00  0.000000E+00
36   3.18754444E-07 -3.782690E-01  3.529482E+06  5.879796E-04 -5.417077E-07  0.000000E+00  0.000000E+00  0.000000E+00  0.000000E+00  0.000000E+00  0.000000E+00
37   3.49554805E-07 -4.148199E-01  3.218493E+06  6.447940E-04 -6.514521E-07  0.000000E+00  0.000000E+00  0.000000E+00  0.000000E+00  0.000000E+00  0.000000E+00
38   3.83330652E-07 -4.549018E-01  2.934912E+06  7.070966E-04 -7.834268E-07  0.000000E+00  0.000000E+00  0.000000E+00  0.000000E+00  0.000000E+00  0.000000E+00
39   4.20368640E-07 -4.988549E-01  2.676326E+06  7.754167E-04 -9.421312E-07  0.000000E+00  0.000000E+00  0.000000E+00  0.000000E+00  0.000000E+00  0.000000E+00
40   4.60983691E-07 -5.470528E-01  2.440532E+06  8.503352E-04 -1.132978E-06  0.000000E+00  0.000000E+00  0.000000E+00  0.000000E+00  0.000000E+00  0.000000E+00
41   5.05521995E-07 -5.999063E-01  2.225517E+06  9.324899E-04 -1.362479E-06  0.000000E+00  0.000000E+00  0.000000E+00  0.000000E+00  0.000000E+00  0.000000E+00
42   5.54361474E-07 -6.578639E-01  2.029452E+06  1.022578E-03 -1.638457E-06  0.000000E+00  0.000000E+00  0.000000E+00  0.000000E+00  0.000000E+00  0.000000E+00
43   6.07917317E-07 -7.214181E-01  1.850666E+06  1.121367E-03 -1.970322E-06  0.000000E+00  0.000000E+00  0.000000E+00  0.000000E+00  0.000000E+00  0.000000E+00
44   6.66644772E-07 -7.911093E-01  1.687637E+06  1.229694E-03 -2.369389E-06  0.000000E+00  0.000000E+00  0.000000E+00  0.000000E+00  0.000000E+00  0.000000E+00
45   7.31043012E-07 -8.675296E-01  1.538975E+06  1.348481E-03 -2.849262E-06  0.000000E+00  0.000000E+00  0.000000E+00  0.000000E+00  0.000000E+00  0.000000E+00
46   8.01659368E-07 -9.513284E-01  1.403414E+06  1.478737E-03 -3.426299E-06  0.000000E+00  0.000000E+00  0.000000E+00  0.000000E+00  0.000000E+00  0.000000E+00
47   8.79093974E-07 -1.043218E+00  1.279798E+06  1.621569E-03 -4.120168E-06  0.000000E+00  0.000000E+00  0.000000E+00  0.000000E+00  0.000000E+00  0.000000E+00
48   9.64003183E-07 -1.143976E+00  1.167077E+06  1.778188E-03 -4.954501E-06  0.000000E+00  0.000000E+00  0.000000E+00  0.000000E+00  0.000000E+00  0.000000E+00
49   1.05710802E-06 -1.254459E+00  1.064290E+06  1.949924E-03 -5.957721E-06  0.000000E+00  0.000000E+00  0.000000E+00  0.000000E+00  0.000000E+00  0.000000E+00
50   1.15920253E-06 -1.375609E+00  9.705574E+05  2.138238E-03 -7.164043E-06  0.000000E+00  0.000000E+00  0.000000E+00  0.000000E+00  0.000000E+00  0.000000E+00
51   1.27114950E-06 -1.508448E+00  8.850857E+05  2.344724E-03 -8.614510E-06  0.000000E+00  0.000000E+00  0.000000E+00  0.000000E+00  0.000000E+00  0.000000E+00
52   1.39390018E-06 -1.654104E+00  8.071454E+05  2.571136E-03 -1.035853E-05  0.000000E+00  0.000000E+00  0.000000E+00  0.000000E+00  0.000000E+00  0.000000E+00
53   1.52849785E-06 -1.813816E+00  7.360719E+05  2.819394E-03 -1.245550E-05  0.000000E+00  0.000000E+00  0.000000E+00  0.000000E+00  0.000000E+00  0.000000E+00
54   1.67608231E-06 -1.988934E+00  6.712611E+05  3.091602E-03 -1.497678E-05  0.000000E+00  0.000000E+00  0.000000E+00  0.000000E+00  0.000000E+00  0.000000E+00
55   1.83790724E-06 -2.180944E+00  6.121602E+05  3.390069E-03 -1.800821E-05  0.000000E+00  0.000000E+00  0.000000E+00  0.000000E+00  0.000000E+00  0.000000E+00
56   2.01534226E-06 -2.391469E+00  5.582669E+05  3.717321E-03 -2.165288E-05  0.000000E+00  0.000000E+00  0.000000E+00  0.000000E+00  0.000000E+00  0.000000E+00
57   2.20989566E-06 -2.622297E+00  5.091211E+05  4.076132E-03 -2.603486E-05  0.000000E+00  0.000000E+00  0.000000E+00  0.000000E+00  0.000000E+00  0.000000E+00
58   2.42321417E-06 -2.875377E+00  4.643051E+05  4.469539E-03 -3.130312E-05  0.000000E+00  0.000000E+00  0.000000E+00  0.000000E+00  0.000000E+00  0.000000E+00
59   2.65710441E-06 -3.152848E+00  4.234374E+05  4.900867E-03 -3.763674E-05  0.000000E+00  0.000000E+00  0.000000E+00  0.000000E+00  0.000000E+00  0.000000E+00
60   2.91355088E-06 -3.457058E+00  3.861696E+05  5.373767E-03 -4.525108E-05  0.000000E+00  0.000000E+00  0.000000E+00  0.000000E+00  0.000000E+00  0.000000E+00
61   3.19472289E-06 -3.790574E+00  3.521849E+05  5.892231E-03 -5.440476E-05  0.000000E+00  0.000000E+00  0.000000E+00  0.000000E+00  0.000000E+00  0.000000E+00
62   3.50300197E-06 -4.156208E+00  3.211937E+05  6.460638E-03 -6.540868E-05  0.000000E+00  0.000000E+00  0.000000E+00  0.000000E+00  0.000000E+00  0.000000E+00
63   3.84099712E-06 -4.557041E+00  2.929318E+05  7.083780E-03 -7.863637E-05  0.000000E+00  0.000000E+00  0.000000E+00  0.000000E+00  0.000000E+00  0.000000E+00
64   4.21156786E-06 -4.996447E+00  2.671589E+05  7.766909E-03 -9.453664E-05  0.000000E+00  0.000000E+00  0.000000E+00  0.000000E+00  0.000000E+00  0.000000E+00
65   4.61784978E-06 -5.478119E+00  2.436571E+05  8.515774E-03 -1.136487E-04  0.000000E+00  0.000000E+00  0.000000E+00  0.000000E+00  0.000000E+00  0.000000E+00
66   5.06327649E-06 -6.006096E+00  2.222247E+05  9.336665E-03 -1.366202E-04  0.000000E+00  0.000000E+00  0.000000E+00  0.000000E+00  0.000000E+00  0.000000E+00
67   5.55161366E-06 -6.584799E+00  2.026801E+05  1.023647E-02 -1.642292E-04  0.000000E+00  0.000000E+00  0.000000E+00  0.000000E+00  0.000000E+00  0.000000E+00
68   6.08698590E-06 -7.219061E+00  1.848567E+05  1.122273E-02 -1.974097E-04  0.000000E+00  0.000000E+00  0.000000E+00  0.000000E+00  0.000000E+00  0.000000E+00
69   6.67391443E-06 -7.914165E+00  1.686021E+05  1.230368E-02 -2.372836E-04  0.000000E+00  0.000000E+00  0.000000E+00  0.000000E+00  0.000000E+00  0.000000E+00
70   7.31735392E-06 -8.675882E+00  1.537796E+05  1.348833E-02 -2.851972E-04  0.000000E+00  0.000000E+00  0.000000E+00  0.000000E+00  0.000000E+00  0.000000E+00
71   8.02273392E-06 -9.510515E+00  1.402627E+05  1.478651E-02 -3.427668E-04  0.000000E+00  0.000000E+00  0.000000E+00  0.000000E+00  0.000000E+00  0.000000E+00
72   8.79600036E-06 -1.042493E+01  1.279353E+05  1.620899E-02 -4.119310E-04  0.000000E+00  0.000000E+00  0.000000E+00  0.000000E+00  0.000000E+00  0.000000E+00
73   9.64367338E-06 -1.142662E+01  1.166937E+05  1.776748E-02 -4.950156E-04  0.000000E+00  0.000000E+00  0.000000E+00  0.000000E+00  0.000000E+00  0.000000E+00
74   1.05728932E-05 -1.252373E+01  1.064425E+05  1.947476E-02 -5.948085E-04  0.000000E+00  0.000000E+00  0.000000E+00  0.000000E+00  0.000000E+00  0.000000E+00
75   1.15914832E-05 -1.372511E+01  9.709382E+04  2.134476E-02 -7.146510E-04  0.000000E+00  0.000000E+00  0.000000E+00  0.000000E+00  0.000000E+00  0.000000E+00
76   1.27080132E-05 -1.504038E+01  8.856837E+04  2.339260E-02 -8.585444E-04  0.000000E+00  0.000000E+00  0.000000E+00  0.000000E+00  0.000000E+00  0.000000E+00
77   1.39318745E-05 -1.647993E+01  8.079404E+04  2.563471E-02 -1.031279E-03  0.000000E+00  0.000000E+00  0.000000E+00  0.000000E+00  0.000000E+00  0.000000E+00
78   1.52733522E-05 -1.805498E+01  7.370493E+04  2.808890E-02 -1.238582E-03  0.000000E+00  0.000000E+00  0.000000E+00  0.000000E+00  0.000000E+00  0.000000E+00
79   1.67437127E-05 -1.977763E+01  6.724069E+04  3.077443E-02 -1.487298E-03  0.000000E+00  0.000000E+00  0.000000E+00  0.000000E+00  0.000000E+00  0.000000E+00
80   1.83552950E-05 -2.166080E+01  6.134654E+04  3.371203E-02 -1.785594E-03  0.000000E+00  0.000000E+00  0.000000E+00  0.000000E+00  0.000000E+00  0.000000E+00
81   2.01216163E-05 -2.371831E+01  5.597275E+04  3.692400E-02 -2.143205E-03  0.000000E+00  0.000000E+00  0.000000E+00  0.000000E+00  0.000000E+00  0.000000E+00
82   2.20574781E-05 -2.596477E+01  5.107398E+04  4.043419E-02 -2.571715E-03  0.000000E+00  0.000000E+00  0.000000E+00  0.000000E+00  0.000000E+00  0.000000E+00
83   2.41790911E-05 -2.841556E+01  4.660906E+04  4.426798E-02 -3.084880E-03  0.000000E+00  0.000000E+00  0.000000E+00  0.000000E+00  0.000000E+00  0.000000E+00
84   2.65042049E-05 -3.108662E+01  4.254056E+04  4.845220E-02 -3.698996E-03  0.000000E+00  0.000000E+00  0.000000E+00  0.000000E+00  0.000000E+00  0.000000E+00
85   2.90522544E-05 -3.399432E+01  3.883459E+04  5.301499E-02 -4.433313E-03  0.000000E+00  0.000000E+00  0.000000E+00  0.000000E+00  0.000000E+00  0.000000E+00
86   3.18445207E-05 -3.715506E+01  3.546074E+04  5.798555E-02 -5.310493E-03  0.000000E+00  0.000000E+00  0.000000E+00  0.000000E+00  0.000000E+00  0.000000E+00
87   3.49043009E-05 -4.058488E+01  3.239154E+04  6.339384E-02 -6.357096E-03  0.000000E+00  0.000000E+00  0.000000E+00  0.000000E+00  0.000000E+00  0.000000E+00
88   3.82570965E-05 -4.429875E+01  2.960259E+04  6.926997E-02 -7.604089E-03  0.000000E+00  0.000000E+00  0.000000E+00  0.000000E+00  0.000000E+00  0.000000E+00
89   4.19308267E-05 -4.830968E+01  2.707249E+04  7.564361E-02 -9.087342E-03  0.000000E+00  0.000000E+00  0.000000E+00  0.000000E+00  0.000000E+00  0.000000E+00
90   4.59560449E-05 -5.262746E+01  2.478252E+04  8.254306E-02 -1.084806E-02  0.000000E+00  0.000000E+00  0.000000E+00  0.000000E+00  0.000000E+00  0.000000E+00
91   5.03661913E-05 -5.725698E+01  2.271711E+04  8.999405E-02 -1.293312E-02  0.000000E+00  0.000000E+00  0.000000E+00  0.000000E+00  0.000000E+00  0.000000E+00
92   5.51978603E-05 -6.219593E+01  2.086398E+04  9.801835E-02 -1.539509E-02  0.000000E+00  0.000000E+00  0.000000E+00  0.000000E+00  0.000000E+00  0.000000E+00
93   6.04910908E-05 -6.743167E+01  1.921414E+04  1.066321E-01 -1.829198E-02  0.000000E+00  0.000000E+00  0.000000E+00  0.000000E+00  0.000000E+00  0.000000E+00
94   6.62896922E-05 -7.293714E+01  1.776270E+04  1.158436E-01 -2.168634E-02  0.000000E+00  0.000000E+00  0.000000E+00  0.000000E+00  0.000000E+00  0.000000E+00
95   7.26415880E-05 -7.866537E+01  1.650964E+04  1.256520E-01 -2.564347E-02  0.000000E+00  0.000000E+00  0.000000E+00  0.000000E+00  0.000000E+00  0.000000E+00
96   7.95992009E-05 -8.454222E+01  1.546062E+04  1.360446E-01 -3.022840E-02  0.000000E+00  0.000000E+00  0.000000E+00  0.000000E+00  0.000000E+00  0.000000E+00
97   8.72198657E-05 -9.045702E+01  1.462827E+04  1.469965E-01 -3.550123E-02  0.000000E+00  0.000000E+00  0.000000E+00  0.000000E+00  0.000000E+00  0.000000E+00
98   9.55662808E-05 -9.625066E+01  1.403238E+04  1.584703E-01 -4.151012E-02  0.000000E+00  0.000000E+00  0.000000E+00  0.000000E+00  0.000000E+00  0.000000E+00
99   1.04707003E-04 -1.017021E+02  1.369356E+04  1.704201E-01 -4.828165E-02  0.000000E+00  0.000000E+00  0.000000E+00  0.000000E+00  0.000000E+00  0.000000E+00
100  1.14716985E-04 -1.065181E+02  1.358037E+04  1.827994E-01 -5.580824E-02  0.000000E+00  0.000000E+00  0.000000E+00  0.000000E+00  0.000000E+00  0.000000E+00
101  1.25678159E-04 -1.103494E+02  1.343402E+04  1.955696E-01 -6.403439E-02  0.000000E+00  0.000000E+00  0.000000E+00  0.000000E+00  0.000000E+00  0.000000E+00
102  1.37680073E-04 -1.128993E+02  1.275872E+04  2.086977E-01 -7.284885E-02  0.000000E+00  0.000000E+00  0.000000E+00  0.000000E+00  0.000000E+00  0.000000E+00
103  1.50820587E-04 -1.141870E+02  1.140550E+04  2.221844E-01 -8.210289E-02  0.000000E+00  0.000000E+00  0.000000E+00  0.000000E+00  0.000000E+00  0.000000E+00
104  1.65206620E-04 -1.146533E+02  9.901270E+03  2.361036E-01 -9.166432E-02  0.000000E+00  0.000000E+00  0.000000E+00  0.000000E+00  0.000000E+00  0.000000E+00
105  1.80954976E-04 -1.147734E+02  8.729551E+03  2.505012E-01 -1.014614E-01  0.000000E+00  0.000000E+00  0.000000E+00  0.000000E+00  0.000000E+00  0.000000E+00
106  1.98193232E-04 -1.147869E+02  7.858744E+03  2.653786E-01 -1.114750E-01  0.000000E+00  0.000000E+00  0.000000E+00  0.000000E+00  0.000000E+00  0.000000E+00
107  2.17060704E-04 -1.147730E+02  7.125465E+03  2.807469E-01 -1.217102E-01  0.000000E+00  0.000000E+00  0.000000E+00  0.000000E+00  0.000000E+00  0.000000E+00
108  2.37709505E-04 -1.147517E+02  6.467193E+03  2.966213E-01 -1.321803E-01  0.000000E+00  0.000000E+00  0.000000E+00  0.000000E+00  0.000000E+00  0.000000E+00
109  2.60305677E-04 -1.147274E+02  5.868310E+03  3.130132E-01 -1.429000E-01  0.000000E+00  0.000000E+00  0.000000E+00  0.000000E+00  0.000000E+00  0.000000E+00
110  2.85030436E-04 -1.147005E+02  5.322385E+03  3.299294E-01 -1.538837E-01  0.000000E+00  0.000000E+00  0.000000E+00  0.000000E+00  0.000000E+00  0.000000E+00
111  3.12081512E-04 -1.146711E+02  4.824701E+03  3.473726E-01 -1.651449E-01  0.000000E+00  0.000000E+00  0.000000E+00  0.000000E+00  0.000000E+00  0.000000E+00
112  3.41674606E-04 -1.146388E+02  4.371066E+03  3.653415E-01 -1.766956E-01  0.000000E+00  0.000000E+00  0.000000E+00  0.000000E+00  0.000000E+00  0.000000E+00
113  3.74044964E-04 -1.146034E+02  3.957653E+03  3.838293E-01 -1.885461E-01  0.000000E+00  0.000000E+00  0.000000E+00  0.000000E+00  0.000000E+00  0.000000E+00
114  4.09449092E-04 -1.145646E+02  3.580969E+03  4.028241E-01 -2.007050E-01  0.000000E+00  0.000000E+00  0.000000E+00  0.000000E+00  0.000000E+00  0.000000E+00
115  4.48166595E-04 -1.145221E+02  3.237826E+03  4.223068E-01 -2.131787E-01  0.000000E+00  0.000000E+00  0.000000E+00  0.000000E+00  0.000000E+00  0.000000E+00
116  4.90502180E-04 -1.144756E+02  2.925315E+03  4.422509E-01 -2.259708E-01  0.000000E+00  0.000000E+00  0.000000E+00  0.000000E+00  0.000000E+00  0.000000E+00
117  5.36787821E-04 -1.144248E+02  2.640785E+03  4.626210E-01 -2.390823E-01  0.000000E+00  0.000000E+00  0.000000E+00  0.000000E+00  0.000000E+00  0.000000E+00
118  5.87385078E-04 -1.143693E+02  2.381814E+03  4.833716E-01 -2.525106E-01  0.000000E+00  0.000000E+00  0.000000E+00  0.000000E+00  0.000000E+00  0.000000E+00
119  6.42687631E-04 -1.143086E+02  2.146194E+03  5.044459E-01 -2.662492E-01  0.000000E+00  0.000000E+00  0.000000E+00  0.000000E+00  0.000000E+00  0.000000E+00
120  7.03123987E-04 -1.142423E+02  1.931906E+03  5.257736E-01 -2.802873E-01  0.000000E+00  0.000000E+00  0.000000E+00  0.000000E+00  0.000000E+00  0.000000E+00
121  7.69160412E-04 -1.141701E+02  1.737109E+03  5.472701E-01 -2.946087E-01  0.000000E+00  0.000000E+00  0.000000E+00  0.000000E+00  0.000000E+00  0.000000E+00
122  8.41304077E-04 -1.140913E+02  1.560119E+03  5.688340E-01 -3.091917E-01  0.000000E+00  0.000000E+00  0.000000E+00  0.000000E+00  0.000000E+00  0.000000E+00
123  9.20106455E-04 -1.140054E+02  1.399396E+03  5.903455E-01 -3.240080E-01  0.000000E+00  0.000000E+00  0.000000E+00  0.000000E+00  0.000000E+00  0.000000E+00
124  1.00616697E-03 -1.139120E+02  1.253535E+03  6.116641E-01 -3.390219E-01  0.000000E+00  0.000000E+00  0.000000E+00  0.000000E+00  0.000000E+00  0.000000E+00
125  1.10013690E-03 -1.138104E+02  1.121245E+03  6.326265E-01 -3.541895E-01  0.000000E+00  0.000000E+00  0.000000E+00  0.000000E+00  0.000000E+00  0.000000E+00
126  1.20272360E-03 -1.137000E+02  1.001347E+03  6.530441E-01 -3.694579E-01  0.000000E+00  0.000000E+00  0.000000E+00  0.000000E+00  0.000000E+00  0.000000E+00
127  1.31469498E-03 -1.135800E+02  8.927611E+02  6.727013E-01 -3.847636E-01  0.000000E+00  0.000000E+00  0.000000E+00  0.000000E+00  0.000000E+00  0.000000E+00
128  1.43688437E-03 -1.134500E+02  7.944951E+02  6.913521E-01 -4.000324E-01  0.000000E+00  0.000000E+00  0.000000E+00  0.000000E+00  0.000000E+00  0.000000E+00
129  1.57019564E-03 -1.133090E+02  7.056399E+02  7.087190E-01 -4.151774E-01  0.000000E+00  0.000000E+00  0.000000E+00  0.000000E+00  0.000000E+00  0.000000E+00
130  1.71560875E-03 -1.131564E+02  6.253610E+02  7.244900E-01 -4.300987E-01  0.000000E+00  0.000000E+00  0.000000E+00  0.000000E+00  0.000000E+00  0.000000E+00
131  1.87418560E-03 -1.129913E+02  5.528922E+02  7.383172E-01 -4.446818E-01  0.000000E+00  0.000000E+00  0.000000E+00  0.000000E+00  0.000000E+00  0.000000E+00
132  2.04707635E-03 -1.128130E+02  4.875299E+02  7.498155E-01 -4.587966E-01  0.000000E+00  0.000000E+00  0.000000E+00  0.000000E+00  0.000000E+00  0.000000E+00
133  2.23552606E-03 -1.126206E+02  4.286278E+02  7.585614E-01 -4.722971E-01  0.000000E+00  0.000000E+00  0.000000E+00  0.000000E+00  0.000000E+00  0.000000E+00
134  2.44088182E-03 -1.124132E+02  3.755926E+02  7.640931E-01 -4.850197E-01  0.000000E+00  0.000000E+00  0.000000E+00  0.000000E+00  0.000000E+00  0.000000E+00
135  2.66460030E-03 -1.121899E+02  3.278795E+02  7.659117E-01 -4.967835E-01  0.000000E+00  0.000000E+00  0.000000E+00  0.000000E+00  0.000000E+00  0.000000E+00
136  2.90825573E-03 -1.119497E+02  2.849892E+02  7.634835E-01 -5.074256E-01  0.000000E+00  0.000000E+00  0.000000E+00  0.000000E+00  0.000000E+00  0.000000E+00
137  3.17354836E-03 -1.116918E+02  2.464637E+02  7.562435E-01 -5.166965E-01  0.000000E+00  0.000000E+00  0.000000E+00  0.000000E+00  0.000000E+00  0.000000E+00
138  3.46231346E-03 -1.114150E+02  2.118840E+02  7.436020E-01 -5.243622E-01  0.000000E+00  0.000000E+00  0.000000E+00  0.000000E+00  0.000000E+00  0.000000E+00
139  3.77653069E-03 -1.111184E+02  1.808670E+02  7.249528E-01 -5.301725E-01  0.000000E+00  0.000000E+00  0.000000E+00  0.000000E+00  0.000000E+00  0.000000E+00
140  4.11833413E-03 -1.108009E+02  1.530633E+02  6.996844E-01 -5.338632E-01  0.000000E+00  0.000000E+00  0.000000E+00  0.000000E+00  0.000000E+00  0.000000E+00
141  4.49002269E-03 -1.104613E+02  1.281542E+02  6.671946E-01 -5.351581E-01  0.000000E+00  0.000000E+00  0.000000E+00  0.000000E+00  0.000000E+00  0.000000E+00
142  4.89407112E-03 -1.100985E+02  1.058503E+02  6.269091E-01 -5.337732E-01  0.000000E+00  0.000000E+00  0.000000E+00  0.000000E+00  0.000000E+00  0.000000E+00
143  5.33314151E-03 -1.097112E+02  8.588899E+01  5.783038E-01 -5.294216E-01  0.000000E+00  0.000000E+00  0.000000E+00  0.000000E+00  0.000000E+00  0.000000E+00
144  5.81009533E-03 -1.092982E+02  6.803226E+01  5.209319E-01 -5.218193E-01  0.000000E+00  0.000000E+00  0.000000E+00  0.000000E+00  0.000000E+00  0.000000E+00
145  6.32800596E-03 -1.088581E+02  5.206530E+01  4.544557E-01 -5.106929E-01  0.000000E+00  0.000000E+00  0.000000E+00  0.000000E+00  0.000000E+00  0.000000E+00
146  6.89017177E-03 -1.083895E+02  3.779450E+01  3.786835E-01 -4.957888E-01  0.000000E+00  0.000000E+00  0.000000E+00  0.000000E+00  0.000000E+00  0.000000E+00
147  7.50012969E-03 -1.078908E+02  2.504566E+01  2.936098E-01 -4.768836E-01  0.000000E+00  0.000000E+00  0.000000E+00  0.000000E+00  0.000000E+00  0.000000E+00
148  8.16166927E-03 -1.073605E+02  1.366258E+01  1.994614E-01 -4.537964E-01  0.000000E+00  0.000000E+00  0.000000E+00  0.000000E+00  0.000000E+00  0.000000E+00
149  8.87884717E-03 -1.067970E+02  3.505284E+00  9.674450E-02 -4.264026E-01  0.000000E+00  0.000000E+00  0.000000E+00  0.000000E+00  0.000000E+00  0.000000E+00
150  9.65600218E-03 -1.061985E+02 -5.551302E+00 -1.370558E-02 -3.946486E-01  0.000000E+00  0.000000E+00  0.000000E+00  0.000000E+00  0.000000E+00  0.000000E+00
151  1.04977706E-02 -1.055633E+02 -1.361867E+01 -1.306761E-01 -3.585675E-01  0.000000E+00  0.000000E+00  0.000000E+00  0.000000E+00  0.000000E+00  0.000000E+00
152  1.14091018E-02 -1.048899E+02 -2.079625E+01 -2.525321E-01 -3.182956E-01  0.000000E+00  0.000000E+00  0.000000E+00  0.000000E+00  0.000000E+00  0.000000E+00
153  1.23952748E-02 -1.041764E+02 -2.717242E+01 -3.771797E-01 -2.740876E-01  0.000000E+00  0.000000E+00  0.000000E+00  0.000000E+00  0.000000E+00  0.000000E+00
154  1.34619141E-02 -1.034211E+02 -3.282585E+01 -5.020407E-01 -2.263316E-01  0.000000E+00  0.000000E+00  0.000000E+00  0.000000E+00  0.000000E+00  0.000000E+00
155  1.46150067E-02 -1.026226E+02 -3.782645E+01 -6.240449E-01 -1.755607E-01  0.000000E+00  0.000000E+00  0.000000E+00  0.000000E+00  0.000000E+00  0.000000E+00
156  1.58609186E-02 -1.017790E+02 -4.223639E+01 -7.396456E-01 -1.224619E-01  0.000000E+00  0.000000E+00  0.000000E+00  0.000000E+00  0.000000E+00  0.000000E+00
157  1.72064120E-02 -1.008890E+02 -4.611098E+01 -8.448645E-01 -6.787906E-02  0.000000E+00  0.000000E+00  0.000000E+00  0.000000E+00  0.000000E+00  0.000000E+00
158  1.86586621E-02 -9.995110E+01 -4.949942E+01 -9.353716E-01 -1.280969E-02  0.000000E+00  0.000000E+00  0.000000E+00  0.000000E+00  0.000000E+00  0.000000E+00
159  2.02252740E-02 -9.896412E+01 -5.244547E+01 -1.006606E+00  4.160655E-02  0.000000E+00  0.000000E+00  0.000000E+00  0.000000E+00  0.000000E+00  0.000000E+00
160  2.19142998E-02 -9.792712E+01 -5.498818E+01 -1.053942E+00  9.410894E-02  0.000000E+00  0.000000E+00  0.000000E+00  0.000000E+00  0.000000E+00  0.000000E+00
161  2.37342546E-02 -9.683941E+01 -5.716243E+01 -1.072900E+00  1.433472E-01  0.000000E+00  0.000000E+00  0.000000E+00  0.000000E+00  0.000000E+00  0.000000E+00
162  2.56941335E-02 -9.570056E+01 -5.899943E+01 -1.059404E+00  1.879242E-01  0.000000E+00  0.000000E+00  0.000000E+00  0.000000E+00  0.000000E+00  0.000000E+00
163  2.78034272E-02 -9.451028E+01 -6.052712E+01 -1.010077E+00  2.264488E-01  0.000000E+00  0.000000E+00  0.000000E+00  0.000000E+00  0.000000E+00  0.000000E+00
164  3.00721373E-02 -9.326837E+01 -6.177054E+01 -9.225675E-01  2.575998E-01  0.000000E+00  0.000000E+00  0.000000E+00  0.000000E+00  0.000000E+00  0.000000E+00
165  3.25107915E-02 -9.197461E+01 -6.275198E+01 -7.958819E-01  2.801957E-01  0.000000E+00  0.000000E+00  0.000000E+00  0.000000E+00  0.000000E+00  0.000000E+00
166  3.51304578E-02 -9.062870E+01 -6.349136E+01 -6.307136E-01  2.932705E-01  0.000000E+00  0.000000E+00  0.000000E+00  0.000000E+00  0.000000E+00  0.000000E+00
167  3.79427572E-02 -8.923021E+01 -6.400638E+01 -4.297296E-01  2.961490E-01  0.000000E+00  0.000000E+00  0.000000E+00  0.000000E+00  0.000000E+00  0.000000E+00
168  4.09598774E-02 -8.777886E+01 -6.431294E+01 -1.977862E-01  2.885168E-01  0.000000E+00  0.000000E+00  0.000000E+00  0.000000E+00  0.000000E+00  0.000000E+00
169  4.41945832E-02 -8.627437E+01 -6.442528E+01  5.796015E-02  2.704799E-01  0.000000E+00  0.000000E+00  0.000000E+00  0.000000E+00  0.000000E+00  0.000000E+00
170  4.76602274E-02 -8.471693E+01 -6.435659E+01  3.280845E-01  2.426051E-01  0.000000E+00  0.000000E+00  0.000000E+00  0.000000E+00  0.000000E+00  0.000000E+00
171  5.13707604E-02 -8.310711E+01 -6.411905E+01  6.010938E-01  2.059369E-01  0.000000E+00  0.000000E+00  0.000000E+00  0.000000E+00  0.000000E+00  0.000000E+00
172  5.53407375E-02 -8.144597E+01 -6.372420E+01  8.638187E-01  1.619835E-01  0.000000E+00  0.000000E+00  0.000000E+00  0.000000E+00  0.000000E+00  0.000000E+00
173  5.95853261E-02 -7.973513E+01 -6.318315E+01  1.102001E+00  1.126695E-01  0.000000E+00  0.000000E+00  0.000000E+00  0.000000E+00  0.000000E+00  0.000000E+00
174  6.41203106E-02 -7.797682E+01 -6.250668E+01  1.301064E+00  6.025416E-02  0.000000E+00  0.000000E+00  0.000000E+00  0.000000E+00  0.000000E+00  0.000000E+00
175  6.89620962E-02 -7.617439E+01 -6.170581E+01  1.447033E+00  7.215470E-03  0.000000E+00  0.000000E+00  0.000000E+00  0.000000E+00  0.000000E+00  0.000000E+00
176  7.41277113E-02 -7.433183E+01 -6.079144E+01  1.527543E+00 -4.389091E-02  0.000000E+00  0.000000E+00  0.000000E+00  0.000000E+00  0.000000E+00  0.000000E+00
177  7.96348078E-02 -7.245434E+01 -5.977496E+01  1.532867E+00 -9.059103E-02  0.000000E+00  0.000000E+00  0.000000E+00  0.000000E+00  0.000000E+00  0.000000E+00
178  8.55016601E-02 -7.054722E+01 -5.866720E+01  1.456856E+00 -1.306559E-01  0.000000E+00  0.000000E+00  0.000000E+00  0.000000E+00  0.000000E+00  0.000000E+00
179  9.17471623E-02 -6.861569E+01 -5.747842E+01  1.297708E+00 -1.622545E-01  0.000000E+00  0.000000E+00  0.000000E+00  0.000000E+00  0.000000E+00  0.000000E+00
180  9.83908242E-02 -6.666415E+01 -5.621757E+01  1.058466E+00 -1.840818E-01  0.000000E+00  0.000000E+00  0.000000E+00  0.000000E+00  0.000000E+00  0.000000E+00
181  1.05452765E-01 -6.469591E+01 -5.489213E+01  7.471638E-01 -1.954504E-01  0.000000E+00  0.000000E+00  0.000000E+00  0.000000E+00  0.000000E+00  0.000000E+00
182  1.12953704E-01 -6.271312E+01 -5.350803E+01  3.765761E-01 -1.963340E-01  0.000000E+00  0.000000E+00  0.000000E+00  0.000000E+00  0.000000E+00  0.000000E+00
183  1.20914955E-01 -6.071784E+01 -5.207075E+01 -3.644717E-02 -1.873605E-01  0.000000E+00  0.000000E+00  0.000000E+00  0.000000E+00  0.000000E+00  0.000000E+00
184  1.29358411E-01 -5.871185E+01 -5.058521E+01 -4.720310E-01 -1.697505E-01  0.000000E+00  0.000000E+00  0.000000E+00  0.000000E+00  0.000000E+00  0.000000E+00
185  1.38306533E-01 -5.669812E+01 -4.905717E+01 -9.086372E-01 -1.452075E-01  0.000000E+00  0.000000E+00  0.000000E+00  0.000000E+00  0.000000E+00  0.000000E+00
186  1.47782338E-01 -5.468026E+01 -4.749284E+01 -1.324619E+00 -1.157688E-01  0.000000E+00  0.000000E+00  0.000000E+00  0.000000E+00  0.000000E+00  0.000000E+00
187  1.57809380E-01 -5.266283E+01 -4.589916E+01 -1.699818E+00 -8.363105E-02  0.000000E+00  0.000000E+00  0.000000E+00  0.000000E+00  0.000000E+00  0.000000E+00
188  1.68411735E-01 -5.065190E+01 -4.428440E+01 -2.017050E+00 -5.096971E-02  0.000000E+00  0.000000E+00  0.000000E+00  0.000000E+00  0.000000E+00  0.000000E+00
189  1.79613982E-01 -4.865443E+01 -4.265753E+01 -2.263311E+00 -1.976956E-02  0.000000E+00  0.000000E+00  0.000000E+00  0.000000E+00  0.000000E+00  0.000000E+00
190  1.91441182E-01 -4.667953E+01 -4.102946E+01 -2.430588E+00  8.315633E-03  0.000000E+00  0.000000E+00  0.000000E+00  0.000000E+00  0.000000E+00  0.000000E+00
191  2.03918860E-01 -4.473633E+01 -3.941099E+01 -2.516192E+00  3.206082E-02  0.000000E+00  0.000000E+00  0.000000E+00  0.000000E+00  0.000000E+00  0.000000E+00
192  2.17072982E-01 -4.283361E+01 -3.781238E+01 -2.522596E+00  5.071638E-02  0.000000E+00  0.000000E+00  0.000000E+00  0.000000E+00  0.000000E+00  0.000000E+00
193  2.30929931E-01 -4.097808E+01 -3.624174E+01 -2.456827E+00  6.400359E-02  0.000000E+00  0.000000E+00  0.000000E+00  0.000000E+00  0.000000E+00  0.000000E+00
194  2.45516486E-01 -3.917347E+01 -3.470408E+01 -2.329506E+00  7.206514E-02  0.000000E+00  0.000000E+00  0.000000E+00  0.000000E+00  0.000000E+00  0.000000E+00
195  2.60859794E-01 -3.742003E+01 -3.320083E+01 -2.153684E+00  7.538314E-02  0.000000E+00  0.000000E+00  0.000000E+00  0.000000E+00  0.000000E+00  0.000000E+00
196  2.76987351E-01 -3.571591E+01 -3.173124E+01 -1.943589E+00  7.467969E-02  0.000000E+00  0.000000E+00  0.000000E+00  0.000000E+00  0.000000E+00  0.000000E+00
197  2.93926969E-01 -3.405699E+01 -3.029224E+01 -1.713446E+00  7.081371E-02  0.000000E+00  0.000000E+00  0.000000E+00  0.000000E+00  0.000000E+00  0.000000E+00
198  3.11706758E-01 -3.243976E+01 -2.888127E+01 -1.476453E+00  6.468535E-02  0.000000E+00  0.000000E+00  0.000000E+00  0.000000E+00  0.000000E+00  0.000000E+00
199  3.30355095E-01 -3.086108E+01 -2.749605E+01 -1.243989E+00  5.715612E-02  0.000000E+00  0.000000E+00  0.000000E+00  0.000000E+00  0.000000E+00  0.000000E+00
200  3.49900600E-01 -2.931904E+01 -2.613553E+01 -1.025109E+00  4.898843E-02  0.000000E+00  0.000000E+00  0.000000E+00  0.000000E+00  0.000000E+00  0.000000E+00
201  3.70372109E-01 -2.781273E+01 -2.479956E+01 -8.263169E-01  4.080687E-02  0.000000E+00  0.000000E+00  0.000000E+00  0.000000E+00  0.000000E+00  0.000000E+00
202  3.91798649E-01 -2.634199E+01 -2.348874E+01 -6.515980E-01  3.308046E-02  0.000000E+00  0.000000E+00  0.000000E+00  0.000000E+00  0.000000E+00  0.000000E+00
203  4.14209412E-01 -2.490791E+01 -2.220483E+01 -5.026652E-01  2.612342E-02  0.000000E+00  0.000000E+00  0.000000E+00  0.000000E+00  0.000000E+00  0.000000E+00
204  4.37633729E-01 -2.351245E+01 -2.095043E+01 -3.793454E-01  2.010998E-02  0.000000E+00  0.000000E+00  0.000000E+00  0.000000E+00  0.000000E+00  0.000000E+00
205  4.62101043E-01 -2.215951E+01 -1.973007E+01 -2.800435E-01  1.509858E-02  0.000000E+00  0.000000E+00  0.000000E+00  0.000000E+00  0.000000E+00  0.000000E+00
206  4.87640888E-01 -2.085324E+01 -1.854841E+01 -2.022174E-01  1.106022E-02  0.000000E+00  0.000000E+00  0.000000E+00  0.000000E+00  0.000000E+00  0.000000E+00
207  5.14282863E-01 -1.959809E+01 -1.741045E+01 -1.428147E-01  7.906977E-03  0.000000E+00  0.000000E+00  0.000000E+00  0.000000E+00  0.000000E+00  0.000000E+00
208  5.42056607E-01 -1.839776E+01 -1.632036E+01 -9.863715E-02  5.517720E-03  0.000000E+00  0.000000E+00  0.000000E+00  0.000000E+00  0.000000E+00  0.000000E+00
209  5.70991775E-01 -1.725480E+01 -1.528112E+01 -6.661395E-02  3.758952E-03  0.000000E+00  0.000000E+00  0.000000E+00  0.000000E+00  0.000000E+00  0.000000E+00
210  6.01118021E-01 -1.617033E+01 -1.429429E+01 -4.398284E-02  2.500136E-03  0.000000E+00  0.000000E+00  0.000000E+00  0.000000E+00  0.000000E+00  0.000000E+00
211  6.32464970E-01 -1.514433E+01 -1.336021E+01 -2.838724E-02  1.623531E-03  0.000000E+00  0.000000E+00  0.000000E+00  0.000000E+00  0.000000E+00  0.000000E+00
212  6.65062201E-01 -1.417568E+01 -1.247815E+01 -1.790627E-02  1.029315E-03  0.000000E+00  0.000000E+00  0.000000E+00  0.000000E+00  0.000000E+00  0.000000E+00
213  6.98939223E-01 -1.326238E+01 -1.164645E+01 -1.103675E-02  6.370882E-04  0.000000E+00  0.000000E+00  0.000000E+00  0.000000E+00  0.000000E+00  0.000000E+00
214  7.34125462E-01 -1.240217E+01 -1.086315E+01 -6.645638E-03  3.849195E-04  0.000000E+00  0.000000E+00  0.000000E+00  0.000000E+00  0.000000E+00  0.000000E+00
215  7.70650235E-01 -1.159245E+01 -1.012593E+01 -3.908310E-03  2.269868E-04  0.000000E+00  0.000000E+00  0.000000E+00  0.000000E+00  0.000000E+00  0.000000E+00
216  8.08542737E-01 -1.083051E+01 -9.432397E+00 -2.244345E-03  1.306228E-04  0.000000E+00  0.000000E+00  0.000000E+00  0.000000E+00  0.000000E+00  0.000000E+00
217  8.47832025E-01 -1.011378E+01 -8.780210E+00 -1.258126E-03  7.334005E-05  0.000000E+00  0.000000E+00  0.000000E+00  0.000000E+00  0.000000E+00  0.000000E+00
218  8.88546997E-01 -9.439797E+00 -8.167160E+00 -6.882928E-04  4.016725E-05  0.000000E+00  0.000000E+00  0.000000E+00  0.000000E+00  0.000000E+00  0.000000E+00
219  9.30716384E-01 -8.806282E+00 -7.591187E+00 -3.673774E-04  2.145400E-05  0.000000E+00  0.000000E+00  0.000000E+00  0.000000E+00  0.000000E+00  0.000000E+00
220  9.74368729E-01 -8.211140E+00 -7.050410E+00 -1.912556E-04  1.117217E-05  0.000000E+00  0.000000E+00  0.000000E+00  0.000000E+00  0.000000E+00  0.000000E+00
221  1.01953238E+00 -7.652459E+00 -6.543114E+00 -9.708377E-05  5.670767E-06  0.000000E+00  0.000000E+00  0.000000E+00  0.000000E+00  0.000000E+00  0.000000E+00
222  1.06623547E+00 -7.128493E+00 -6.067737E+00 -4.803698E-05  2.804762E-06  0.000000E+00  0.000000E+00  0.000000E+00  0.000000E+00  0.000000E+00  0.000000E+00
223  1.11450591E+00 -6.637633E+00 -5.622844E+00 -2.316136E-05  1.351356E-06  0.000000E+00  0.000000E+00  0.000000E+00  0.000000E+00  0.000000E+00  0.000000E+00
224  1.16437139E+00 -6.178365E+00 -5.207080E+00 -1.087859E-05  6.340573E-07  0.000000E+00  0.000000E+00  0.000000E+00  0.000000E+00  0.000000E+00  0.000000E+00
225  1.21585935E+00 -5.749267E+00 -4.819173E+00 -4.975757E-06  2.896225E-07  0.000000E+00  0.000000E+00  0.000000E+00  0.000000E+00  0.000000E+00  0.000000E+00
226  1.26899696E+00 -5.348934E+00 -4.457860E+00 -2.215545E-06  1.287471E-07  0.000000E+00  0.000000E+00  0.000000E+00  0.000000E+00  0.000000E+00  0.000000E+00
227  1.32381117E+00 -4.975999E+00 -4.121905E+00 -9.600443E-07  5.567963E-08  0.000000E+00  0.000000E+00  0.000000E+00  0.000000E+00  0.000000E+00  0.000000E+00
228  1.38032862E+00 -4.629099E+00 -3.810067E+00 -4.047101E-07  2.341841E-08  0.000000E+00  0.000000E+00  0.000000E+00  0.000000E+00  0.000000E+00  0.000000E+00
229  1.43857571E+00 -4.306872E+00 -3.521099E+00 -1.659166E-07  9.575585E-09  0.000000E+00  0.000000E+00  0.000000E+00  0.000000E+00  0.000000E+00  0.000000E+00
230  1.49857854E+00 -4.007956E+00 -3.253746E+00 -6.612690E-08  3.805052E-09  0.000000E+00  0.000000E+00  0.000000E+00  0.000000E+00  0.000000E+00  0.000000E+00
231  1.56036292E+00 -3.730996E+00 -3.006753E+00 -2.561277E-08  1.468859E-09  0.000000E+00  0.000000E+00  0.000000E+00  0.000000E+00  0.000000E+00  0.000000E+00
232  1.62395439E+00 -3.474642E+00 -2.778864E+00 -9.637649E-09  5.506255E-10  0.000000E+00  0.000000E+00  0.000000E+00  0.000000E+00  0.000000E+00  0.000000E+00
233  1.68937818E+00 -3.237566E+00 -2.568837E+00 -3.521811E-09  2.003631E-10  0.000000E+00  0.000000E+00  0.000000E+00  0.000000E+00  0.000000E+00  0.000000E+00
234  1.75665923E+00 -3.018462E+00 -2.375451E+00 -1.249350E-09  7.074375E-11  0.000000E+00  0.000000E+00  0.000000E+00  0.000000E+00  0.000000E+00  0.000000E+00
235  1.82582216E+00 -2.816061E+00 -2.197512E+00 -4.300968E-10  2.422625E-11  0.000000E+00  0.000000E+00  0.000000E+00  0.000000E+00  0.000000E+00  0.000000E+00
236  1.89689131E+00 -2.629139E+00 -2.033867E+00 -1.436321E-10  9.557759E-12  0.000000E+00  0.000000E+00  0.000000E+00  0.000000E+00  0.000000E+00  0.000000E+00
237  1.96989070E+00 -2.456519E+00 -1.883408E+00 -4.651335E-11 -1.265291E-12  0.000000E+00  0.000000E+00  0.000000E+00  0.000000E+00  0.000000E+00  0.000000E+00
