#      n =  4
#  kappa = -3
# energy = -1.62790435E+03
#zenergy =  0.00000000E+00
#     dn =  3.90877097E+00
# qrnorm =  1.00262354E+00
#SelfEne =  2.72113860E+32
#     vc = -7.15519466E+03
#     vr = -8.68866844E+03
#  ilast =  245
#    ifm =    0
#    cfm =  0.00000000E+00
#    xfm =  0.00000000E+00
#    rfn =  1.12953704E-01
#    pdx =  2.97203961E+00
#   bqp0 = -1.42440009E-05
#   bqp1 =  0.00000000E+00
#    idx = 13
# LEPTON = 0
#   MASS =  1.00000000E+00
# CHARGE =  1.00000000E+00
#  EUNIT =  2.72113860E+01
#  RUNIT =  4.13413733E+16
#  LUNIT =  5.29177211E-01
#    AMU =  1.82288849E+03
#    FSC =  7.29735257E-03


0    1.15046527E-08 -1.365271E-02  9.778727E+07  2.038250E-19 -2.908964E-24  0.000000E+00  0.000000E+00  0.000000E+00  0.000000E+00  0.000000E+00  0.000000E+00
1    1.26168860E-08 -1.497261E-02  8.916692E+07  2.681469E-19 -4.203394E-24  0.000000E+00  0.000000E+00  0.000000E+00  0.000000E+00  0.000000E+00  0.000000E+00
2    1.38366465E-08 -1.642011E-02  8.130649E+07  3.531023E-19 -6.070673E-24  0.000000E+00  0.000000E+00  0.000000E+00  0.000000E+00  0.000000E+00  0.000000E+00
3    1.51743031E-08 -1.800752E-02  7.413912E+07  4.652524E-19 -8.768389E-24  0.000000E+00  0.000000E+00  0.000000E+00  0.000000E+00  0.000000E+00  0.000000E+00
4    1.66412777E-08 -1.974840E-02  6.760358E+07  6.132549E-19 -1.266870E-23  0.000000E+00  0.000000E+00  0.000000E+00  0.000000E+00  0.000000E+00  0.000000E+00
5    1.82500718E-08 -2.165757E-02  6.164416E+07  8.085316E-19 -1.830948E-23  0.000000E+00  0.000000E+00  0.000000E+00  0.000000E+00  0.000000E+00  0.000000E+00
6    2.00143612E-08 -2.375128E-02  5.621017E+07  1.066148E-18 -2.646829E-23  0.000000E+00  0.000000E+00  0.000000E+00  0.000000E+00  0.000000E+00  0.000000E+00
7    2.19492098E-08 -2.604738E-02  5.125520E+07  1.405980E-18 -3.826994E-23  0.000000E+00  0.000000E+00  0.000000E+00  0.000000E+00  0.000000E+00  0.000000E+00
8    2.40711060E-08 -2.856546E-02  4.673701E+07  1.854240E-18 -5.534113E-23  0.000000E+00  0.000000E+00  0.000000E+00  0.000000E+00  0.000000E+00  0.000000E+00
9    2.63980864E-08 -3.132692E-02  4.261718E+07  2.445503E-18 -8.003419E-23  0.000000E+00  0.000000E+00  0.000000E+00  0.000000E+00  0.000000E+00  0.000000E+00
10   2.89500186E-08 -3.435532E-02  3.886051E+07  3.225373E-18 -1.157525E-22  0.000000E+00  0.000000E+00  0.000000E+00  0.000000E+00  0.000000E+00  0.000000E+00
11   3.17485937E-08 -3.767643E-02  3.543505E+07  4.253996E-18 -1.674173E-22  0.000000E+00  0.000000E+00  0.000000E+00  0.000000E+00  0.000000E+00  0.000000E+00
12   3.48177047E-08 -4.131858E-02  3.231154E+07  5.610707E-18 -2.421487E-22  0.000000E+00  0.000000E+00  0.000000E+00  0.000000E+00  0.000000E+00  0.000000E+00
13   3.81835043E-08 -4.531281E-02  2.946336E+07  7.400136E-18 -3.502446E-22  0.000000E+00  0.000000E+00  0.000000E+00  0.000000E+00  0.000000E+00  0.000000E+00
14   4.18746002E-08 -4.969308E-02  2.686628E+07  9.760279E-18 -5.065968E-22  0.000000E+00  0.000000E+00  0.000000E+00  0.000000E+00  0.000000E+00  0.000000E+00
15   4.59224244E-08 -5.449667E-02  2.449817E+07  1.287314E-17 -7.327470E-22  0.000000E+00  0.000000E+00  0.000000E+00  0.000000E+00  0.000000E+00  0.000000E+00
16   5.03615331E-08 -5.976462E-02  2.233880E+07  1.697877E-17 -1.059858E-21  0.000000E+00  0.000000E+00  0.000000E+00  0.000000E+00  0.000000E+00  0.000000E+00
17   5.52297500E-08 -6.554179E-02  2.036976E+07  2.239377E-17 -1.533001E-21  0.000000E+00  0.000000E+00  0.000000E+00  0.000000E+00  0.000000E+00  0.000000E+00
18   6.05683442E-08 -7.187716E-02  1.857435E+07  2.953566E-17 -2.217339E-21  0.000000E+00  0.000000E+00  0.000000E+00  0.000000E+00  0.000000E+00  0.000000E+00
19   6.64229753E-08 -7.882491E-02  1.693719E+07  3.895518E-17 -3.207175E-21  0.000000E+00  0.000000E+00  0.000000E+00  0.000000E+00  0.000000E+00  0.000000E+00
20   7.28435242E-08 -8.644425E-02  1.544432E+07  5.137863E-17 -4.638881E-21  0.000000E+00  0.000000E+00  0.000000E+00  0.000000E+00  0.000000E+00  0.000000E+00
21   7.98845545E-08 -9.479992E-02  1.408307E+07  6.776388E-17 -6.709662E-21  0.000000E+00  0.000000E+00  0.000000E+00  0.000000E+00  0.000000E+00  0.000000E+00
22   8.76060161E-08 -1.039631E-01  1.284182E+07  8.937423E-17 -9.704771E-21  0.000000E+00  0.000000E+00  0.000000E+00  0.000000E+00  0.000000E+00  0.000000E+00
23   9.60736496E-08 -1.140117E-01  1.170999E+07  1.178758E-16 -1.403677E-20  0.000000E+00  0.000000E+00  0.000000E+00  0.000000E+00  0.000000E+00  0.000000E+00
24   1.05359729E-07 -1.250316E-01  1.067792E+07  1.554660E-16 -2.030248E-20  0.000000E+00  0.000000E+00  0.000000E+00  0.000000E+00  0.000000E+00  0.000000E+00
25   1.15542961E-07 -1.371161E-01  9.736842E+06  2.050425E-16 -2.936468E-20  0.000000E+00  0.000000E+00  0.000000E+00  0.000000E+00  0.000000E+00  0.000000E+00
26   1.26710423E-07 -1.503687E-01  8.878706E+06  2.704274E-16 -4.247188E-20  0.000000E+00  0.000000E+00  0.000000E+00  0.000000E+00  0.000000E+00  0.000000E+00
27   1.38957001E-07 -1.649018E-01  8.096214E+06  3.566609E-16 -6.142914E-20  0.000000E+00  0.000000E+00  0.000000E+00  0.000000E+00  0.000000E+00  0.000000E+00
28   1.52386948E-07 -1.808393E-01  7.382698E+06  4.703900E-16 -8.884733E-20  0.000000E+00  0.000000E+00  0.000000E+00  0.000000E+00  0.000000E+00  0.000000E+00
29   1.67114584E-07 -1.983167E-01  6.732075E+06  6.203809E-16 -1.285024E-19  0.000000E+00  0.000000E+00  0.000000E+00  0.000000E+00  0.000000E+00  0.000000E+00
30   1.83265272E-07 -2.174829E-01  6.138802E+06  8.181943E-16 -1.858554E-19  0.000000E+00  0.000000E+00  0.000000E+00  0.000000E+00  0.000000E+00  0.000000E+00
31   2.00976485E-07 -2.385010E-01  5.597822E+06  1.079076E-15 -2.688041E-19  0.000000E+00  0.000000E+00  0.000000E+00  0.000000E+00  0.000000E+00  0.000000E+00
32   2.20398971E-07 -2.615498E-01  5.104524E+06  1.423132E-15 -3.887707E-19  0.000000E+00  0.000000E+00  0.000000E+00  0.000000E+00  0.000000E+00  0.000000E+00
33   2.41697616E-07 -2.868251E-01  4.654714E+06  1.876874E-15 -5.622705E-19  0.000000E+00  0.000000E+00  0.000000E+00  0.000000E+00  0.000000E+00  0.000000E+00
34   2.65054033E-07 -3.145423E-01  4.244549E+06  2.475269E-15 -8.131945E-19  0.000000E+00  0.000000E+00  0.000000E+00  0.000000E+00  0.000000E+00  0.000000E+00
35   2.90666988E-07 -3.449374E-01  3.870534E+06  3.264426E-15 -1.176090E-18  0.000000E+00  0.000000E+00  0.000000E+00  0.000000E+00  0.000000E+00  0.000000E+00
36   3.18754444E-07 -3.782690E-01  3.529482E+06  4.305151E-15 -1.700917E-18  0.000000E+00  0.000000E+00  0.000000E+00  0.000000E+00  0.000000E+00  0.000000E+00
37   3.49554805E-07 -4.148199E-01  3.218493E+06  5.677620E-15 -2.459912E-18  0.000000E+00  0.000000E+00  0.000000E+00  0.000000E+00  0.000000E+00  0.000000E+00
38   3.83330652E-07 -4.549018E-01  2.934912E+06  7.487574E-15 -3.557566E-18  0.000000E+00  0.000000E+00  0.000000E+00  0.000000E+00  0.000000E+00  0.000000E+00
39   4.20368640E-07 -4.988549E-01  2.676326E+06  9.874433E-15 -5.144939E-18  0.000000E+00  0.000000E+00  0.000000E+00  0.000000E+00  0.000000E+00  0.000000E+00
40   4.60983691E-07 -5.470528E-01  2.440532E+06  1.302205E-14 -7.440495E-18  0.000000E+00  0.000000E+00  0.000000E+00  0.000000E+00  0.000000E+00  0.000000E+00
41   5.05521995E-07 -5.999063E-01  2.225517E+06  1.717287E-14 -1.076020E-17  0.000000E+00  0.000000E+00  0.000000E+00  0.000000E+00  0.000000E+00  0.000000E+00
42   5.54361474E-07 -6.578639E-01  2.029452E+06  2.264656E-14 -1.556082E-17  0.000000E+00  0.000000E+00  0.000000E+00  0.000000E+00  0.000000E+00  0.000000E+00
43   6.07917317E-07 -7.214181E-01  1.850666E+06  2.986463E-14 -2.250290E-17  0.000000E+00  0.000000E+00  0.000000E+00  0.000000E+00  0.000000E+00  0.000000E+00
44   6.66644772E-07 -7.911093E-01  1.687637E+06  3.938289E-14 -3.254156E-17  0.000000E+00  0.000000E+00  0.000000E+00  0.000000E+00  0.000000E+00  0.000000E+00
45   7.31043012E-07 -8.675296E-01  1.538975E+06  5.193419E-14 -4.705786E-17  0.000000E+00  0.000000E+00  0.000000E+00  0.000000E+00  0.000000E+00  0.000000E+00
46   8.01659368E-07 -9.513284E-01  1.403414E+06  6.848480E-14 -6.804867E-17  0.000000E+00  0.000000E+00  0.000000E+00  0.000000E+00  0.000000E+00  0.000000E+00
47   8.79093974E-07 -1.043218E+00  1.279798E+06  9.030877E-14 -9.840127E-17  0.000000E+00  0.000000E+00  0.000000E+00  0.000000E+00  0.000000E+00  0.000000E+00
48   9.64003183E-07 -1.143976E+00  1.167077E+06  1.190858E-13 -1.422894E-16  0.000000E+00  0.000000E+00  0.000000E+00  0.000000E+00  0.000000E+00  0.000000E+00
49   1.05710802E-06 -1.254459E+00  1.064290E+06  1.570306E-13 -2.057480E-16  0.000000E+00  0.000000E+00  0.000000E+00  0.000000E+00  0.000000E+00  0.000000E+00
50   1.15920253E-06 -1.375609E+00  9.705574E+05  2.070632E-13 -2.975051E-16  0.000000E+00  0.000000E+00  0.000000E+00  0.000000E+00  0.000000E+00  0.000000E+00
51   1.27114950E-06 -1.508448E+00  8.850857E+05  2.730328E-13 -4.301719E-16  0.000000E+00  0.000000E+00  0.000000E+00  0.000000E+00  0.000000E+00  0.000000E+00
52   1.39390018E-06 -1.654104E+00  8.071454E+05  3.600148E-13 -6.219858E-16  0.000000E+00  0.000000E+00  0.000000E+00  0.000000E+00  0.000000E+00  0.000000E+00
53   1.52849785E-06 -1.813816E+00  7.360719E+05  4.746997E-13 -8.993128E-16  0.000000E+00  0.000000E+00  0.000000E+00  0.000000E+00  0.000000E+00  0.000000E+00
54   1.67608231E-06 -1.988934E+00  6.712611E+05  6.259076E-13 -1.300259E-15  0.000000E+00  0.000000E+00  0.000000E+00  0.000000E+00  0.000000E+00  0.000000E+00
55   1.83790724E-06 -2.180944E+00  6.121602E+05  8.252658E-13 -1.879919E-15  0.000000E+00  0.000000E+00  0.000000E+00  0.000000E+00  0.000000E+00  0.000000E+00
56   2.01534226E-06 -2.391469E+00  5.582669E+05  1.088101E-12 -2.717914E-15  0.000000E+00  0.000000E+00  0.000000E+00  0.000000E+00  0.000000E+00  0.000000E+00
57   2.20989566E-06 -2.622297E+00  5.091211E+05  1.434618E-12 -3.929362E-15  0.000000E+00  0.000000E+00  0.000000E+00  0.000000E+00  0.000000E+00  0.000000E+00
58   2.42321417E-06 -2.875377E+00  4.643051E+05  1.891449E-12 -5.680615E-15  0.000000E+00  0.000000E+00  0.000000E+00  0.000000E+00  0.000000E+00  0.000000E+00
59   2.65710441E-06 -3.152848E+00  4.234374E+05  2.493694E-12 -8.212104E-15  0.000000E+00  0.000000E+00  0.000000E+00  0.000000E+00  0.000000E+00  0.000000E+00
60   2.91355088E-06 -3.457058E+00  3.861696E+05  3.287624E-12 -1.187136E-14  0.000000E+00  0.000000E+00  0.000000E+00  0.000000E+00  0.000000E+00  0.000000E+00
61   3.19472289E-06 -3.790574E+00  3.521849E+05  4.334214E-12 -1.716052E-14  0.000000E+00  0.000000E+00  0.000000E+00  0.000000E+00  0.000000E+00  0.000000E+00
62   3.50300197E-06 -4.156208E+00  3.211937E+05  5.713834E-12 -2.480530E-14  0.000000E+00  0.000000E+00  0.000000E+00  0.000000E+00  0.000000E+00  0.000000E+00
63   3.84099712E-06 -4.557041E+00  2.929318E+05  7.532397E-12 -3.585427E-14  0.000000E+00  0.000000E+00  0.000000E+00  0.000000E+00  0.000000E+00  0.000000E+00
64   4.21156786E-06 -4.996447E+00  2.671589E+05  9.929474E-12 -5.182253E-14  0.000000E+00  0.000000E+00  0.000000E+00  0.000000E+00  0.000000E+00  0.000000E+00
65   4.61784978E-06 -5.478119E+00  2.436571E+05  1.308899E-11 -7.489907E-14  0.000000E+00  0.000000E+00  0.000000E+00  0.000000E+00  0.000000E+00  0.000000E+00
66   5.06327649E-06 -6.006096E+00  2.222247E+05  1.725329E-11 -1.082461E-13  0.000000E+00  0.000000E+00  0.000000E+00  0.000000E+00  0.000000E+00  0.000000E+00
67   5.55161366E-06 -6.584799E+00  2.026801E+05  2.274170E-11 -1.564316E-13  0.000000E+00  0.000000E+00  0.000000E+00  0.000000E+00  0.000000E+00  0.000000E+00
68   6.08698590E-06 -7.219061E+00  1.848567E+05  2.997490E-11 -2.260532E-13  0.000000E+00  0.000000E+00  0.000000E+00  0.000000E+00  0.000000E+00  0.000000E+00
69   6.67391443E-06 -7.914165E+00  1.686021E+05  3.950713E-11 -3.266395E-13  0.000000E+00  0.000000E+00  0.000000E+00  0.000000E+00  0.000000E+00  0.000000E+00
70   7.31735392E-06 -8.675882E+00  1.537796E+05  5.206847E-11 -4.719498E-13  0.000000E+00  0.000000E+00  0.000000E+00  0.000000E+00  0.000000E+00  0.000000E+00
71   8.02273392E-06 -9.510515E+00  1.402627E+05  6.862057E-11 -6.818500E-13  0.000000E+00  0.000000E+00  0.000000E+00  0.000000E+00  0.000000E+00  0.000000E+00
72   8.79600036E-06 -1.042493E+01  1.279353E+05  9.042998E-11 -9.850169E-13  0.000000E+00  0.000000E+00  0.000000E+00  0.000000E+00  0.000000E+00  0.000000E+00
73   9.64367338E-06 -1.142662E+01  1.166937E+05  1.191646E-10 -1.422841E-12  0.000000E+00  0.000000E+00  0.000000E+00  0.000000E+00  0.000000E+00  0.000000E+00
74   1.05728932E-05 -1.252373E+01  1.064425E+05  1.570207E-10 -2.055049E-12  0.000000E+00  0.000000E+00  0.000000E+00  0.000000E+00  0.000000E+00  0.000000E+00
75   1.15914832E-05 -1.372511E+01  9.709382E+04  2.068898E-10 -2.967800E-12  0.000000E+00  0.000000E+00  0.000000E+00  0.000000E+00  0.000000E+00  0.000000E+00
76   1.27080132E-05 -1.504038E+01  8.856837E+04  2.725780E-10 -4.285356E-12  0.000000E+00  0.000000E+00  0.000000E+00  0.000000E+00  0.000000E+00  0.000000E+00
77   1.39318745E-05 -1.647993E+01  8.079404E+04  3.590949E-10 -6.186876E-12  0.000000E+00  0.000000E+00  0.000000E+00  0.000000E+00  0.000000E+00  0.000000E+00
78   1.52733522E-05 -1.805498E+01  7.370493E+04  4.730322E-10 -8.930553E-12  0.000000E+00  0.000000E+00  0.000000E+00  0.000000E+00  0.000000E+00  0.000000E+00
79   1.67437127E-05 -1.977763E+01  6.724069E+04  6.230620E-10 -1.288833E-11  0.000000E+00  0.000000E+00  0.000000E+00  0.000000E+00  0.000000E+00  0.000000E+00
80   1.83552950E-05 -2.166080E+01  6.134654E+04  8.205898E-10 -1.859570E-11  0.000000E+00  0.000000E+00  0.000000E+00  0.000000E+00  0.000000E+00  0.000000E+00
81   2.01216163E-05 -2.371831E+01  5.597275E+04  1.080612E-09 -2.682320E-11  0.000000E+00  0.000000E+00  0.000000E+00  0.000000E+00  0.000000E+00  0.000000E+00
82   2.20574781E-05 -2.596477E+01  5.107398E+04  1.422839E-09 -3.867873E-11  0.000000E+00  0.000000E+00  0.000000E+00  0.000000E+00  0.000000E+00  0.000000E+00
83   2.41790911E-05 -2.841556E+01  4.660906E+04  1.873168E-09 -5.575386E-11  0.000000E+00  0.000000E+00  0.000000E+00  0.000000E+00  0.000000E+00  0.000000E+00
84   2.65042049E-05 -3.108662E+01  4.254056E+04  2.465607E-09 -8.033269E-11  0.000000E+00  0.000000E+00  0.000000E+00  0.000000E+00  0.000000E+00  0.000000E+00
85   2.90522544E-05 -3.399432E+01  3.883459E+04  3.244794E-09 -1.156891E-10  0.000000E+00  0.000000E+00  0.000000E+00  0.000000E+00  0.000000E+00  0.000000E+00
86   3.18445207E-05 -3.715506E+01  3.546074E+04  4.269280E-09 -1.665091E-10  0.000000E+00  0.000000E+00  0.000000E+00  0.000000E+00  0.000000E+00  0.000000E+00
87   3.49043009E-05 -4.058488E+01  3.239154E+04  5.615814E-09 -2.394877E-10  0.000000E+00  0.000000E+00  0.000000E+00  0.000000E+00  0.000000E+00  0.000000E+00
88   3.82570965E-05 -4.429875E+01  2.960259E+04  7.384915E-09 -3.441709E-10  0.000000E+00  0.000000E+00  0.000000E+00  0.000000E+00  0.000000E+00  0.000000E+00
89   4.19308267E-05 -4.830968E+01  2.707249E+04  9.708106E-09 -4.941354E-10  0.000000E+00  0.000000E+00  0.000000E+00  0.000000E+00  0.000000E+00  0.000000E+00
90   4.59560449E-05 -5.262746E+01  2.478252E+04  1.275730E-08 -7.086319E-10  0.000000E+00  0.000000E+00  0.000000E+00  0.000000E+00  0.000000E+00  0.000000E+00
91   5.03661913E-05 -5.725698E+01  2.271711E+04  1.675691E-08 -1.014856E-09  0.000000E+00  0.000000E+00  0.000000E+00  0.000000E+00  0.000000E+00  0.000000E+00
92   5.51978603E-05 -6.219593E+01  2.086398E+04  2.199951E-08 -1.451056E-09  0.000000E+00  0.000000E+00  0.000000E+00  0.000000E+00  0.000000E+00  0.000000E+00
93   6.04910908E-05 -6.743167E+01  1.921414E+04  2.886592E-08 -2.070731E-09  0.000000E+00  0.000000E+00  0.000000E+00  0.000000E+00  0.000000E+00  0.000000E+00
94   6.62896922E-05 -7.293714E+01  1.776270E+04  3.785104E-08 -2.948201E-09  0.000000E+00  0.000000E+00  0.000000E+00  0.000000E+00  0.000000E+00  0.000000E+00
95   7.26415880E-05 -7.866537E+01  1.650964E+04  4.959692E-08 -4.185849E-09  0.000000E+00  0.000000E+00  0.000000E+00  0.000000E+00  0.000000E+00  0.000000E+00
96   7.95992009E-05 -8.454222E+01  1.546062E+04  6.493508E-08 -5.923210E-09  0.000000E+00  0.000000E+00  0.000000E+00  0.000000E+00  0.000000E+00  0.000000E+00
97   8.72198657E-05 -9.045702E+01  1.462827E+04  8.494075E-08 -8.347877E-09  0.000000E+00  0.000000E+00  0.000000E+00  0.000000E+00  0.000000E+00  0.000000E+00
98   9.55662808E-05 -9.625066E+01  1.403238E+04  1.110028E-07 -1.170758E-08  0.000000E+00  0.000000E+00  0.000000E+00  0.000000E+00  0.000000E+00  0.000000E+00
99   1.04707003E-04 -1.017021E+02  1.369356E+04  1.449146E-07 -1.632180E-08  0.000000E+00  0.000000E+00  0.000000E+00  0.000000E+00  0.000000E+00  0.000000E+00
100  1.14716985E-04 -1.065181E+02  1.358037E+04  1.889946E-07 -2.258953E-08  0.000000E+00  0.000000E+00  0.000000E+00  0.000000E+00  0.000000E+00  0.000000E+00
101  1.25678159E-04 -1.103494E+02  1.343402E+04  2.462425E-07 -3.098884E-08  0.000000E+00  0.000000E+00  0.000000E+00  0.000000E+00  0.000000E+00  0.000000E+00
102  1.37680073E-04 -1.128993E+02  1.275872E+04  3.205257E-07 -4.206879E-08  0.000000E+00  0.000000E+00  0.000000E+00  0.000000E+00  0.000000E+00  0.000000E+00
103  1.50820587E-04 -1.141870E+02  1.140550E+04  4.168727E-07 -5.646260E-08  0.000000E+00  0.000000E+00  0.000000E+00  0.000000E+00  0.000000E+00  0.000000E+00
104  1.65206620E-04 -1.146533E+02  9.901270E+03  5.419243E-07 -7.497634E-08  0.000000E+00  0.000000E+00  0.000000E+00  0.000000E+00  0.000000E+00  0.000000E+00
105  1.80954976E-04 -1.147734E+02  8.729551E+03  7.042538E-07 -9.873279E-08  0.000000E+00  0.000000E+00  0.000000E+00  0.000000E+00  0.000000E+00  0.000000E+00
106  1.98193232E-04 -1.147869E+02  7.858744E+03  9.148758E-07 -1.292792E-07  0.000000E+00  0.000000E+00  0.000000E+00  0.000000E+00  0.000000E+00  0.000000E+00
107  2.17060704E-04 -1.147730E+02  7.125465E+03  1.188093E-06 -1.686652E-07  0.000000E+00  0.000000E+00  0.000000E+00  0.000000E+00  0.000000E+00  0.000000E+00
108  2.37709505E-04 -1.147517E+02  6.467193E+03  1.542445E-06 -2.195542E-07  0.000000E+00  0.000000E+00  0.000000E+00  0.000000E+00  0.000000E+00  0.000000E+00
109  2.60305677E-04 -1.147274E+02  5.868310E+03  2.001909E-06 -2.853867E-07  0.000000E+00  0.000000E+00  0.000000E+00  0.000000E+00  0.000000E+00  0.000000E+00
110  2.85030436E-04 -1.147005E+02  5.322385E+03  2.597486E-06 -3.706025E-07  0.000000E+00  0.000000E+00  0.000000E+00  0.000000E+00  0.000000E+00  0.000000E+00
111  3.12081512E-04 -1.146711E+02  4.824701E+03  3.369241E-06 -4.809304E-07  0.000000E+00  0.000000E+00  0.000000E+00  0.000000E+00  0.000000E+00  0.000000E+00
112  3.41674606E-04 -1.146388E+02  4.371066E+03  4.368927E-06 -6.237628E-07  0.000000E+00  0.000000E+00  0.000000E+00  0.000000E+00  0.000000E+00  0.000000E+00
113  3.74044964E-04 -1.146034E+02  3.957653E+03  5.663363E-06 -8.086366E-07  0.000000E+00  0.000000E+00  0.000000E+00  0.000000E+00  0.000000E+00  0.000000E+00
114  4.09449092E-04 -1.145646E+02  3.580969E+03  7.338768E-06 -1.047851E-06  0.000000E+00  0.000000E+00  0.000000E+00  0.000000E+00  0.000000E+00  0.000000E+00
115  4.48166595E-04 -1.145221E+02  3.237826E+03  9.506318E-06 -1.357257E-06  0.000000E+00  0.000000E+00  0.000000E+00  0.000000E+00  0.000000E+00  0.000000E+00
116  4.90502180E-04 -1.144756E+02  2.925315E+03  1.230928E-05 -1.757275E-06  0.000000E+00  0.000000E+00  0.000000E+00  0.000000E+00  0.000000E+00  0.000000E+00
117  5.36787821E-04 -1.144248E+02  2.640785E+03  1.593214E-05 -2.274187E-06  0.000000E+00  0.000000E+00  0.000000E+00  0.000000E+00  0.000000E+00  0.000000E+00
118  5.87385078E-04 -1.143693E+02  2.381814E+03  2.061228E-05 -2.941802E-06  0.000000E+00  0.000000E+00  0.000000E+00  0.000000E+00  0.000000E+00  0.000000E+00
119  6.42687631E-04 -1.143086E+02  2.146194E+03  2.665489E-05 -3.803564E-06  0.000000E+00  0.000000E+00  0.000000E+00  0.000000E+00  0.000000E+00  0.000000E+00
120  7.03123987E-04 -1.142423E+02  1.931906E+03  3.445201E-05 -4.915261E-06  0.000000E+00  0.000000E+00  0.000000E+00  0.000000E+00  0.000000E+00  0.000000E+00
121  7.69160412E-04 -1.141701E+02  1.737109E+03  4.450677E-05 -6.348450E-06  0.000000E+00  0.000000E+00  0.000000E+00  0.000000E+00  0.000000E+00  0.000000E+00
122  8.41304077E-04 -1.140913E+02  1.560119E+03  5.746423E-05 -8.194831E-06  0.000000E+00  0.000000E+00  0.000000E+00  0.000000E+00  0.000000E+00  0.000000E+00
123  9.20106455E-04 -1.140054E+02  1.399396E+03  7.415052E-05 -1.057179E-05  0.000000E+00  0.000000E+00  0.000000E+00  0.000000E+00  0.000000E+00  0.000000E+00
124  1.00616697E-03 -1.139120E+02  1.253535E+03  9.562251E-05 -1.362939E-05  0.000000E+00  0.000000E+00  0.000000E+00  0.000000E+00  0.000000E+00  0.000000E+00
125  1.10013690E-03 -1.138104E+02  1.121245E+03  1.232306E-04 -1.755928E-05  0.000000E+00  0.000000E+00  0.000000E+00  0.000000E+00  0.000000E+00  0.000000E+00
126  1.20272360E-03 -1.137000E+02  1.001347E+03  1.586981E-04 -2.260586E-05  0.000000E+00  0.000000E+00  0.000000E+00  0.000000E+00  0.000000E+00  0.000000E+00
127  1.31469498E-03 -1.135800E+02  8.927611E+02  2.042209E-04 -2.908031E-05  0.000000E+00  0.000000E+00  0.000000E+00  0.000000E+00  0.000000E+00  0.000000E+00
128  1.43688437E-03 -1.134500E+02  7.944951E+02  2.625934E-04 -3.737835E-05  0.000000E+00  0.000000E+00  0.000000E+00  0.000000E+00  0.000000E+00  0.000000E+00
129  1.57019564E-03 -1.133090E+02  7.056399E+02  3.373653E-04 -4.800228E-05  0.000000E+00  0.000000E+00  0.000000E+00  0.000000E+00  0.000000E+00  0.000000E+00
130  1.71560875E-03 -1.131564E+02  6.253610E+02  4.330391E-04 -6.158859E-05  0.000000E+00  0.000000E+00  0.000000E+00  0.000000E+00  0.000000E+00  0.000000E+00
131  1.87418560E-03 -1.129913E+02  5.528922E+02  5.553145E-04 -7.894235E-05  0.000000E+00  0.000000E+00  0.000000E+00  0.000000E+00  0.000000E+00  0.000000E+00
132  2.04707635E-03 -1.128130E+02  4.875299E+02  7.113930E-04 -1.010798E-04  0.000000E+00  0.000000E+00  0.000000E+00  0.000000E+00  0.000000E+00  0.000000E+00
133  2.23552606E-03 -1.126206E+02  4.286278E+02  9.103549E-04 -1.292809E-04  0.000000E+00  0.000000E+00  0.000000E+00  0.000000E+00  0.000000E+00  0.000000E+00
134  2.44088182E-03 -1.124132E+02  3.755926E+02  1.163623E-03 -1.651544E-04  0.000000E+00  0.000000E+00  0.000000E+00  0.000000E+00  0.000000E+00  0.000000E+00
135  2.66460030E-03 -1.121899E+02  3.278795E+02  1.485533E-03 -2.107167E-04  0.000000E+00  0.000000E+00  0.000000E+00  0.000000E+00  0.000000E+00  0.000000E+00
136  2.90825573E-03 -1.119497E+02  2.849892E+02  1.894028E-03 -2.684890E-04  0.000000E+00  0.000000E+00  0.000000E+00  0.000000E+00  0.000000E+00  0.000000E+00
137  3.17354836E-03 -1.116918E+02  2.464637E+02  2.411506E-03 -3.416148E-04  0.000000E+00  0.000000E+00  0.000000E+00  0.000000E+00  0.000000E+00  0.000000E+00
138  3.46231346E-03 -1.114150E+02  2.118840E+02  3.065838E-03 -4.340008E-04  0.000000E+00  0.000000E+00  0.000000E+00  0.000000E+00  0.000000E+00  0.000000E+00
139  3.77653069E-03 -1.111184E+02  1.808670E+02  3.891594E-03 -5.504872E-04  0.000000E+00  0.000000E+00  0.000000E+00  0.000000E+00  0.000000E+00  0.000000E+00
140  4.11833413E-03 -1.108009E+02  1.530633E+02  4.931503E-03 -6.970487E-04  0.000000E+00  0.000000E+00  0.000000E+00  0.000000E+00  0.000000E+00  0.000000E+00
141  4.49002269E-03 -1.104613E+02  1.281542E+02  6.238174E-03 -8.810327E-04  0.000000E+00  0.000000E+00  0.000000E+00  0.000000E+00  0.000000E+00  0.000000E+00
142  4.89407112E-03 -1.100985E+02  1.058503E+02  7.876116E-03 -1.111437E-03  0.000000E+00  0.000000E+00  0.000000E+00  0.000000E+00  0.000000E+00  0.000000E+00
143  5.33314151E-03 -1.097112E+02  8.588899E+01  9.924074E-03 -1.399232E-03  0.000000E+00  0.000000E+00  0.000000E+00  0.000000E+00  0.000000E+00  0.000000E+00
144  5.81009533E-03 -1.092982E+02  6.803226E+01  1.247770E-02 -1.757726E-03  0.000000E+00  0.000000E+00  0.000000E+00  0.000000E+00  0.000000E+00  0.000000E+00
145  6.32800596E-03 -1.088581E+02  5.206530E+01  1.565256E-02 -2.202980E-03  0.000000E+00  0.000000E+00  0.000000E+00  0.000000E+00  0.000000E+00  0.000000E+00
146  6.89017177E-03 -1.083895E+02  3.779450E+01  1.958748E-02 -2.754266E-03  0.000000E+00  0.000000E+00  0.000000E+00  0.000000E+00  0.000000E+00  0.000000E+00
147  7.50012969E-03 -1.078908E+02  2.504566E+01  2.444815E-02 -3.434561E-03  0.000000E+00  0.000000E+00  0.000000E+00  0.000000E+00  0.000000E+00  0.000000E+00
148  8.16166927E-03 -1.073605E+02  1.366258E+01  3.043095E-02 -4.271067E-03  0.000000E+00  0.000000E+00  0.000000E+00  0.000000E+00  0.000000E+00  0.000000E+00
149  8.87884717E-03 -1.067970E+02  3.505284E+00  3.776678E-02 -5.295752E-03  0.000000E+00  0.000000E+00  0.000000E+00  0.000000E+00  0.000000E+00  0.000000E+00
150  9.65600218E-03 -1.061985E+02 -5.551302E+00  4.672486E-02 -6.545855E-03  0.000000E+00  0.000000E+00  0.000000E+00  0.000000E+00  0.000000E+00  0.000000E+00
151  1.04977706E-02 -1.055633E+02 -1.361867E+01  5.761598E-02 -8.064361E-03  0.000000E+00  0.000000E+00  0.000000E+00  0.000000E+00  0.000000E+00  0.000000E+00
152  1.14091018E-02 -1.048899E+02 -2.079625E+01  7.079504E-02 -9.900357E-03  0.000000E+00  0.000000E+00  0.000000E+00  0.000000E+00  0.000000E+00  0.000000E+00
153  1.23952748E-02 -1.041764E+02 -2.717242E+01  8.666228E-02 -1.210924E-02  0.000000E+00  0.000000E+00  0.000000E+00  0.000000E+00  0.000000E+00  0.000000E+00
154  1.34619141E-02 -1.034211E+02 -3.282585E+01  1.056626E-01 -1.475267E-02  0.000000E+00  0.000000E+00  0.000000E+00  0.000000E+00  0.000000E+00  0.000000E+00
155  1.46150067E-02 -1.026226E+02 -3.782645E+01  1.282821E-01 -1.789821E-02  0.000000E+00  0.000000E+00  0.000000E+00  0.000000E+00  0.000000E+00  0.000000E+00
156  1.58609186E-02 -1.017790E+02 -4.223639E+01  1.550414E-01 -2.161852E-02  0.000000E+00  0.000000E+00  0.000000E+00  0.000000E+00  0.000000E+00  0.000000E+00
157  1.72064120E-02 -1.008890E+02 -4.611098E+01  1.864842E-01 -2.599001E-02  0.000000E+00  0.000000E+00  0.000000E+00  0.000000E+00  0.000000E+00  0.000000E+00
158  1.86586621E-02 -9.995110E+01 -4.949942E+01  2.231603E-01 -3.109077E-02  0.000000E+00  0.000000E+00  0.000000E+00  0.000000E+00  0.000000E+00  0.000000E+00
159  2.02252740E-02 -9.896412E+01 -5.244547E+01  2.656023E-01 -3.699778E-02  0.000000E+00  0.000000E+00  0.000000E+00  0.000000E+00  0.000000E+00  0.000000E+00
160  2.19142998E-02 -9.792712E+01 -5.498818E+01  3.142941E-01 -4.378319E-02  0.000000E+00  0.000000E+00  0.000000E+00  0.000000E+00  0.000000E+00  0.000000E+00
161  2.37342546E-02 -9.683941E+01 -5.716243E+01  3.696321E-01 -5.150965E-02  0.000000E+00  0.000000E+00  0.000000E+00  0.000000E+00  0.000000E+00  0.000000E+00
162  2.56941335E-02 -9.570056E+01 -5.899943E+01  4.318769E-01 -6.022463E-02  0.000000E+00  0.000000E+00  0.000000E+00  0.000000E+00  0.000000E+00  0.000000E+00
163  2.78034272E-02 -9.451028E+01 -6.052712E+01  5.010966E-01 -6.995382E-02  0.000000E+00  0.000000E+00  0.000000E+00  0.000000E+00  0.000000E+00  0.000000E+00
164  3.00721373E-02 -9.326837E+01 -6.177054E+01  5.771033E-01 -8.069371E-02  0.000000E+00  0.000000E+00  0.000000E+00  0.000000E+00  0.000000E+00  0.000000E+00
165  3.25107915E-02 -9.197461E+01 -6.275198E+01  6.593839E-01 -9.240349E-02  0.000000E+00  0.000000E+00  0.000000E+00  0.000000E+00  0.000000E+00  0.000000E+00
166  3.51304578E-02 -9.062870E+01 -6.349136E+01  7.470288E-01 -1.049969E-01  0.000000E+00  0.000000E+00  0.000000E+00  0.000000E+00  0.000000E+00  0.000000E+00
167  3.79427572E-02 -8.923021E+01 -6.400638E+01  8.386634E-01 -1.183343E-01  0.000000E+00  0.000000E+00  0.000000E+00  0.000000E+00  0.000000E+00  0.000000E+00
168  4.09598774E-02 -8.777886E+01 -6.431294E+01  9.323892E-01 -1.322158E-01  0.000000E+00  0.000000E+00  0.000000E+00  0.000000E+00  0.000000E+00  0.000000E+00
169  4.41945832E-02 -8.627437E+01 -6.442528E+01  1.025741E+00 -1.463766E-01  0.000000E+00  0.000000E+00  0.000000E+00  0.000000E+00  0.000000E+00  0.000000E+00
170  4.76602274E-02 -8.471693E+01 -6.435659E+01  1.115669E+00 -1.604851E-01  0.000000E+00  0.000000E+00  0.000000E+00  0.000000E+00  0.000000E+00  0.000000E+00
171  5.13707604E-02 -8.310711E+01 -6.411905E+01  1.198557E+00 -1.741447E-01  0.000000E+00  0.000000E+00  0.000000E+00  0.000000E+00  0.000000E+00  0.000000E+00
172  5.53407375E-02 -8.144597E+01 -6.372420E+01  1.270277E+00 -1.869010E-01  0.000000E+00  0.000000E+00  0.000000E+00  0.000000E+00  0.000000E+00  0.000000E+00
173  5.95853261E-02 -7.973513E+01 -6.318315E+01  1.326306E+00 -1.982541E-01  0.000000E+00  0.000000E+00  0.000000E+00  0.000000E+00  0.000000E+00  0.000000E+00
174  6.41203106E-02 -7.797682E+01 -6.250668E+01  1.361879E+00 -2.076763E-01  0.000000E+00  0.000000E+00  0.000000E+00  0.000000E+00  0.000000E+00  0.000000E+00
175  6.89620962E-02 -7.617439E+01 -6.170581E+01  1.372215E+00 -2.146365E-01  0.000000E+00  0.000000E+00  0.000000E+00  0.000000E+00  0.000000E+00  0.000000E+00
176  7.41277113E-02 -7.433183E+01 -6.079144E+01  1.352779E+00 -2.187065E-01  0.000000E+00  0.000000E+00  0.000000E+00  0.000000E+00  0.000000E+00  0.000000E+00
177  7.96348078E-02 -7.245434E+01 -5.977496E+01  1.299584E+00 -2.193785E-01  0.000000E+00  0.000000E+00  0.000000E+00  0.000000E+00  0.000000E+00  0.000000E+00
178  8.55016601E-02 -7.054722E+01 -5.866720E+01  1.209523E+00 -2.162949E-01  0.000000E+00  0.000000E+00  0.000000E+00  0.000000E+00  0.000000E+00  0.000000E+00
179  9.17471623E-02 -6.861569E+01 -5.747842E+01  1.080690E+00 -2.092188E-01  0.000000E+00  0.000000E+00  0.000000E+00  0.000000E+00  0.000000E+00  0.000000E+00
180  9.83908242E-02 -6.666415E+01 -5.621757E+01  9.126768E-01 -1.980614E-01  0.000000E+00  0.000000E+00  0.000000E+00  0.000000E+00  0.000000E+00  0.000000E+00
181  1.05452765E-01 -6.469591E+01 -5.489213E+01  7.068187E-01 -1.829030E-01  0.000000E+00  0.000000E+00  0.000000E+00  0.000000E+00  0.000000E+00  0.000000E+00
182  1.12953704E-01 -6.271312E+01 -5.350803E+01  4.663449E-01 -1.640046E-01  0.000000E+00  0.000000E+00  0.000000E+00  0.000000E+00  0.000000E+00  0.000000E+00
183  1.20914955E-01 -6.071784E+01 -5.207075E+01  1.964205E-01 -1.418100E-01  0.000000E+00  0.000000E+00  0.000000E+00  0.000000E+00  0.000000E+00  0.000000E+00
184  1.29358411E-01 -5.871185E+01 -5.058521E+01 -9.595098E-02 -1.169344E-01  0.000000E+00  0.000000E+00  0.000000E+00  0.000000E+00  0.000000E+00  0.000000E+00
185  1.38306533E-01 -5.669812E+01 -4.905717E+01 -4.021713E-01 -9.014108E-02  0.000000E+00  0.000000E+00  0.000000E+00  0.000000E+00  0.000000E+00  0.000000E+00
186  1.47782338E-01 -5.468026E+01 -4.749284E+01 -7.124350E-01 -6.230412E-02  0.000000E+00  0.000000E+00  0.000000E+00  0.000000E+00  0.000000E+00  0.000000E+00
187  1.57809380E-01 -5.266283E+01 -4.589916E+01 -1.016241E+00 -3.436130E-02  0.000000E+00  0.000000E+00  0.000000E+00  0.000000E+00  0.000000E+00  0.000000E+00
188  1.68411735E-01 -5.065190E+01 -4.428440E+01 -1.302993E+00 -7.258784E-03  0.000000E+00  0.000000E+00  0.000000E+00  0.000000E+00  0.000000E+00  0.000000E+00
189  1.79613982E-01 -4.865443E+01 -4.265753E+01 -1.562635E+00  1.810642E-02  0.000000E+00  0.000000E+00  0.000000E+00  0.000000E+00  0.000000E+00  0.000000E+00
190  1.91441182E-01 -4.667953E+01 -4.102946E+01 -1.786276E+00  4.094213E-02  0.000000E+00  0.000000E+00  0.000000E+00  0.000000E+00  0.000000E+00  0.000000E+00
191  2.03918860E-01 -4.473633E+01 -3.941099E+01 -1.966728E+00  6.060826E-02  0.000000E+00  0.000000E+00  0.000000E+00  0.000000E+00  0.000000E+00  0.000000E+00
192  2.17072982E-01 -4.283361E+01 -3.781238E+01 -2.098926E+00  7.665081E-02  0.000000E+00  0.000000E+00  0.000000E+00  0.000000E+00  0.000000E+00  0.000000E+00
193  2.30929931E-01 -4.097808E+01 -3.624174E+01 -2.180175E+00  8.881927E-02  0.000000E+00  0.000000E+00  0.000000E+00  0.000000E+00  0.000000E+00  0.000000E+00
194  2.45516486E-01 -3.917347E+01 -3.470408E+01 -2.210229E+00  9.706650E-02  0.000000E+00  0.000000E+00  0.000000E+00  0.000000E+00  0.000000E+00  0.000000E+00
195  2.60859794E-01 -3.742003E+01 -3.320083E+01 -2.191200E+00  1.015331E-01  0.000000E+00  0.000000E+00  0.000000E+00  0.000000E+00  0.000000E+00  0.000000E+00
196  2.76987351E-01 -3.571591E+01 -3.173124E+01 -2.127306E+00  1.025202E-01  0.000000E+00  0.000000E+00  0.000000E+00  0.000000E+00  0.000000E+00  0.000000E+00
197  2.93926969E-01 -3.405699E+01 -3.029224E+01 -2.024499E+00  1.004549E-01  0.000000E+00  0.000000E+00  0.000000E+00  0.000000E+00  0.000000E+00  0.000000E+00
198  3.11706758E-01 -3.243976E+01 -2.888127E+01 -1.890005E+00  9.585181E-02  0.000000E+00  0.000000E+00  0.000000E+00  0.000000E+00  0.000000E+00  0.000000E+00
199  3.30355095E-01 -3.086108E+01 -2.749605E+01 -1.731803E+00  8.927406E-02  0.000000E+00  0.000000E+00  0.000000E+00  0.000000E+00  0.000000E+00  0.000000E+00
200  3.49900600E-01 -2.931904E+01 -2.613553E+01 -1.558097E+00  8.129579E-02  0.000000E+00  0.000000E+00  0.000000E+00  0.000000E+00  0.000000E+00  0.000000E+00
201  3.70372109E-01 -2.781273E+01 -2.479956E+01 -1.376814E+00  7.246806E-02  0.000000E+00  0.000000E+00  0.000000E+00  0.000000E+00  0.000000E+00  0.000000E+00
202  3.91798649E-01 -2.634199E+01 -2.348874E+01 -1.195174E+00  6.329052E-02  0.000000E+00  0.000000E+00  0.000000E+00  0.000000E+00  0.000000E+00  0.000000E+00
203  4.14209412E-01 -2.490791E+01 -2.220483E+01 -1.019362E+00  5.419051E-02  0.000000E+00  0.000000E+00  0.000000E+00  0.000000E+00  0.000000E+00  0.000000E+00
204  4.37633729E-01 -2.351245E+01 -2.095043E+01 -8.543123E-01  4.551032E-02  0.000000E+00  0.000000E+00  0.000000E+00  0.000000E+00  0.000000E+00  0.000000E+00
205  4.62101043E-01 -2.215951E+01 -1.973007E+01 -7.036112E-01  3.750248E-02  0.000000E+00  0.000000E+00  0.000000E+00  0.000000E+00  0.000000E+00  0.000000E+00
206  4.87640888E-01 -2.085324E+01 -1.854841E+01 -5.695151E-01  3.033209E-02  0.000000E+00  0.000000E+00  0.000000E+00  0.000000E+00  0.000000E+00  0.000000E+00
207  5.14282863E-01 -1.959809E+01 -1.741045E+01 -4.530601E-01  2.408474E-02  0.000000E+00  0.000000E+00  0.000000E+00  0.000000E+00  0.000000E+00  0.000000E+00
208  5.42056607E-01 -1.839776E+01 -1.632036E+01 -3.542416E-01  1.877875E-02  0.000000E+00  0.000000E+00  0.000000E+00  0.000000E+00  0.000000E+00  0.000000E+00
209  5.70991775E-01 -1.725480E+01 -1.528112E+01 -2.722352E-01  1.437969E-02  0.000000E+00  0.000000E+00  0.000000E+00  0.000000E+00  0.000000E+00  0.000000E+00
210  6.01118021E-01 -1.617033E+01 -1.429429E+01 -2.056321E-01  1.081554E-02  0.000000E+00  0.000000E+00  0.000000E+00  0.000000E+00  0.000000E+00  0.000000E+00
211  6.32464970E-01 -1.514433E+01 -1.336021E+01 -1.526623E-01  7.991124E-03  0.000000E+00  0.000000E+00  0.000000E+00  0.000000E+00  0.000000E+00  0.000000E+00
212  6.65062201E-01 -1.417568E+01 -1.247815E+01 -1.113913E-01  5.800402E-03  0.000000E+00  0.000000E+00  0.000000E+00  0.000000E+00  0.000000E+00  0.000000E+00
213  6.98939223E-01 -1.326238E+01 -1.164645E+01 -7.987767E-02  4.136329E-03  0.000000E+00  0.000000E+00  0.000000E+00  0.000000E+00  0.000000E+00  0.000000E+00
214  7.34125462E-01 -1.240217E+01 -1.086315E+01 -5.628884E-02  2.897887E-03  0.000000E+00  0.000000E+00  0.000000E+00  0.000000E+00  0.000000E+00  0.000000E+00
215  7.70650235E-01 -1.159245E+01 -1.012593E+01 -3.897649E-02  1.994560E-03  0.000000E+00  0.000000E+00  0.000000E+00  0.000000E+00  0.000000E+00  0.000000E+00
216  8.08542737E-01 -1.083051E+01 -9.432397E+00 -2.651676E-02  1.348625E-03  0.000000E+00  0.000000E+00  0.000000E+00  0.000000E+00  0.000000E+00  0.000000E+00
217  8.47832025E-01 -1.011378E+01 -8.780210E+00 -1.772244E-02  8.957391E-04  0.000000E+00  0.000000E+00  0.000000E+00  0.000000E+00  0.000000E+00  0.000000E+00
218  8.88546997E-01 -9.439797E+00 -8.167160E+00 -1.163467E-02  5.843565E-04  0.000000E+00  0.000000E+00  0.000000E+00  0.000000E+00  0.000000E+00  0.000000E+00
219  9.30716384E-01 -8.806282E+00 -7.591187E+00 -7.501536E-03  3.743964E-04  0.000000E+00  0.000000E+00  0.000000E+00  0.000000E+00  0.000000E+00  0.000000E+00
220  9.74368729E-01 -8.211140E+00 -7.050410E+00 -4.749469E-03  2.355524E-04  0.000000E+00  0.000000E+00  0.000000E+00  0.000000E+00  0.000000E+00  0.000000E+00
221  1.01953238E+00 -7.652459E+00 -6.543114E+00 -2.952356E-03  1.455072E-04  0.000000E+00  0.000000E+00  0.000000E+00  0.000000E+00  0.000000E+00  0.000000E+00
222  1.06623547E+00 -7.128493E+00 -6.067737E+00 -1.801558E-03  8.823816E-05  0.000000E+00  0.000000E+00  0.000000E+00  0.000000E+00  0.000000E+00  0.000000E+00
223  1.11450591E+00 -6.637633E+00 -5.622844E+00 -1.078966E-03  5.252099E-05  0.000000E+00  0.000000E+00  0.000000E+00  0.000000E+00  0.000000E+00  0.000000E+00
224  1.16437139E+00 -6.178365E+00 -5.207080E+00 -6.341158E-04  3.067889E-05  0.000000E+00  0.000000E+00  0.000000E+00  0.000000E+00  0.000000E+00  0.000000E+00
225  1.21585935E+00 -5.749267E+00 -4.819173E+00 -3.656375E-04  1.758325E-05  0.000000E+00  0.000000E+00  0.000000E+00  0.000000E+00  0.000000E+00  0.000000E+00
226  1.26899696E+00 -5.348934E+00 -4.457860E+00 -2.068101E-04  9.886245E-06  0.000000E+00  0.000000E+00  0.000000E+00  0.000000E+00  0.000000E+00  0.000000E+00
227  1.32381117E+00 -4.975999E+00 -4.121905E+00 -1.147221E-04  5.451963E-06  0.000000E+00  0.000000E+00  0.000000E+00  0.000000E+00  0.000000E+00  0.000000E+00
228  1.38032862E+00 -4.629099E+00 -3.810067E+00 -6.240094E-05  2.948345E-06  0.000000E+00  0.000000E+00  0.000000E+00  0.000000E+00  0.000000E+00  0.000000E+00
229  1.43857571E+00 -4.306872E+00 -3.521099E+00 -3.327483E-05  1.563218E-06  0.000000E+00  0.000000E+00  0.000000E+00  0.000000E+00  0.000000E+00  0.000000E+00
230  1.49857854E+00 -4.007956E+00 -3.253746E+00 -1.739131E-05  8.124311E-07  0.000000E+00  0.000000E+00  0.000000E+00  0.000000E+00  0.000000E+00  0.000000E+00
231  1.56036292E+00 -3.730996E+00 -3.006753E+00 -8.907374E-06  4.137968E-07  0.000000E+00  0.000000E+00  0.000000E+00  0.000000E+00  0.000000E+00  0.000000E+00
232  1.62395439E+00 -3.474642E+00 -2.778864E+00 -4.469675E-06  2.065033E-07  0.000000E+00  0.000000E+00  0.000000E+00  0.000000E+00  0.000000E+00  0.000000E+00
233  1.68937818E+00 -3.237566E+00 -2.568837E+00 -2.196937E-06  1.009508E-07  0.000000E+00  0.000000E+00  0.000000E+00  0.000000E+00  0.000000E+00  0.000000E+00
234  1.75665923E+00 -3.018462E+00 -2.375451E+00 -1.057500E-06  4.833236E-08  0.000000E+00  0.000000E+00  0.000000E+00  0.000000E+00  0.000000E+00  0.000000E+00
235  1.82582216E+00 -2.816061E+00 -2.197512E+00 -4.983890E-07  2.265747E-08  0.000000E+00  0.000000E+00  0.000000E+00  0.000000E+00  0.000000E+00  0.000000E+00
236  1.89689131E+00 -2.629139E+00 -2.033867E+00 -2.299244E-07  1.039750E-08  0.000000E+00  0.000000E+00  0.000000E+00  0.000000E+00  0.000000E+00  0.000000E+00
237  1.96989070E+00 -2.456519E+00 -1.883408E+00 -1.038084E-07  4.669688E-09  0.000000E+00  0.000000E+00  0.000000E+00  0.000000E+00  0.000000E+00  0.000000E+00
238  2.04484404E+00 -2.297086E+00 -1.745081E+00 -4.585778E-08  2.052029E-09  0.000000E+00  0.000000E+00  0.000000E+00  0.000000E+00  0.000000E+00  0.000000E+00
239  2.12177474E+00 -2.149785E+00 -1.617891E+00 -1.981650E-08  8.820850E-10  0.000000E+00  0.000000E+00  0.000000E+00  0.000000E+00  0.000000E+00  0.000000E+00
240  2.20070589E+00 -2.013628E+00 -1.500906E+00 -8.374809E-09  3.708188E-10  0.000000E+00  0.000000E+00  0.000000E+00  0.000000E+00  0.000000E+00  0.000000E+00
241  2.28166029E+00 -1.887698E+00 -1.393260E+00 -3.460642E-09  1.524155E-10  0.000000E+00  0.000000E+00  0.000000E+00  0.000000E+00  0.000000E+00  0.000000E+00
242  2.36466041E+00 -1.771148E+00 -1.294154E+00 -1.397886E-09  6.123554E-11  0.000000E+00  0.000000E+00  0.000000E+00  0.000000E+00  0.000000E+00  0.000000E+00
243  2.44972841E+00 -1.663203E+00 -1.202861E+00 -5.518475E-10  2.404221E-11  0.000000E+00  0.000000E+00  0.000000E+00  0.000000E+00  0.000000E+00  0.000000E+00
244  2.53688615E+00 -1.563159E+00 -1.118720E+00 -2.128622E-10  1.002508E-11  0.000000E+00  0.000000E+00  0.000000E+00  0.000000E+00  0.000000E+00  0.000000E+00
245  2.62615519E+00 -1.473593E+00 -1.044345E+00 -8.020705E-11  1.447179E-12  0.000000E+00  0.000000E+00  0.000000E+00  0.000000E+00  0.000000E+00  0.000000E+00
