#      n =  4
#  kappa = -4
# energy = -1.07740146E+03
#zenergy =  0.00000000E+00
#     dn =  3.88777568E+00
# qrnorm =  1.00237816E+00
#SelfEne =  2.72113860E+32
#     vc = -5.96496201E+03
#     vr = -8.83185839E+03
#  ilast =  249
#    ifm =    0
#    cfm =  0.00000000E+00
#    xfm =  0.00000000E+00
#    rfn =  2.90684097E+00
#    pdx =  3.91581808E+00
#   bqp0 = -1.10788561E-05
#   bqp1 =  0.00000000E+00
#    idx = 15
# LEPTON = 0
#   MASS =  1.00000000E+00
# CHARGE =  1.00000000E+00
#  EUNIT =  2.72113860E+01
#  RUNIT =  4.13413733E+16
#  LUNIT =  5.29177211E-01
#    AMU =  1.82288849E+03
#    FSC =  7.29735257E-03


0    1.15046527E-08 -1.365271E-02  9.778727E+07  4.196568E-27 -4.675176E-32  0.000000E+00  0.000000E+00  0.000000E+00  0.000000E+00  0.000000E+00  0.000000E+00
1    1.26168860E-08 -1.497261E-02  8.916692E+07  6.023308E-27 -7.395816E-32  0.000000E+00  0.000000E+00  0.000000E+00  0.000000E+00  0.000000E+00  0.000000E+00
2    1.38366465E-08 -1.642011E-02  8.130649E+07  8.677039E-27 -1.167813E-31  0.000000E+00  0.000000E+00  0.000000E+00  0.000000E+00  0.000000E+00  0.000000E+00
3    1.51743031E-08 -1.800752E-02  7.413912E+07  1.252424E-26 -1.845600E-31  0.000000E+00  0.000000E+00  0.000000E+00  0.000000E+00  0.000000E+00  0.000000E+00
4    1.66412777E-08 -1.974840E-02  6.760358E+07  1.809567E-26 -2.920369E-31  0.000000E+00  0.000000E+00  0.000000E+00  0.000000E+00  0.000000E+00  0.000000E+00
5    1.82500718E-08 -2.165757E-02  6.164416E+07  2.615960E-26 -4.625494E-31  0.000000E+00  0.000000E+00  0.000000E+00  0.000000E+00  0.000000E+00  0.000000E+00
6    2.00143612E-08 -2.375128E-02  5.621017E+07  3.782760E-26 -7.330840E-31  0.000000E+00  0.000000E+00  0.000000E+00  0.000000E+00  0.000000E+00  0.000000E+00
7    2.19492098E-08 -2.604738E-02  5.125520E+07  5.470787E-26 -1.162304E-30  0.000000E+00  0.000000E+00  0.000000E+00  0.000000E+00  0.000000E+00  0.000000E+00
8    2.40711060E-08 -2.856546E-02  4.673701E+07  7.912679E-26 -1.843252E-30  0.000000E+00  0.000000E+00  0.000000E+00  0.000000E+00  0.000000E+00  0.000000E+00
9    2.63980864E-08 -3.132692E-02  4.261718E+07  1.144494E-25 -2.923492E-30  0.000000E+00  0.000000E+00  0.000000E+00  0.000000E+00  0.000000E+00  0.000000E+00
10   2.89500186E-08 -3.435532E-02  3.886051E+07  1.655434E-25 -4.637141E-30  0.000000E+00  0.000000E+00  0.000000E+00  0.000000E+00  0.000000E+00  0.000000E+00
11   3.17485937E-08 -3.767643E-02  3.543505E+07  2.394491E-25 -7.355501E-30  0.000000E+00  0.000000E+00  0.000000E+00  0.000000E+00  0.000000E+00  0.000000E+00
12   3.48177047E-08 -4.131858E-02  3.231154E+07  3.463508E-25 -1.166765E-29  0.000000E+00  0.000000E+00  0.000000E+00  0.000000E+00  0.000000E+00  0.000000E+00
13   3.81835043E-08 -4.531281E-02  2.946336E+07  5.009786E-25 -1.850798E-29  0.000000E+00  0.000000E+00  0.000000E+00  0.000000E+00  0.000000E+00  0.000000E+00
14   4.18746002E-08 -4.969308E-02  2.686628E+07  7.246380E-25 -2.935845E-29  0.000000E+00  0.000000E+00  0.000000E+00  0.000000E+00  0.000000E+00  0.000000E+00
15   4.59224244E-08 -5.449667E-02  2.449817E+07  1.048146E-24 -4.656993E-29  0.000000E+00  0.000000E+00  0.000000E+00  0.000000E+00  0.000000E+00  0.000000E+00
16   5.03615331E-08 -5.976462E-02  2.233880E+07  1.516076E-24 -7.387185E-29  0.000000E+00  0.000000E+00  0.000000E+00  0.000000E+00  0.000000E+00  0.000000E+00
17   5.52297500E-08 -6.554179E-02  2.036976E+07  2.192901E-24 -1.171796E-28  0.000000E+00  0.000000E+00  0.000000E+00  0.000000E+00  0.000000E+00  0.000000E+00
18   6.05683442E-08 -7.187716E-02  1.857435E+07  3.171864E-24 -1.858738E-28  0.000000E+00  0.000000E+00  0.000000E+00  0.000000E+00  0.000000E+00  0.000000E+00
19   6.64229753E-08 -7.882491E-02  1.693719E+07  4.587844E-24 -2.948390E-28  0.000000E+00  0.000000E+00  0.000000E+00  0.000000E+00  0.000000E+00  0.000000E+00
20   7.28435242E-08 -8.644425E-02  1.544432E+07  6.635917E-24 -4.676825E-28  0.000000E+00  0.000000E+00  0.000000E+00  0.000000E+00  0.000000E+00  0.000000E+00
21   7.98845545E-08 -9.479992E-02  1.408307E+07  9.598228E-24 -7.418447E-28  0.000000E+00  0.000000E+00  0.000000E+00  0.000000E+00  0.000000E+00  0.000000E+00
22   8.76060161E-08 -1.039631E-01  1.284182E+07  1.388286E-23 -1.176715E-27  0.000000E+00  0.000000E+00  0.000000E+00  0.000000E+00  0.000000E+00  0.000000E+00
23   9.60736496E-08 -1.140117E-01  1.170999E+07  2.008003E-23 -1.866494E-27  0.000000E+00  0.000000E+00  0.000000E+00  0.000000E+00  0.000000E+00  0.000000E+00
24   1.05359729E-07 -1.250316E-01  1.067792E+07  2.904342E-23 -2.960612E-27  0.000000E+00  0.000000E+00  0.000000E+00  0.000000E+00  0.000000E+00  0.000000E+00
25   1.15542961E-07 -1.371161E-01  9.736842E+06  4.200763E-23 -4.696011E-27  0.000000E+00  0.000000E+00  0.000000E+00  0.000000E+00  0.000000E+00  0.000000E+00
26   1.26710423E-07 -1.503687E-01  8.878706E+06  6.075841E-23 -7.448640E-27  0.000000E+00  0.000000E+00  0.000000E+00  0.000000E+00  0.000000E+00  0.000000E+00
27   1.38957001E-07 -1.649018E-01  8.096214E+06  8.787833E-23 -1.181464E-26  0.000000E+00  0.000000E+00  0.000000E+00  0.000000E+00  0.000000E+00  0.000000E+00
28   1.52386948E-07 -1.808393E-01  7.382698E+06  1.271026E-22 -1.873961E-26  0.000000E+00  0.000000E+00  0.000000E+00  0.000000E+00  0.000000E+00  0.000000E+00
29   1.67114584E-07 -1.983167E-01  6.732075E+06  1.838331E-22 -2.972327E-26  0.000000E+00  0.000000E+00  0.000000E+00  0.000000E+00  0.000000E+00  0.000000E+00
30   1.83265272E-07 -2.174829E-01  6.138802E+06  2.658828E-22 -4.714426E-26  0.000000E+00  0.000000E+00  0.000000E+00  0.000000E+00  0.000000E+00  0.000000E+00
31   2.00976485E-07 -2.385010E-01  5.597822E+06  3.845505E-22 -7.477512E-26  0.000000E+00  0.000000E+00  0.000000E+00  0.000000E+00  0.000000E+00  0.000000E+00
32   2.20398971E-07 -2.615498E-01  5.104524E+06  5.561771E-22 -1.185991E-25  0.000000E+00  0.000000E+00  0.000000E+00  0.000000E+00  0.000000E+00  0.000000E+00
33   2.41697616E-07 -2.868251E-01  4.654714E+06  8.043942E-22 -1.881043E-25  0.000000E+00  0.000000E+00  0.000000E+00  0.000000E+00  0.000000E+00  0.000000E+00
34   2.65054033E-07 -3.145423E-01  4.244549E+06  1.163379E-21 -2.983409E-25  0.000000E+00  0.000000E+00  0.000000E+00  0.000000E+00  0.000000E+00  0.000000E+00
35   2.90666988E-07 -3.449374E-01  3.870534E+06  1.682555E-21 -4.731761E-25  0.000000E+00  0.000000E+00  0.000000E+00  0.000000E+00  0.000000E+00  0.000000E+00
36   3.18754444E-07 -3.782690E-01  3.529482E+06  2.433401E-21 -7.504615E-25  0.000000E+00  0.000000E+00  0.000000E+00  0.000000E+00  0.000000E+00  0.000000E+00
37   3.49554805E-07 -4.148199E-01  3.218493E+06  3.519277E-21 -1.190218E-24  0.000000E+00  0.000000E+00  0.000000E+00  0.000000E+00  0.000000E+00  0.000000E+00
38   3.83330652E-07 -4.549018E-01  2.934912E+06  5.089660E-21 -1.887646E-24  0.000000E+00  0.000000E+00  0.000000E+00  0.000000E+00  0.000000E+00  0.000000E+00
39   4.20368640E-07 -4.988549E-01  2.676326E+06  7.360703E-21 -2.993692E-24  0.000000E+00  0.000000E+00  0.000000E+00  0.000000E+00  0.000000E+00  0.000000E+00
40   4.60983691E-07 -5.470528E-01  2.440532E+06  1.064497E-20 -4.747737E-24  0.000000E+00  0.000000E+00  0.000000E+00  0.000000E+00  0.000000E+00  0.000000E+00
41   5.05521995E-07 -5.999063E-01  2.225517E+06  1.539448E-20 -7.529434E-24  0.000000E+00  0.000000E+00  0.000000E+00  0.000000E+00  0.000000E+00  0.000000E+00
42   5.54361474E-07 -6.578639E-01  2.029452E+06  2.226281E-20 -1.194070E-23  0.000000E+00  0.000000E+00  0.000000E+00  0.000000E+00  0.000000E+00  0.000000E+00
43   6.07917317E-07 -7.214181E-01  1.850666E+06  3.219504E-20 -1.893607E-23  0.000000E+00  0.000000E+00  0.000000E+00  0.000000E+00  0.000000E+00  0.000000E+00
44   6.66644772E-07 -7.911093E-01  1.687637E+06  4.655776E-20 -3.002911E-23  0.000000E+00  0.000000E+00  0.000000E+00  0.000000E+00  0.000000E+00  0.000000E+00
45   7.31043012E-07 -8.675296E-01  1.538975E+06  6.732694E-20 -4.761977E-23  0.000000E+00  0.000000E+00  0.000000E+00  0.000000E+00  0.000000E+00  0.000000E+00
46   8.01659368E-07 -9.513284E-01  1.403414E+06  9.735968E-20 -7.551344E-23  0.000000E+00  0.000000E+00  0.000000E+00  0.000000E+00  0.000000E+00  0.000000E+00
47   8.79093974E-07 -1.043218E+00  1.279798E+06  1.407870E-19 -1.197438E-22  0.000000E+00  0.000000E+00  0.000000E+00  0.000000E+00  0.000000E+00  0.000000E+00
48   9.64003183E-07 -1.143976E+00  1.167077E+06  2.035816E-19 -1.898762E-22  0.000000E+00  0.000000E+00  0.000000E+00  0.000000E+00  0.000000E+00  0.000000E+00
49   1.05710802E-06 -1.254459E+00  1.064290E+06  2.943790E-19 -3.010768E-22  0.000000E+00  0.000000E+00  0.000000E+00  0.000000E+00  0.000000E+00  0.000000E+00
50   1.15920253E-06 -1.375609E+00  9.705574E+05  4.256647E-19 -4.773960E-22  0.000000E+00  0.000000E+00  0.000000E+00  0.000000E+00  0.000000E+00  0.000000E+00
51   1.27114950E-06 -1.508448E+00  8.850857E+05  6.154883E-19 -7.569481E-22  0.000000E+00  0.000000E+00  0.000000E+00  0.000000E+00  0.000000E+00  0.000000E+00
52   1.39390018E-06 -1.654104E+00  8.071454E+05  8.899450E-19 -1.200168E-21  0.000000E+00  0.000000E+00  0.000000E+00  0.000000E+00  0.000000E+00  0.000000E+00
53   1.52849785E-06 -1.813816E+00  7.360719E+05  1.286760E-18 -1.902866E-21  0.000000E+00  0.000000E+00  0.000000E+00  0.000000E+00  0.000000E+00  0.000000E+00
54   1.67608231E-06 -1.988934E+00  6.712611E+05  1.860468E-18 -3.016896E-21  0.000000E+00  0.000000E+00  0.000000E+00  0.000000E+00  0.000000E+00  0.000000E+00
55   1.83790724E-06 -2.180944E+00  6.121602E+05  2.689904E-18 -4.783001E-21  0.000000E+00  0.000000E+00  0.000000E+00  0.000000E+00  0.000000E+00  0.000000E+00
56   2.01534226E-06 -2.391469E+00  5.582669E+05  3.889025E-18 -7.582717E-21  0.000000E+00  0.000000E+00  0.000000E+00  0.000000E+00  0.000000E+00  0.000000E+00
57   2.20989566E-06 -2.622297E+00  5.091211E+05  5.622554E-18 -1.202090E-20  0.000000E+00  0.000000E+00  0.000000E+00  0.000000E+00  0.000000E+00  0.000000E+00
58   2.42321417E-06 -2.875377E+00  4.643051E+05  8.128583E-18 -1.905604E-20  0.000000E+00  0.000000E+00  0.000000E+00  0.000000E+00  0.000000E+00  0.000000E+00
59   2.65710441E-06 -3.152848E+00  4.234374E+05  1.175124E-17 -3.020726E-20  0.000000E+00  0.000000E+00  0.000000E+00  0.000000E+00  0.000000E+00  0.000000E+00
60   2.91355088E-06 -3.457058E+00  3.861696E+05  1.698790E-17 -4.788217E-20  0.000000E+00  0.000000E+00  0.000000E+00  0.000000E+00  0.000000E+00  0.000000E+00
61   3.19472289E-06 -3.790574E+00  3.521849E+05  2.455738E-17 -7.589570E-20  0.000000E+00  0.000000E+00  0.000000E+00  0.000000E+00  0.000000E+00  0.000000E+00
62   3.50300197E-06 -4.156208E+00  3.211937E+05  3.549852E-17 -1.202932E-19  0.000000E+00  0.000000E+00  0.000000E+00  0.000000E+00  0.000000E+00  0.000000E+00
63   3.84099712E-06 -4.557041E+00  2.929318E+05  5.131251E-17 -1.906530E-19  0.000000E+00  0.000000E+00  0.000000E+00  0.000000E+00  0.000000E+00  0.000000E+00
64   4.21156786E-06 -4.996447E+00  2.671589E+05  7.416864E-17 -3.021509E-19  0.000000E+00  0.000000E+00  0.000000E+00  0.000000E+00  0.000000E+00  0.000000E+00
65   4.61784978E-06 -5.478119E+00  2.436571E+05  1.072014E-16 -4.788291E-19  0.000000E+00  0.000000E+00  0.000000E+00  0.000000E+00  0.000000E+00  0.000000E+00
66   5.06327649E-06 -6.006096E+00  2.222247E+05  1.549399E-16 -7.587713E-19  0.000000E+00  0.000000E+00  0.000000E+00  0.000000E+00  0.000000E+00  0.000000E+00
67   5.55161366E-06 -6.584799E+00  2.026801E+05  2.239272E-16 -1.202302E-18  0.000000E+00  0.000000E+00  0.000000E+00  0.000000E+00  0.000000E+00  0.000000E+00
68   6.08698590E-06 -7.219061E+00  1.848567E+05  3.236165E-16 -1.904959E-18  0.000000E+00  0.000000E+00  0.000000E+00  0.000000E+00  0.000000E+00  0.000000E+00
69   6.67391443E-06 -7.914165E+00  1.686021E+05  4.676633E-16 -3.018040E-18  0.000000E+00  0.000000E+00  0.000000E+00  0.000000E+00  0.000000E+00  0.000000E+00
70   7.31735392E-06 -8.675882E+00  1.537796E+05  6.757926E-16 -4.781107E-18  0.000000E+00  0.000000E+00  0.000000E+00  0.000000E+00  0.000000E+00  0.000000E+00
71   8.02273392E-06 -9.510515E+00  1.402627E+05  9.764939E-16 -7.573434E-18  0.000000E+00  0.000000E+00  0.000000E+00  0.000000E+00  0.000000E+00  0.000000E+00
72   8.79600036E-06 -1.042493E+01  1.279353E+05  1.410912E-15 -1.199537E-17  0.000000E+00  0.000000E+00  0.000000E+00  0.000000E+00  0.000000E+00  0.000000E+00
73   9.64367338E-06 -1.142662E+01  1.166937E+05  2.038464E-15 -1.899709E-17  0.000000E+00  0.000000E+00  0.000000E+00  0.000000E+00  0.000000E+00  0.000000E+00
74   1.05728932E-05 -1.252373E+01  1.064425E+05  2.944940E-15 -3.008205E-17  0.000000E+00  0.000000E+00  0.000000E+00  0.000000E+00  0.000000E+00  0.000000E+00
75   1.15914832E-05 -1.372511E+01  9.709382E+04  4.254203E-15 -4.762869E-17  0.000000E+00  0.000000E+00  0.000000E+00  0.000000E+00  0.000000E+00  0.000000E+00
76   1.27080132E-05 -1.504038E+01  8.856837E+04  6.145052E-15 -7.539864E-17  0.000000E+00  0.000000E+00  0.000000E+00  0.000000E+00  0.000000E+00  0.000000E+00
77   1.39318745E-05 -1.647993E+01  8.079404E+04  8.875560E-15 -1.193394E-16  0.000000E+00  0.000000E+00  0.000000E+00  0.000000E+00  0.000000E+00  0.000000E+00
78   1.52733522E-05 -1.805498E+01  7.370493E+04  1.281815E-14 -1.888513E-16  0.000000E+00  0.000000E+00  0.000000E+00  0.000000E+00  0.000000E+00  0.000000E+00
79   1.67437127E-05 -1.977763E+01  6.724069E+04  1.851019E-14 -2.987860E-16  0.000000E+00  0.000000E+00  0.000000E+00  0.000000E+00  0.000000E+00  0.000000E+00
80   1.83552950E-05 -2.166080E+01  6.134654E+04  2.672685E-14 -4.725969E-16  0.000000E+00  0.000000E+00  0.000000E+00  0.000000E+00  0.000000E+00  0.000000E+00
81   2.01216163E-05 -2.371831E+01  5.597275E+04  3.858615E-14 -7.473018E-16  0.000000E+00  0.000000E+00  0.000000E+00  0.000000E+00  0.000000E+00  0.000000E+00
82   2.20574781E-05 -2.596477E+01  5.107398E+04  5.570011E-14 -1.181290E-15  0.000000E+00  0.000000E+00  0.000000E+00  0.000000E+00  0.000000E+00  0.000000E+00
83   2.41790911E-05 -2.841556E+01  4.660906E+04  8.039245E-14 -1.866595E-15  0.000000E+00  0.000000E+00  0.000000E+00  0.000000E+00  0.000000E+00  0.000000E+00
84   2.65042049E-05 -3.108662E+01  4.254056E+04  1.160117E-13 -2.948149E-15  0.000000E+00  0.000000E+00  0.000000E+00  0.000000E+00  0.000000E+00  0.000000E+00
85   2.90522544E-05 -3.399432E+01  3.883459E+04  1.673812E-13 -4.653960E-15  0.000000E+00  0.000000E+00  0.000000E+00  0.000000E+00  0.000000E+00  0.000000E+00
86   3.18445207E-05 -3.715506E+01  3.546074E+04  2.414461E-13 -7.342291E-15  0.000000E+00  0.000000E+00  0.000000E+00  0.000000E+00  0.000000E+00  0.000000E+00
87   3.49043009E-05 -4.058488E+01  3.239154E+04  3.482019E-13 -1.157525E-14  0.000000E+00  0.000000E+00  0.000000E+00  0.000000E+00  0.000000E+00  0.000000E+00
88   3.82570965E-05 -4.429875E+01  2.960259E+04  5.020260E-13 -1.823326E-14  0.000000E+00  0.000000E+00  0.000000E+00  0.000000E+00  0.000000E+00  0.000000E+00
89   4.19308267E-05 -4.830968E+01  2.707249E+04  7.235864E-13 -2.869246E-14  0.000000E+00  0.000000E+00  0.000000E+00  0.000000E+00  0.000000E+00  0.000000E+00
90   4.59560449E-05 -5.262746E+01  2.478252E+04  1.042573E-12 -4.509848E-14  0.000000E+00  0.000000E+00  0.000000E+00  0.000000E+00  0.000000E+00  0.000000E+00
91   5.03661913E-05 -5.725698E+01  2.271711E+04  1.501602E-12 -7.078664E-14  0.000000E+00  0.000000E+00  0.000000E+00  0.000000E+00  0.000000E+00  0.000000E+00
92   5.51978603E-05 -6.219593E+01  2.086398E+04  2.161791E-12 -1.109229E-13  0.000000E+00  0.000000E+00  0.000000E+00  0.000000E+00  0.000000E+00  0.000000E+00
93   6.04910908E-05 -6.743167E+01  1.921414E+04  3.110705E-12 -1.734733E-13  0.000000E+00  0.000000E+00  0.000000E+00  0.000000E+00  0.000000E+00  0.000000E+00
94   6.62896922E-05 -7.293714E+01  1.776270E+04  4.473665E-12 -2.706549E-13  0.000000E+00  0.000000E+00  0.000000E+00  0.000000E+00  0.000000E+00  0.000000E+00
95   7.26415880E-05 -7.866537E+01  1.650964E+04  6.429834E-12 -4.210797E-13  0.000000E+00  0.000000E+00  0.000000E+00  0.000000E+00  0.000000E+00  0.000000E+00
96   7.95992009E-05 -8.454222E+01  1.546062E+04  9.235040E-12 -6.528658E-13  0.000000E+00  0.000000E+00  0.000000E+00  0.000000E+00  0.000000E+00  0.000000E+00
97   8.72198657E-05 -9.045702E+01  1.462827E+04  1.325418E-11 -1.008046E-12  0.000000E+00  0.000000E+00  0.000000E+00  0.000000E+00  0.000000E+00  0.000000E+00
98   9.55662808E-05 -9.625066E+01  1.403238E+04  1.900721E-11 -1.548611E-12  0.000000E+00  0.000000E+00  0.000000E+00  0.000000E+00  0.000000E+00  0.000000E+00
99   1.04707003E-04 -1.017021E+02  1.369356E+04  2.723457E-11 -2.364396E-12  0.000000E+00  0.000000E+00  0.000000E+00  0.000000E+00  0.000000E+00  0.000000E+00
100  1.14716985E-04 -1.065181E+02  1.358037E+04  3.899065E-11 -3.582653E-12  0.000000E+00  0.000000E+00  0.000000E+00  0.000000E+00  0.000000E+00  0.000000E+00
101  1.25678159E-04 -1.103494E+02  1.343402E+04  5.577660E-11 -5.378587E-12  0.000000E+00  0.000000E+00  0.000000E+00  0.000000E+00  0.000000E+00  0.000000E+00
102  1.37680073E-04 -1.128993E+02  1.275872E+04  7.972539E-11 -7.986702E-12  0.000000E+00  0.000000E+00  0.000000E+00  0.000000E+00  0.000000E+00  0.000000E+00
103  1.50820587E-04 -1.141870E+02  1.140550E+04  1.138771E-10 -1.171988E-11  0.000000E+00  0.000000E+00  0.000000E+00  0.000000E+00  0.000000E+00  0.000000E+00
104  1.65206620E-04 -1.146533E+02  9.901270E+03  1.625949E-10 -1.701456E-11  0.000000E+00  0.000000E+00  0.000000E+00  0.000000E+00  0.000000E+00  0.000000E+00
105  1.80954976E-04 -1.147734E+02  8.729551E+03  2.320865E-10 -2.450806E-11  0.000000E+00  0.000000E+00  0.000000E+00  0.000000E+00  0.000000E+00  0.000000E+00
106  1.98193232E-04 -1.147869E+02  7.858744E+03  3.311622E-10 -3.513135E-11  0.000000E+00  0.000000E+00  0.000000E+00  0.000000E+00  0.000000E+00  0.000000E+00
107  2.17060704E-04 -1.147730E+02  7.125465E+03  4.723740E-10 -5.022196E-11  0.000000E+00  0.000000E+00  0.000000E+00  0.000000E+00  0.000000E+00  0.000000E+00
108  2.37709505E-04 -1.147517E+02  6.467193E+03  6.735883E-10 -7.168522E-11  0.000000E+00  0.000000E+00  0.000000E+00  0.000000E+00  0.000000E+00  0.000000E+00
109  2.60305677E-04 -1.147274E+02  5.868310E+03  9.602098E-10 -1.022283E-10  0.000000E+00  0.000000E+00  0.000000E+00  0.000000E+00  0.000000E+00  0.000000E+00
110  2.85030436E-04 -1.147005E+02  5.322385E+03  1.368346E-09 -1.456955E-10  0.000000E+00  0.000000E+00  0.000000E+00  0.000000E+00  0.000000E+00  0.000000E+00
111  3.12081512E-04 -1.146711E+02  4.824701E+03  1.949291E-09 -2.075441E-10  0.000000E+00  0.000000E+00  0.000000E+00  0.000000E+00  0.000000E+00  0.000000E+00
112  3.41674606E-04 -1.146388E+02  4.371066E+03  2.775884E-09 -2.955192E-10  0.000000E+00  0.000000E+00  0.000000E+00  0.000000E+00  0.000000E+00  0.000000E+00
113  3.74044964E-04 -1.146034E+02  3.957653E+03  3.951493E-09 -4.206073E-10  0.000000E+00  0.000000E+00  0.000000E+00  0.000000E+00  0.000000E+00  0.000000E+00
114  4.09449092E-04 -1.145646E+02  3.580969E+03  5.622736E-09 -5.983857E-10  0.000000E+00  0.000000E+00  0.000000E+00  0.000000E+00  0.000000E+00  0.000000E+00
115  4.48166595E-04 -1.145221E+02  3.237826E+03  7.997451E-09 -8.509262E-10  0.000000E+00  0.000000E+00  0.000000E+00  0.000000E+00  0.000000E+00  0.000000E+00
116  4.90502180E-04 -1.144756E+02  2.925315E+03  1.137007E-08 -1.209483E-09  0.000000E+00  0.000000E+00  0.000000E+00  0.000000E+00  0.000000E+00  0.000000E+00
117  5.36787821E-04 -1.144248E+02  2.640785E+03  1.615741E-08 -1.718280E-09  0.000000E+00  0.000000E+00  0.000000E+00  0.000000E+00  0.000000E+00  0.000000E+00
118  5.87385078E-04 -1.143693E+02  2.381814E+03  2.294916E-08 -2.439852E-09  0.000000E+00  0.000000E+00  0.000000E+00  0.000000E+00  0.000000E+00  0.000000E+00
119  6.42687631E-04 -1.143086E+02  2.146194E+03  3.257890E-08 -3.462547E-09  0.000000E+00  0.000000E+00  0.000000E+00  0.000000E+00  0.000000E+00  0.000000E+00
120  7.03123987E-04 -1.142423E+02  1.931906E+03  4.622410E-08 -4.911085E-09  0.000000E+00  0.000000E+00  0.000000E+00  0.000000E+00  0.000000E+00  0.000000E+00
121  7.69160412E-04 -1.141701E+02  1.737109E+03  6.554657E-08 -6.961371E-09  0.000000E+00  0.000000E+00  0.000000E+00  0.000000E+00  0.000000E+00  0.000000E+00
122  8.41304077E-04 -1.140913E+02  1.560119E+03  9.288962E-08 -9.861267E-09  0.000000E+00  0.000000E+00  0.000000E+00  0.000000E+00  0.000000E+00  0.000000E+00
123  9.20106455E-04 -1.140054E+02  1.399396E+03  1.315545E-07 -1.395969E-08  0.000000E+00  0.000000E+00  0.000000E+00  0.000000E+00  0.000000E+00  0.000000E+00
124  1.00616697E-03 -1.139120E+02  1.253535E+03  1.861872E-07 -1.974726E-08  0.000000E+00  0.000000E+00  0.000000E+00  0.000000E+00  0.000000E+00  0.000000E+00
125  1.10013690E-03 -1.138104E+02  1.121245E+03  2.633199E-07 -2.791316E-08  0.000000E+00  0.000000E+00  0.000000E+00  0.000000E+00  0.000000E+00  0.000000E+00
126  1.20272360E-03 -1.137000E+02  1.001347E+03  3.721259E-07 -3.942421E-08  0.000000E+00  0.000000E+00  0.000000E+00  0.000000E+00  0.000000E+00  0.000000E+00
127  1.31469498E-03 -1.135800E+02  8.927611E+02  5.254727E-07 -5.563518E-08  0.000000E+00  0.000000E+00  0.000000E+00  0.000000E+00  0.000000E+00  0.000000E+00
128  1.43688437E-03 -1.134500E+02  7.944951E+02  7.413876E-07 -7.844181E-08  0.000000E+00  0.000000E+00  0.000000E+00  0.000000E+00  0.000000E+00  0.000000E+00
129  1.57019564E-03 -1.133090E+02  7.056399E+02  1.045093E-06 -1.104931E-07  0.000000E+00  0.000000E+00  0.000000E+00  0.000000E+00  0.000000E+00  0.000000E+00
130  1.71560875E-03 -1.131564E+02  6.253610E+02  1.471829E-06 -1.554852E-07  0.000000E+00  0.000000E+00  0.000000E+00  0.000000E+00  0.000000E+00  0.000000E+00
131  1.87418560E-03 -1.129913E+02  5.528922E+02  2.070761E-06 -2.185671E-07  0.000000E+00  0.000000E+00  0.000000E+00  0.000000E+00  0.000000E+00  0.000000E+00
132  2.04707635E-03 -1.128130E+02  4.875299E+02  2.910371E-06 -3.068995E-07  0.000000E+00  0.000000E+00  0.000000E+00  0.000000E+00  0.000000E+00  0.000000E+00
133  2.23552606E-03 -1.126206E+02  4.286278E+02  4.085892E-06 -4.304235E-07  0.000000E+00  0.000000E+00  0.000000E+00  0.000000E+00  0.000000E+00  0.000000E+00
134  2.44088182E-03 -1.124132E+02  3.755926E+02  5.729527E-06 -6.029137E-07  0.000000E+00  0.000000E+00  0.000000E+00  0.000000E+00  0.000000E+00  0.000000E+00
135  2.66460030E-03 -1.121899E+02  3.278795E+02  8.024448E-06 -8.434190E-07  0.000000E+00  0.000000E+00  0.000000E+00  0.000000E+00  0.000000E+00  0.000000E+00
136  2.90825573E-03 -1.119497E+02  2.849892E+02  1.122396E-05 -1.178226E-06  0.000000E+00  0.000000E+00  0.000000E+00  0.000000E+00  0.000000E+00  0.000000E+00
137  3.17354836E-03 -1.116918E+02  2.464637E+02  1.567758E-05 -1.643525E-06  0.000000E+00  0.000000E+00  0.000000E+00  0.000000E+00  0.000000E+00  0.000000E+00
138  3.46231346E-03 -1.114150E+02  2.118840E+02  2.186657E-05 -2.289030E-06  0.000000E+00  0.000000E+00  0.000000E+00  0.000000E+00  0.000000E+00  0.000000E+00
139  3.77653069E-03 -1.111184E+02  1.808670E+02  3.045197E-05 -3.182849E-06  0.000000E+00  0.000000E+00  0.000000E+00  0.000000E+00  0.000000E+00  0.000000E+00
140  4.11833413E-03 -1.108009E+02  1.530633E+02  4.233944E-05 -4.418048E-06  0.000000E+00  0.000000E+00  0.000000E+00  0.000000E+00  0.000000E+00  0.000000E+00
141  4.49002269E-03 -1.104613E+02  1.281542E+02  5.876658E-05 -6.121427E-06  0.000000E+00  0.000000E+00  0.000000E+00  0.000000E+00  0.000000E+00  0.000000E+00
142  4.89407112E-03 -1.100985E+02  1.058503E+02  8.141963E-05 -8.465231E-06  0.000000E+00  0.000000E+00  0.000000E+00  0.000000E+00  0.000000E+00  0.000000E+00
143  5.33314151E-03 -1.097112E+02  8.588899E+01  1.125893E-04 -1.168267E-05  0.000000E+00  0.000000E+00  0.000000E+00  0.000000E+00  0.000000E+00  0.000000E+00
144  5.81009533E-03 -1.092982E+02  6.803226E+01  1.553774E-04 -1.608845E-05  0.000000E+00  0.000000E+00  0.000000E+00  0.000000E+00  0.000000E+00  0.000000E+00
145  6.32800596E-03 -1.088581E+02  5.206530E+01  2.139697E-04 -2.210563E-05  0.000000E+00  0.000000E+00  0.000000E+00  0.000000E+00  0.000000E+00  0.000000E+00
146  6.89017177E-03 -1.083895E+02  3.779450E+01  2.939943E-04 -3.030082E-05  0.000000E+00  0.000000E+00  0.000000E+00  0.000000E+00  0.000000E+00  0.000000E+00
147  7.50012969E-03 -1.078908E+02  2.504566E+01  4.029893E-04 -4.142965E-05  0.000000E+00  0.000000E+00  0.000000E+00  0.000000E+00  0.000000E+00  0.000000E+00
148  8.16166927E-03 -1.073605E+02  1.366258E+01  5.510095E-04 -5.649547E-05  0.000000E+00  0.000000E+00  0.000000E+00  0.000000E+00  0.000000E+00  0.000000E+00
149  8.87884717E-03 -1.067970E+02  3.505284E+00  7.514084E-04 -7.682427E-05  0.000000E+00  0.000000E+00  0.000000E+00  0.000000E+00  0.000000E+00  0.000000E+00
150  9.65600218E-03 -1.061985E+02 -5.551302E+00  1.021838E-03 -1.041597E-04  0.000000E+00  0.000000E+00  0.000000E+00  0.000000E+00  0.000000E+00  0.000000E+00
151  1.04977706E-02 -1.055633E+02 -1.361867E+01  1.385515E-03 -1.407823E-04  0.000000E+00  0.000000E+00  0.000000E+00  0.000000E+00  0.000000E+00  0.000000E+00
152  1.14091018E-02 -1.048899E+02 -2.079625E+01  1.872819E-03 -1.896580E-04  0.000000E+00  0.000000E+00  0.000000E+00  0.000000E+00  0.000000E+00  0.000000E+00
153  1.23952748E-02 -1.041764E+02 -2.717242E+01  2.523273E-03 -2.546207E-04  0.000000E+00  0.000000E+00  0.000000E+00  0.000000E+00  0.000000E+00  0.000000E+00
154  1.34619141E-02 -1.034211E+02 -3.282585E+01  3.387990E-03 -3.405942E-04  0.000000E+00  0.000000E+00  0.000000E+00  0.000000E+00  0.000000E+00  0.000000E+00
155  1.46150067E-02 -1.026226E+02 -3.782645E+01  4.532647E-03 -4.538582E-04  0.000000E+00  0.000000E+00  0.000000E+00  0.000000E+00  0.000000E+00  0.000000E+00
156  1.58609186E-02 -1.017790E+02 -4.223639E+01  6.041063E-03 -6.023619E-04  0.000000E+00  0.000000E+00  0.000000E+00  0.000000E+00  0.000000E+00  0.000000E+00
157  1.72064120E-02 -1.008890E+02 -4.611098E+01  8.019419E-03 -7.960889E-04  0.000000E+00  0.000000E+00  0.000000E+00  0.000000E+00  0.000000E+00  0.000000E+00
158  1.86586621E-02 -9.995110E+01 -4.949942E+01  1.060118E-02 -1.047470E-03  0.000000E+00  0.000000E+00  0.000000E+00  0.000000E+00  0.000000E+00  0.000000E+00
159  2.02252740E-02 -9.896412E+01 -5.244547E+01  1.395267E-02 -1.371840E-03  0.000000E+00  0.000000E+00  0.000000E+00  0.000000E+00  0.000000E+00  0.000000E+00
160  2.19142998E-02 -9.792712E+01 -5.498818E+01  1.827934E-02 -1.787935E-03  0.000000E+00  0.000000E+00  0.000000E+00  0.000000E+00  0.000000E+00  0.000000E+00
161  2.37342546E-02 -9.683941E+01 -5.716243E+01  2.383243E-02 -2.318396E-03  0.000000E+00  0.000000E+00  0.000000E+00  0.000000E+00  0.000000E+00  0.000000E+00
162  2.56941335E-02 -9.570056E+01 -5.899943E+01  3.091596E-02 -2.990270E-03  0.000000E+00  0.000000E+00  0.000000E+00  0.000000E+00  0.000000E+00  0.000000E+00
163  2.78034272E-02 -9.451028E+01 -6.052712E+01  3.989361E-02 -3.835459E-03  0.000000E+00  0.000000E+00  0.000000E+00  0.000000E+00  0.000000E+00  0.000000E+00
164  3.00721373E-02 -9.326837E+01 -6.177054E+01  5.119490E-02 -4.891063E-03  0.000000E+00  0.000000E+00  0.000000E+00  0.000000E+00  0.000000E+00  0.000000E+00
165  3.25107915E-02 -9.197461E+01 -6.275198E+01  6.532017E-02 -6.199554E-03  0.000000E+00  0.000000E+00  0.000000E+00  0.000000E+00  0.000000E+00  0.000000E+00
166  3.51304578E-02 -9.062870E+01 -6.349136E+01  8.284328E-02 -7.808702E-03  0.000000E+00  0.000000E+00  0.000000E+00  0.000000E+00  0.000000E+00  0.000000E+00
167  3.79427572E-02 -8.923021E+01 -6.400638E+01  1.044111E-01 -9.771140E-03  0.000000E+00  0.000000E+00  0.000000E+00  0.000000E+00  0.000000E+00  0.000000E+00
168  4.09598774E-02 -8.777886E+01 -6.431294E+01  1.307388E-01 -1.214350E-02  0.000000E+00  0.000000E+00  0.000000E+00  0.000000E+00  0.000000E+00  0.000000E+00
169  4.41945832E-02 -8.627437E+01 -6.442528E+01  1.625990E-01 -1.498502E-02  0.000000E+00  0.000000E+00  0.000000E+00  0.000000E+00  0.000000E+00  0.000000E+00
170  4.76602274E-02 -8.471693E+01 -6.435659E+01  2.008045E-01 -1.835547E-02  0.000000E+00  0.000000E+00  0.000000E+00  0.000000E+00  0.000000E+00  0.000000E+00
171  5.13707604E-02 -8.310711E+01 -6.411905E+01  2.461825E-01 -2.231253E-02  0.000000E+00  0.000000E+00  0.000000E+00  0.000000E+00  0.000000E+00  0.000000E+00
172  5.53407375E-02 -8.144597E+01 -6.372420E+01  2.995403E-01 -2.690834E-02  0.000000E+00  0.000000E+00  0.000000E+00  0.000000E+00  0.000000E+00  0.000000E+00
173  5.95853261E-02 -7.973513E+01 -6.318315E+01  3.616217E-01 -3.218556E-02  0.000000E+00  0.000000E+00  0.000000E+00  0.000000E+00  0.000000E+00  0.000000E+00
174  6.41203106E-02 -7.797682E+01 -6.250668E+01  4.330542E-01 -3.817277E-02  0.000000E+00  0.000000E+00  0.000000E+00  0.000000E+00  0.000000E+00  0.000000E+00
175  6.89620962E-02 -7.617439E+01 -6.170581E+01  5.142892E-01 -4.487972E-02  0.000000E+00  0.000000E+00  0.000000E+00  0.000000E+00  0.000000E+00  0.000000E+00
176  7.41277113E-02 -7.433183E+01 -6.079144E+01  6.055362E-01 -5.229256E-02  0.000000E+00  0.000000E+00  0.000000E+00  0.000000E+00  0.000000E+00  0.000000E+00
177  7.96348078E-02 -7.245434E+01 -5.977496E+01  7.066951E-01 -6.036943E-02  0.000000E+00  0.000000E+00  0.000000E+00  0.000000E+00  0.000000E+00  0.000000E+00
178  8.55016601E-02 -7.054722E+01 -5.866720E+01  8.172906E-01 -6.903684E-02  0.000000E+00  0.000000E+00  0.000000E+00  0.000000E+00  0.000000E+00  0.000000E+00
179  9.17471623E-02 -6.861569E+01 -5.747842E+01  9.364136E-01 -7.818700E-02  0.000000E+00  0.000000E+00  0.000000E+00  0.000000E+00  0.000000E+00  0.000000E+00
180  9.83908242E-02 -6.666415E+01 -5.621757E+01  1.062677E+00 -8.767653E-02  0.000000E+00  0.000000E+00  0.000000E+00  0.000000E+00  0.000000E+00  0.000000E+00
181  1.05452765E-01 -6.469591E+01 -5.489213E+01  1.194191E+00 -9.732685E-02  0.000000E+00  0.000000E+00  0.000000E+00  0.000000E+00  0.000000E+00  0.000000E+00
182  1.12953704E-01 -6.271312E+01 -5.350803E+01  1.328570E+00 -1.069267E-01  0.000000E+00  0.000000E+00  0.000000E+00  0.000000E+00  0.000000E+00  0.000000E+00
183  1.20914955E-01 -6.071784E+01 -5.207075E+01  1.462968E+00 -1.162371E-01  0.000000E+00  0.000000E+00  0.000000E+00  0.000000E+00  0.000000E+00  0.000000E+00
184  1.29358411E-01 -5.871185E+01 -5.058521E+01  1.594154E+00 -1.250000E-01  0.000000E+00  0.000000E+00  0.000000E+00  0.000000E+00  0.000000E+00  0.000000E+00
185  1.38306533E-01 -5.669812E+01 -4.905717E+01  1.718627E+00 -1.329484E-01  0.000000E+00  0.000000E+00  0.000000E+00  0.000000E+00  0.000000E+00  0.000000E+00
186  1.47782338E-01 -5.468026E+01 -4.749284E+01  1.832764E+00 -1.398204E-01  0.000000E+00  0.000000E+00  0.000000E+00  0.000000E+00  0.000000E+00  0.000000E+00
187  1.57809380E-01 -5.266283E+01 -4.589916E+01  1.932986E+00 -1.453733E-01  0.000000E+00  0.000000E+00  0.000000E+00  0.000000E+00  0.000000E+00  0.000000E+00
188  1.68411735E-01 -5.065190E+01 -4.428440E+01  2.015953E+00 -1.493988E-01  0.000000E+00  0.000000E+00  0.000000E+00  0.000000E+00  0.000000E+00  0.000000E+00
189  1.79613982E-01 -4.865443E+01 -4.265753E+01  2.078745E+00 -1.517366E-01  0.000000E+00  0.000000E+00  0.000000E+00  0.000000E+00  0.000000E+00  0.000000E+00
190  1.91441182E-01 -4.667953E+01 -4.102946E+01  2.119037E+00 -1.522861E-01  0.000000E+00  0.000000E+00  0.000000E+00  0.000000E+00  0.000000E+00  0.000000E+00
191  2.03918860E-01 -4.473633E+01 -3.941099E+01  2.135225E+00 -1.510142E-01  0.000000E+00  0.000000E+00  0.000000E+00  0.000000E+00  0.000000E+00  0.000000E+00
192  2.17072982E-01 -4.283361E+01 -3.781238E+01  2.126528E+00 -1.480782E-01  0.000000E+00  0.000000E+00  0.000000E+00  0.000000E+00  0.000000E+00  0.000000E+00
193  2.30929931E-01 -4.097808E+01 -3.624174E+01  2.093027E+00 -1.434698E-01  0.000000E+00  0.000000E+00  0.000000E+00  0.000000E+00  0.000000E+00  0.000000E+00
194  2.45516486E-01 -3.917347E+01 -3.470408E+01  2.035658E+00 -1.373459E-01  0.000000E+00  0.000000E+00  0.000000E+00  0.000000E+00  0.000000E+00  0.000000E+00
195  2.60859794E-01 -3.742003E+01 -3.320083E+01  1.956166E+00 -1.299098E-01  0.000000E+00  0.000000E+00  0.000000E+00  0.000000E+00  0.000000E+00  0.000000E+00
196  2.76987351E-01 -3.571591E+01 -3.173124E+01  1.857015E+00 -1.213984E-01  0.000000E+00  0.000000E+00  0.000000E+00  0.000000E+00  0.000000E+00  0.000000E+00
197  2.93926969E-01 -3.405699E+01 -3.029224E+01  1.741273E+00 -1.120696E-01  0.000000E+00  0.000000E+00  0.000000E+00  0.000000E+00  0.000000E+00  0.000000E+00
198  3.11706758E-01 -3.243976E+01 -2.888127E+01  1.612460E+00 -1.021909E-01  0.000000E+00  0.000000E+00  0.000000E+00  0.000000E+00  0.000000E+00  0.000000E+00
199  3.30355095E-01 -3.086108E+01 -2.749605E+01  1.474380E+00 -9.202842E-02  0.000000E+00  0.000000E+00  0.000000E+00  0.000000E+00  0.000000E+00  0.000000E+00
200  3.49900600E-01 -2.931904E+01 -2.613553E+01  1.330934E+00 -8.183620E-02  0.000000E+00  0.000000E+00  0.000000E+00  0.000000E+00  0.000000E+00  0.000000E+00
201  3.70372109E-01 -2.781273E+01 -2.479956E+01  1.185938E+00 -7.184715E-02  0.000000E+00  0.000000E+00  0.000000E+00  0.000000E+00  0.000000E+00  0.000000E+00
202  3.91798649E-01 -2.634199E+01 -2.348874E+01  1.042944E+00 -6.226456E-02  0.000000E+00  0.000000E+00  0.000000E+00  0.000000E+00  0.000000E+00  0.000000E+00
203  4.14209412E-01 -2.490791E+01 -2.220483E+01  9.050984E-01 -5.325610E-02  0.000000E+00  0.000000E+00  0.000000E+00  0.000000E+00  0.000000E+00  0.000000E+00
204  4.37633729E-01 -2.351245E+01 -2.095043E+01  7.750238E-01 -4.495003E-02  0.000000E+00  0.000000E+00  0.000000E+00  0.000000E+00  0.000000E+00  0.000000E+00
205  4.62101043E-01 -2.215951E+01 -1.973007E+01  6.547511E-01 -3.743406E-02  0.000000E+00  0.000000E+00  0.000000E+00  0.000000E+00  0.000000E+00  0.000000E+00
206  4.87640888E-01 -2.085324E+01 -1.854841E+01  5.456883E-01 -3.075643E-02  0.000000E+00  0.000000E+00  0.000000E+00  0.000000E+00  0.000000E+00  0.000000E+00
207  5.14282863E-01 -1.959809E+01 -1.741045E+01  4.486342E-01 -2.492893E-02  0.000000E+00  0.000000E+00  0.000000E+00  0.000000E+00  0.000000E+00  0.000000E+00
208  5.42056607E-01 -1.839776E+01 -1.632036E+01  3.638281E-01 -1.993186E-02  0.000000E+00  0.000000E+00  0.000000E+00  0.000000E+00  0.000000E+00  0.000000E+00
209  5.70991775E-01 -1.725480E+01 -1.528112E+01  2.910282E-01 -1.572004E-02  0.000000E+00  0.000000E+00  0.000000E+00  0.000000E+00  0.000000E+00  0.000000E+00
210  6.01118021E-01 -1.617033E+01 -1.429429E+01  2.296088E-01 -1.222954E-02  0.000000E+00  0.000000E+00  0.000000E+00  0.000000E+00  0.000000E+00  0.000000E+00
211  6.32464970E-01 -1.514433E+01 -1.336021E+01  1.786627E-01 -9.384418E-03  0.000000E+00  0.000000E+00  0.000000E+00  0.000000E+00  0.000000E+00  0.000000E+00
212  6.65062201E-01 -1.417568E+01 -1.247815E+01  1.371027E-01 -7.102859E-03  0.000000E+00  0.000000E+00  0.000000E+00  0.000000E+00  0.000000E+00  0.000000E+00
213  6.98939223E-01 -1.326238E+01 -1.164645E+01  1.037517E-01 -5.302387E-03  0.000000E+00  0.000000E+00  0.000000E+00  0.000000E+00  0.000000E+00  0.000000E+00
214  7.34125462E-01 -1.240217E+01 -1.086315E+01  7.741917E-02 -3.903915E-03  0.000000E+00  0.000000E+00  0.000000E+00  0.000000E+00  0.000000E+00  0.000000E+00
215  7.70650235E-01 -1.159245E+01 -1.012593E+01  5.695965E-02 -2.834607E-03  0.000000E+00  0.000000E+00  0.000000E+00  0.000000E+00  0.000000E+00  0.000000E+00
216  8.08542737E-01 -1.083051E+01 -9.432397E+00  4.131518E-02 -2.029623E-03  0.000000E+00  0.000000E+00  0.000000E+00  0.000000E+00  0.000000E+00  0.000000E+00
217  8.47832025E-01 -1.011378E+01 -8.780210E+00  2.954130E-02 -1.432944E-03  0.000000E+00  0.000000E+00  0.000000E+00  0.000000E+00  0.000000E+00  0.000000E+00
218  8.88546997E-01 -9.439797E+00 -8.167160E+00  2.081986E-02 -9.974470E-04  0.000000E+00  0.000000E+00  0.000000E+00  0.000000E+00  0.000000E+00  0.000000E+00
219  9.30716384E-01 -8.806282E+00 -7.591187E+00  1.446111E-02 -6.844613E-04  0.000000E+00  0.000000E+00  0.000000E+00  0.000000E+00  0.000000E+00  0.000000E+00
220  9.74368729E-01 -8.211140E+00 -7.050410E+00  9.897966E-03 -4.629710E-04  0.000000E+00  0.000000E+00  0.000000E+00  0.000000E+00  0.000000E+00  0.000000E+00
221  1.01953238E+00 -7.652459E+00 -6.543114E+00  6.675034E-03 -3.086372E-04  0.000000E+00  0.000000E+00  0.000000E+00  0.000000E+00  0.000000E+00  0.000000E+00
222  1.06623547E+00 -7.128493E+00 -6.067737E+00  4.434706E-03 -2.027559E-04  0.000000E+00  0.000000E+00  0.000000E+00  0.000000E+00  0.000000E+00  0.000000E+00
223  1.11450591E+00 -6.637633E+00 -5.622844E+00  2.902144E-03 -1.312406E-04  0.000000E+00  0.000000E+00  0.000000E+00  0.000000E+00  0.000000E+00  0.000000E+00
224  1.16437139E+00 -6.178365E+00 -5.207080E+00  1.870480E-03 -8.368913E-05  0.000000E+00  0.000000E+00  0.000000E+00  0.000000E+00  0.000000E+00  0.000000E+00
225  1.21585935E+00 -5.749267E+00 -4.819173E+00  1.187144E-03 -5.256666E-05  0.000000E+00  0.000000E+00  0.000000E+00  0.000000E+00  0.000000E+00  0.000000E+00
226  1.26899696E+00 -5.348934E+00 -4.457860E+00  7.418298E-04 -3.251812E-05  0.000000E+00  0.000000E+00  0.000000E+00  0.000000E+00  0.000000E+00  0.000000E+00
227  1.32381117E+00 -4.975999E+00 -4.121905E+00  4.563405E-04 -1.980822E-05  0.000000E+00  0.000000E+00  0.000000E+00  0.000000E+00  0.000000E+00  0.000000E+00
228  1.38032862E+00 -4.629099E+00 -3.810067E+00  2.763055E-04 -1.187956E-05  0.000000E+00  0.000000E+00  0.000000E+00  0.000000E+00  0.000000E+00  0.000000E+00
229  1.43857571E+00 -4.306872E+00 -3.521099E+00  1.646405E-04 -7.013238E-06  0.000000E+00  0.000000E+00  0.000000E+00  0.000000E+00  0.000000E+00  0.000000E+00
230  1.49857854E+00 -4.007956E+00 -3.253746E+00  9.652944E-05 -4.074994E-06  0.000000E+00  0.000000E+00  0.000000E+00  0.000000E+00  0.000000E+00  0.000000E+00
231  1.56036292E+00 -3.730996E+00 -3.006753E+00  5.567844E-05 -2.329974E-06  0.000000E+00  0.000000E+00  0.000000E+00  0.000000E+00  0.000000E+00  0.000000E+00
232  1.62395439E+00 -3.474642E+00 -2.778864E+00  3.158970E-05 -1.310735E-06  0.000000E+00  0.000000E+00  0.000000E+00  0.000000E+00  0.000000E+00  0.000000E+00
233  1.68937818E+00 -3.237566E+00 -2.568837E+00  1.762629E-05 -7.253391E-07  0.000000E+00  0.000000E+00  0.000000E+00  0.000000E+00  0.000000E+00  0.000000E+00
234  1.75665923E+00 -3.018462E+00 -2.375451E+00  9.670711E-06 -3.947762E-07  0.000000E+00  0.000000E+00  0.000000E+00  0.000000E+00  0.000000E+00  0.000000E+00
235  1.82582216E+00 -2.816061E+00 -2.197512E+00  5.216288E-06 -2.112830E-07  0.000000E+00  0.000000E+00  0.000000E+00  0.000000E+00  0.000000E+00  0.000000E+00
236  1.89689131E+00 -2.629139E+00 -2.033867E+00  2.765625E-06 -1.111734E-07  0.000000E+00  0.000000E+00  0.000000E+00  0.000000E+00  0.000000E+00  0.000000E+00
237  1.96989070E+00 -2.456519E+00 -1.883408E+00  1.441040E-06 -5.750134E-08  0.000000E+00  0.000000E+00  0.000000E+00  0.000000E+00  0.000000E+00  0.000000E+00
238  2.04484404E+00 -2.297086E+00 -1.745081E+00  7.377869E-07 -2.922890E-08  0.000000E+00  0.000000E+00  0.000000E+00  0.000000E+00  0.000000E+00  0.000000E+00
239  2.12177474E+00 -2.149785E+00 -1.617891E+00  3.710899E-07 -1.459892E-08  0.000000E+00  0.000000E+00  0.000000E+00  0.000000E+00  0.000000E+00  0.000000E+00
240  2.20070589E+00 -2.013628E+00 -1.500906E+00  1.833331E-07 -7.163377E-09  0.000000E+00  0.000000E+00  0.000000E+00  0.000000E+00  0.000000E+00  0.000000E+00
241  2.28166029E+00 -1.887698E+00 -1.393260E+00  8.894810E-08 -3.452381E-09  0.000000E+00  0.000000E+00  0.000000E+00  0.000000E+00  0.000000E+00  0.000000E+00
242  2.36466041E+00 -1.771148E+00 -1.294154E+00  4.237271E-08 -1.633946E-09  0.000000E+00  0.000000E+00  0.000000E+00  0.000000E+00  0.000000E+00  0.000000E+00
243  2.44972841E+00 -1.663203E+00 -1.202861E+00  1.981571E-08 -7.592566E-10  0.000000E+00  0.000000E+00  0.000000E+00  0.000000E+00  0.000000E+00  0.000000E+00
244  2.53688615E+00 -1.563159E+00 -1.118720E+00  9.095526E-09 -3.463251E-10  0.000000E+00  0.000000E+00  0.000000E+00  0.000000E+00  0.000000E+00  0.000000E+00
245  2.62615519E+00 -1.473593E+00 -1.044345E+00  4.097000E-09 -1.550378E-10  0.000000E+00  0.000000E+00  0.000000E+00  0.000000E+00  0.000000E+00  0.000000E+00
246  2.71755676E+00 -1.396627E+00 -9.818960E-01  1.810724E-09 -6.810360E-11  0.000000E+00  0.000000E+00  0.000000E+00  0.000000E+00  0.000000E+00  0.000000E+00
247  2.81111181E+00 -1.330784E+00 -9.299318E-01  7.850814E-10 -2.934982E-11  0.000000E+00  0.000000E+00  0.000000E+00  0.000000E+00  0.000000E+00  0.000000E+00
248  2.90684097E+00 -1.274710E+00 -8.871332E-01  3.338716E-10 -1.301918E-11  0.000000E+00  0.000000E+00  0.000000E+00  0.000000E+00  0.000000E+00  0.000000E+00
249  3.00476458E+00 -1.227172E+00 -8.522983E-01  1.392426E-10 -3.635190E-12  0.000000E+00  0.000000E+00  0.000000E+00  0.000000E+00  0.000000E+00  0.000000E+00
