#      n =  5
#  kappa =  3
# energy = -1.05714419E+02
#zenergy =  0.00000000E+00
#     dn =  4.64127796E+00
# qrnorm =  1.00064669E+00
#SelfEne =  2.72113860E+32
#     vc = -1.45665925E+03
#     vr = -4.71773864E+03
#  ilast =  289
#    ifm =    0
#    cfm =  0.00000000E+00
#    xfm =  0.00000000E+00
#    rfn =  2.60859794E-01
#    pdx =  3.91581949E+00
#   bqp0 =  6.80498244E+04
#   bqp1 =  0.00000000E+00
#    idx = 21
# LEPTON = 0
#   MASS =  1.00000000E+00
# CHARGE =  1.00000000E+00
#  EUNIT =  2.72113860E+01
#  RUNIT =  4.13413733E+16
#  LUNIT =  5.29177211E-01
#    AMU =  1.82288849E+03
#    FSC =  7.29735257E-03


0    1.15046527E-08 -1.365271E-02  9.778727E+07  8.813952E-26  5.906395E-21  0.000000E+00  0.000000E+00  0.000000E+00  0.000000E+00  0.000000E+00  0.000000E+00
1    1.26168860E-08 -1.497261E-02  8.916692E+07  1.265061E-25  7.788431E-21  0.000000E+00  0.000000E+00  0.000000E+00  0.000000E+00  0.000000E+00  0.000000E+00
2    1.38366465E-08 -1.642011E-02  8.130649E+07  1.822418E-25  1.027356E-20  0.000000E+00  0.000000E+00  0.000000E+00  0.000000E+00  0.000000E+00  0.000000E+00
3    1.51743031E-08 -1.800752E-02  7.413912E+07  2.630435E-25  1.355047E-20  0.000000E+00  0.000000E+00  0.000000E+00  0.000000E+00  0.000000E+00  0.000000E+00
4    1.66412777E-08 -1.974840E-02  6.760358E+07  3.800590E-25  1.787255E-20  0.000000E+00  0.000000E+00  0.000000E+00  0.000000E+00  0.000000E+00  0.000000E+00
5    1.82500718E-08 -2.165757E-02  6.164416E+07  5.494234E-25  2.357340E-20  0.000000E+00  0.000000E+00  0.000000E+00  0.000000E+00  0.000000E+00  0.000000E+00
6    2.00143612E-08 -2.375128E-02  5.621017E+07  7.944832E-25  3.109266E-20  0.000000E+00  0.000000E+00  0.000000E+00  0.000000E+00  0.000000E+00  0.000000E+00
7    2.19492098E-08 -2.604738E-02  5.125520E+07  1.149015E-24  4.101003E-20  0.000000E+00  0.000000E+00  0.000000E+00  0.000000E+00  0.000000E+00  0.000000E+00
8    2.40711060E-08 -2.856546E-02  4.673701E+07  1.661879E-24  5.409091E-20  0.000000E+00  0.000000E+00  0.000000E+00  0.000000E+00  0.000000E+00  0.000000E+00
9    2.63980864E-08 -3.132692E-02  4.261718E+07  2.403749E-24  7.134401E-20  0.000000E+00  0.000000E+00  0.000000E+00  0.000000E+00  0.000000E+00  0.000000E+00
10   2.89500186E-08 -3.435532E-02  3.886051E+07  3.476860E-24  9.410001E-20  0.000000E+00  0.000000E+00  0.000000E+00  0.000000E+00  0.000000E+00  0.000000E+00
11   3.17485937E-08 -3.767643E-02  3.543505E+07  5.029081E-24  1.241141E-19  0.000000E+00  0.000000E+00  0.000000E+00  0.000000E+00  0.000000E+00  0.000000E+00
12   3.48177047E-08 -4.131858E-02  3.231154E+07  7.274304E-24  1.637000E-19  0.000000E+00  0.000000E+00  0.000000E+00  0.000000E+00  0.000000E+00  0.000000E+00
13   3.81835043E-08 -4.531281E-02  2.946336E+07  1.052190E-23  2.159123E-19  0.000000E+00  0.000000E+00  0.000000E+00  0.000000E+00  0.000000E+00  0.000000E+00
14   4.18746002E-08 -4.969308E-02  2.686628E+07  1.521935E-23  2.847789E-19  0.000000E+00  0.000000E+00  0.000000E+00  0.000000E+00  0.000000E+00  0.000000E+00
15   4.59224244E-08 -5.449667E-02  2.449817E+07  2.201388E-23  3.756076E-19  0.000000E+00  0.000000E+00  0.000000E+00  0.000000E+00  0.000000E+00  0.000000E+00
16   5.03615331E-08 -5.976462E-02  2.233880E+07  3.184167E-23  4.954005E-19  0.000000E+00  0.000000E+00  0.000000E+00  0.000000E+00  0.000000E+00  0.000000E+00
17   5.52297500E-08 -6.554179E-02  2.036976E+07  4.605678E-23  6.534051E-19  0.000000E+00  0.000000E+00  0.000000E+00  0.000000E+00  0.000000E+00  0.000000E+00
18   6.05683442E-08 -7.187716E-02  1.857435E+07  6.661762E-23  8.618024E-19  0.000000E+00  0.000000E+00  0.000000E+00  0.000000E+00  0.000000E+00  0.000000E+00
19   6.64229753E-08 -7.882491E-02  1.693719E+07  9.635694E-23  1.136647E-18  0.000000E+00  0.000000E+00  0.000000E+00  0.000000E+00  0.000000E+00  0.000000E+00
20   7.28435242E-08 -8.644425E-02  1.544432E+07  1.393719E-22  1.499147E-18  0.000000E+00  0.000000E+00  0.000000E+00  0.000000E+00  0.000000E+00  0.000000E+00
21   7.98845545E-08 -9.479992E-02  1.408307E+07  2.015882E-22  1.977261E-18  0.000000E+00  0.000000E+00  0.000000E+00  0.000000E+00  0.000000E+00  0.000000E+00
22   8.76060161E-08 -1.039631E-01  1.284182E+07  2.915767E-22  2.607846E-18  0.000000E+00  0.000000E+00  0.000000E+00  0.000000E+00  0.000000E+00  0.000000E+00
23   9.60736496E-08 -1.140117E-01  1.170999E+07  4.217336E-22  3.439499E-18  0.000000E+00  0.000000E+00  0.000000E+00  0.000000E+00  0.000000E+00  0.000000E+00
24   1.05359729E-07 -1.250316E-01  1.067792E+07  6.099883E-22  4.536379E-18  0.000000E+00  0.000000E+00  0.000000E+00  0.000000E+00  0.000000E+00  0.000000E+00
25   1.15542961E-07 -1.371161E-01  9.736842E+06  8.822706E-22  5.983037E-18  0.000000E+00  0.000000E+00  0.000000E+00  0.000000E+00  0.000000E+00  0.000000E+00
26   1.26710423E-07 -1.503687E-01  8.878706E+06  1.276086E-21  7.890940E-18  0.000000E+00  0.000000E+00  0.000000E+00  0.000000E+00  0.000000E+00  0.000000E+00
27   1.38957001E-07 -1.649018E-01  8.096214E+06  1.845675E-21  1.040726E-17  0.000000E+00  0.000000E+00  0.000000E+00  0.000000E+00  0.000000E+00  0.000000E+00
28   1.52386948E-07 -1.808393E-01  7.382698E+06  2.669485E-21  1.372593E-17  0.000000E+00  0.000000E+00  0.000000E+00  0.000000E+00  0.000000E+00  0.000000E+00
29   1.67114584E-07 -1.983167E-01  6.732075E+06  3.860974E-21  1.810275E-17  0.000000E+00  0.000000E+00  0.000000E+00  0.000000E+00  0.000000E+00  0.000000E+00
30   1.83265272E-07 -2.174829E-01  6.138802E+06  5.584228E-21  2.387507E-17  0.000000E+00  0.000000E+00  0.000000E+00  0.000000E+00  0.000000E+00  0.000000E+00
31   2.00976485E-07 -2.385010E-01  5.597822E+06  8.076554E-21  3.148776E-17  0.000000E+00  0.000000E+00  0.000000E+00  0.000000E+00  0.000000E+00  0.000000E+00
32   2.20398971E-07 -2.615498E-01  5.104524E+06  1.168115E-20  4.152779E-17  0.000000E+00  0.000000E+00  0.000000E+00  0.000000E+00  0.000000E+00  0.000000E+00
33   2.41697616E-07 -2.868251E-01  4.654714E+06  1.689434E-20  5.476879E-17  0.000000E+00  0.000000E+00  0.000000E+00  0.000000E+00  0.000000E+00  0.000000E+00
34   2.65054033E-07 -3.145423E-01  4.244549E+06  2.443393E-20  7.223068E-17  0.000000E+00  0.000000E+00  0.000000E+00  0.000000E+00  0.000000E+00  0.000000E+00
35   2.90666988E-07 -3.449374E-01  3.870534E+06  3.533796E-20  9.525919E-17  0.000000E+00  0.000000E+00  0.000000E+00  0.000000E+00  0.000000E+00  0.000000E+00
36   3.18754444E-07 -3.782690E-01  3.529482E+06  5.110760E-20  1.256294E-16  0.000000E+00  0.000000E+00  0.000000E+00  0.000000E+00  0.000000E+00  0.000000E+00
37   3.49554805E-07 -4.148199E-01  3.218493E+06  7.391372E-20  1.656807E-16  0.000000E+00  0.000000E+00  0.000000E+00  0.000000E+00  0.000000E+00  0.000000E+00
38   3.83330652E-07 -4.549018E-01  2.934912E+06  1.068957E-19  2.184985E-16  0.000000E+00  0.000000E+00  0.000000E+00  0.000000E+00  0.000000E+00  0.000000E+00
39   4.20368640E-07 -4.988549E-01  2.676326E+06  1.545932E-19  2.881538E-16  0.000000E+00  0.000000E+00  0.000000E+00  0.000000E+00  0.000000E+00  0.000000E+00
40   4.60983691E-07 -5.470528E-01  2.440532E+06  2.235710E-19  3.800084E-16  0.000000E+00  0.000000E+00  0.000000E+00  0.000000E+00  0.000000E+00  0.000000E+00
41   5.05521995E-07 -5.999063E-01  2.225517E+06  3.233222E-19  5.011384E-16  0.000000E+00  0.000000E+00  0.000000E+00  0.000000E+00  0.000000E+00  0.000000E+00
42   5.54361474E-07 -6.578639E-01  2.029452E+06  4.675736E-19  6.608765E-16  0.000000E+00  0.000000E+00  0.000000E+00  0.000000E+00  0.000000E+00  0.000000E+00
43   6.07917317E-07 -7.214181E-01  1.850666E+06  6.761742E-19  8.715214E-16  0.000000E+00  0.000000E+00  0.000000E+00  0.000000E+00  0.000000E+00  0.000000E+00
44   6.66644772E-07 -7.911093E-01  1.687637E+06  9.778251E-19  1.149293E-15  0.000000E+00  0.000000E+00  0.000000E+00  0.000000E+00  0.000000E+00  0.000000E+00
45   7.31043012E-07 -8.675296E-01  1.538975E+06  1.414026E-18  1.515579E-15  0.000000E+00  0.000000E+00  0.000000E+00  0.000000E+00  0.000000E+00  0.000000E+00
46   8.01659368E-07 -9.513284E-01  1.403414E+06  2.044782E-18  1.998576E-15  0.000000E+00  0.000000E+00  0.000000E+00  0.000000E+00  0.000000E+00  0.000000E+00
47   8.79093974E-07 -1.043218E+00  1.279798E+06  2.956853E-18  2.635477E-15  0.000000E+00  0.000000E+00  0.000000E+00  0.000000E+00  0.000000E+00  0.000000E+00
48   9.64003183E-07 -1.143976E+00  1.167077E+06  4.275676E-18  3.475322E-15  0.000000E+00  0.000000E+00  0.000000E+00  0.000000E+00  0.000000E+00  0.000000E+00
49   1.05710802E-06 -1.254459E+00  1.064290E+06  6.182610E-18  4.582683E-15  0.000000E+00  0.000000E+00  0.000000E+00  0.000000E+00  0.000000E+00  0.000000E+00
50   1.15920253E-06 -1.375609E+00  9.705574E+05  8.939873E-18  6.042809E-15  0.000000E+00  0.000000E+00  0.000000E+00  0.000000E+00  0.000000E+00  0.000000E+00
51   1.27114950E-06 -1.508448E+00  8.850857E+05  1.292653E-17  7.968126E-15  0.000000E+00  0.000000E+00  0.000000E+00  0.000000E+00  0.000000E+00  0.000000E+00
52   1.39390018E-06 -1.654104E+00  8.071454E+05  1.869061E-17  1.050662E-14  0.000000E+00  0.000000E+00  0.000000E+00  0.000000E+00  0.000000E+00  0.000000E+00
53   1.52849785E-06 -1.813816E+00  7.360719E+05  2.702437E-17  1.385364E-14  0.000000E+00  0.000000E+00  0.000000E+00  0.000000E+00  0.000000E+00  0.000000E+00
54   1.67608231E-06 -1.988934E+00  6.712611E+05  3.907308E-17  1.826660E-14  0.000000E+00  0.000000E+00  0.000000E+00  0.000000E+00  0.000000E+00  0.000000E+00
55   1.83790724E-06 -2.180944E+00  6.121602E+05  5.649228E-17  2.408488E-14  0.000000E+00  0.000000E+00  0.000000E+00  0.000000E+00  0.000000E+00  0.000000E+00
56   2.01534226E-06 -2.391469E+00  5.582669E+05  8.167501E-17  3.175577E-14  0.000000E+00  0.000000E+00  0.000000E+00  0.000000E+00  0.000000E+00  0.000000E+00
57   2.20989566E-06 -2.622297E+00  5.091211E+05  1.180803E-16  4.186882E-14  0.000000E+00  0.000000E+00  0.000000E+00  0.000000E+00  0.000000E+00  0.000000E+00
58   2.42321417E-06 -2.875377E+00  4.643051E+05  1.707078E-16  5.520172E-14  0.000000E+00  0.000000E+00  0.000000E+00  0.000000E+00  0.000000E+00  0.000000E+00
59   2.65710441E-06 -3.152848E+00  4.234374E+05  2.467832E-16  7.277859E-14  0.000000E+00  0.000000E+00  0.000000E+00  0.000000E+00  0.000000E+00  0.000000E+00
60   2.91355088E-06 -3.457058E+00  3.861696E+05  3.567499E-16  9.594985E-14  0.000000E+00  0.000000E+00  0.000000E+00  0.000000E+00  0.000000E+00  0.000000E+00
61   3.19472289E-06 -3.790574E+00  3.521849E+05  5.156997E-16  1.264957E-13  0.000000E+00  0.000000E+00  0.000000E+00  0.000000E+00  0.000000E+00  0.000000E+00
62   3.50300197E-06 -4.156208E+00  3.211937E+05  7.454416E-16  1.667613E-13  0.000000E+00  0.000000E+00  0.000000E+00  0.000000E+00  0.000000E+00  0.000000E+00
63   3.84099712E-06 -4.557041E+00  2.929318E+05  1.077490E-15  2.198383E-13  0.000000E+00  0.000000E+00  0.000000E+00  0.000000E+00  0.000000E+00  0.000000E+00
64   4.21156786E-06 -4.996447E+00  2.671589E+05  1.557377E-15  2.898002E-13  0.000000E+00  0.000000E+00  0.000000E+00  0.000000E+00  0.000000E+00  0.000000E+00
65   4.61784978E-06 -5.478119E+00  2.436571E+05  2.250891E-15  3.820154E-13  0.000000E+00  0.000000E+00  0.000000E+00  0.000000E+00  0.000000E+00  0.000000E+00
66   5.06327649E-06 -6.006096E+00  2.222247E+05  3.253071E-15  5.035577E-13  0.000000E+00  0.000000E+00  0.000000E+00  0.000000E+00  0.000000E+00  0.000000E+00
67   5.55161366E-06 -6.584799E+00  2.026801E+05  4.701204E-15  6.637468E-13  0.000000E+00  0.000000E+00  0.000000E+00  0.000000E+00  0.000000E+00  0.000000E+00
68   6.08698590E-06 -7.219061E+00  1.848567E+05  6.793584E-15  8.748629E-13  0.000000E+00  0.000000E+00  0.000000E+00  0.000000E+00  0.000000E+00  0.000000E+00
69   6.67391443E-06 -7.914165E+00  1.686021E+05  9.816593E-15  1.153082E-12  0.000000E+00  0.000000E+00  0.000000E+00  0.000000E+00  0.000000E+00  0.000000E+00
70   7.31735392E-06 -8.675882E+00  1.537796E+05  1.418378E-14  1.519713E-12  0.000000E+00  0.000000E+00  0.000000E+00  0.000000E+00  0.000000E+00  0.000000E+00
71   8.02273392E-06 -9.510515E+00  1.402627E+05  2.049223E-14  2.002829E-12  0.000000E+00  0.000000E+00  0.000000E+00  0.000000E+00  0.000000E+00  0.000000E+00
72   8.79600036E-06 -1.042493E+01  1.279353E+05  2.960390E-14  2.639395E-12  0.000000E+00  0.000000E+00  0.000000E+00  0.000000E+00  0.000000E+00  0.000000E+00
73   9.64367338E-06 -1.142662E+01  1.166937E+05  4.276287E-14  3.478096E-12  0.000000E+00  0.000000E+00  0.000000E+00  0.000000E+00  0.000000E+00  0.000000E+00
74   1.05728932E-05 -1.252373E+01  1.064425E+05  6.176439E-14  4.583039E-12  0.000000E+00  0.000000E+00  0.000000E+00  0.000000E+00  0.000000E+00  0.000000E+00
75   1.15914832E-05 -1.372511E+01  9.709382E+04  8.919839E-14  6.038627E-12  0.000000E+00  0.000000E+00  0.000000E+00  0.000000E+00  0.000000E+00  0.000000E+00
76   1.27080132E-05 -1.504038E+01  8.856837E+04  1.288003E-13  7.955958E-12  0.000000E+00  0.000000E+00  0.000000E+00  0.000000E+00  0.000000E+00  0.000000E+00
77   1.39318745E-05 -1.647993E+01  8.079404E+04  1.859557E-13  1.048125E-11  0.000000E+00  0.000000E+00  0.000000E+00  0.000000E+00  0.000000E+00  0.000000E+00
78   1.52733522E-05 -1.805498E+01  7.370493E+04  2.684267E-13  1.380693E-11  0.000000E+00  0.000000E+00  0.000000E+00  0.000000E+00  0.000000E+00  0.000000E+00
79   1.67437127E-05 -1.977763E+01  6.724069E+04  3.873955E-13  1.818612E-11  0.000000E+00  0.000000E+00  0.000000E+00  0.000000E+00  0.000000E+00  0.000000E+00
80   1.83552950E-05 -2.166080E+01  6.134654E+04  5.589630E-13  2.395176E-11  0.000000E+00  0.000000E+00  0.000000E+00  0.000000E+00  0.000000E+00  0.000000E+00
81   2.01216163E-05 -2.371831E+01  5.597275E+04  8.062983E-13  3.154158E-11  0.000000E+00  0.000000E+00  0.000000E+00  0.000000E+00  0.000000E+00  0.000000E+00
82   2.20574781E-05 -2.596477E+01  5.107398E+04  1.162718E-12  4.153094E-11  0.000000E+00  0.000000E+00  0.000000E+00  0.000000E+00  0.000000E+00  0.000000E+00
83   2.41790911E-05 -2.841556E+01  4.660906E+04  1.676089E-12  5.467578E-11  0.000000E+00  0.000000E+00  0.000000E+00  0.000000E+00  0.000000E+00  0.000000E+00
84   2.65042049E-05 -3.108662E+01  4.254056E+04  2.415115E-12  7.196885E-11  0.000000E+00  0.000000E+00  0.000000E+00  0.000000E+00  0.000000E+00  0.000000E+00
85   2.90522544E-05 -3.399432E+01  3.883459E+04  3.478291E-12  9.471313E-11  0.000000E+00  0.000000E+00  0.000000E+00  0.000000E+00  0.000000E+00  0.000000E+00
86   3.18445207E-05 -3.715506E+01  3.546074E+04  5.006616E-12  1.246178E-10  0.000000E+00  0.000000E+00  0.000000E+00  0.000000E+00  0.000000E+00  0.000000E+00
87   3.49043009E-05 -4.058488E+01  3.239154E+04  7.201599E-12  1.639232E-10  0.000000E+00  0.000000E+00  0.000000E+00  0.000000E+00  0.000000E+00  0.000000E+00
88   3.82570965E-05 -4.429875E+01  2.960259E+04  1.035064E-11  2.155637E-10  0.000000E+00  0.000000E+00  0.000000E+00  0.000000E+00  0.000000E+00  0.000000E+00
89   4.19308267E-05 -4.830968E+01  2.707249E+04  1.486262E-11  2.833785E-10  0.000000E+00  0.000000E+00  0.000000E+00  0.000000E+00  0.000000E+00  0.000000E+00
90   4.59560449E-05 -5.262746E+01  2.478252E+04  2.131757E-11  3.723862E-10  0.000000E+00  0.000000E+00  0.000000E+00  0.000000E+00  0.000000E+00  0.000000E+00
91   5.03661913E-05 -5.725698E+01  2.271711E+04  3.053537E-11  4.891377E-10  0.000000E+00  0.000000E+00  0.000000E+00  0.000000E+00  0.000000E+00  0.000000E+00
92   5.51978603E-05 -6.219593E+01  2.086398E+04  4.366986E-11  6.421739E-10  0.000000E+00  0.000000E+00  0.000000E+00  0.000000E+00  0.000000E+00  0.000000E+00
93   6.04910908E-05 -6.743167E+01  1.921414E+04  6.233627E-11  8.426121E-10  0.000000E+00  0.000000E+00  0.000000E+00  0.000000E+00  0.000000E+00  0.000000E+00
94   6.62896922E-05 -7.293714E+01  1.776270E+04  8.878098E-11  1.104900E-09  0.000000E+00  0.000000E+00  0.000000E+00  0.000000E+00  0.000000E+00  0.000000E+00
95   7.26415880E-05 -7.866537E+01  1.650964E+04  1.261027E-10  1.447781E-09  0.000000E+00  0.000000E+00  0.000000E+00  0.000000E+00  0.000000E+00  0.000000E+00
96   7.95992009E-05 -8.454222E+01  1.546062E+04  1.785322E-10  1.895532E-09  0.000000E+00  0.000000E+00  0.000000E+00  0.000000E+00  0.000000E+00  0.000000E+00
97   8.72198657E-05 -9.045702E+01  1.462827E+04  2.517709E-10  2.479544E-09  0.000000E+00  0.000000E+00  0.000000E+00  0.000000E+00  0.000000E+00  0.000000E+00
98   9.55662808E-05 -9.625066E+01  1.403238E+04  3.533725E-10  3.240370E-09  0.000000E+00  0.000000E+00  0.000000E+00  0.000000E+00  0.000000E+00  0.000000E+00
99   1.04707003E-04 -1.017021E+02  1.369356E+04  4.931227E-10  4.230392E-09  0.000000E+00  0.000000E+00  0.000000E+00  0.000000E+00  0.000000E+00  0.000000E+00
100  1.14716985E-04 -1.065181E+02  1.358037E+04  6.833242E-10  5.517220E-09  0.000000E+00  0.000000E+00  0.000000E+00  0.000000E+00  0.000000E+00  0.000000E+00
101  1.25678159E-04 -1.103494E+02  1.343402E+04  9.388387E-10  7.187675E-09  0.000000E+00  0.000000E+00  0.000000E+00  0.000000E+00  0.000000E+00  0.000000E+00
102  1.37680073E-04 -1.128993E+02  1.275872E+04  1.276871E-09  9.354871E-09  0.000000E+00  0.000000E+00  0.000000E+00  0.000000E+00  0.000000E+00  0.000000E+00
103  1.50820587E-04 -1.141870E+02  1.140550E+04  1.717652E-09  1.216973E-08  0.000000E+00  0.000000E+00  0.000000E+00  0.000000E+00  0.000000E+00  0.000000E+00
104  1.65206620E-04 -1.146533E+02  9.901270E+03  2.287743E-09  1.582534E-08  0.000000E+00  0.000000E+00  0.000000E+00  0.000000E+00  0.000000E+00  0.000000E+00
105  1.80954976E-04 -1.147734E+02  8.729551E+03  3.024032E-09  2.056640E-08  0.000000E+00  0.000000E+00  0.000000E+00  0.000000E+00  0.000000E+00  0.000000E+00
106  1.98193232E-04 -1.147869E+02  7.858744E+03  3.977084E-09  2.671608E-08  0.000000E+00  0.000000E+00  0.000000E+00  0.000000E+00  0.000000E+00  0.000000E+00
107  2.17060704E-04 -1.147730E+02  7.125465E+03  5.214550E-09  3.469642E-08  0.000000E+00  0.000000E+00  0.000000E+00  0.000000E+00  0.000000E+00  0.000000E+00
108  2.37709505E-04 -1.147517E+02  6.467193E+03  6.825313E-09  4.504987E-08  0.000000E+00  0.000000E+00  0.000000E+00  0.000000E+00  0.000000E+00  0.000000E+00
109  2.60305677E-04 -1.147274E+02  5.868310E+03  8.925568E-09  5.847727E-08  0.000000E+00  0.000000E+00  0.000000E+00  0.000000E+00  0.000000E+00  0.000000E+00
110  2.85030436E-04 -1.147005E+02  5.322385E+03  1.166727E-08  7.588568E-08  0.000000E+00  0.000000E+00  0.000000E+00  0.000000E+00  0.000000E+00  0.000000E+00
111  3.12081512E-04 -1.146711E+02  4.824701E+03  1.524939E-08  9.844810E-08  0.000000E+00  0.000000E+00  0.000000E+00  0.000000E+00  0.000000E+00  0.000000E+00
112  3.41674606E-04 -1.146388E+02  4.371066E+03  1.993273E-08  1.276805E-07  0.000000E+00  0.000000E+00  0.000000E+00  0.000000E+00  0.000000E+00  0.000000E+00
113  3.74044964E-04 -1.146034E+02  3.957653E+03  2.605950E-08  1.655408E-07  0.000000E+00  0.000000E+00  0.000000E+00  0.000000E+00  0.000000E+00  0.000000E+00
114  4.09449092E-04 -1.145646E+02  3.580969E+03  3.407904E-08  2.145567E-07  0.000000E+00  0.000000E+00  0.000000E+00  0.000000E+00  0.000000E+00  0.000000E+00
115  4.48166595E-04 -1.145221E+02  3.237826E+03  4.458192E-08  2.779891E-07  0.000000E+00  0.000000E+00  0.000000E+00  0.000000E+00  0.000000E+00  0.000000E+00
116  4.90502180E-04 -1.144756E+02  2.925315E+03  5.834495E-08  3.600422E-07  0.000000E+00  0.000000E+00  0.000000E+00  0.000000E+00  0.000000E+00  0.000000E+00
117  5.36787821E-04 -1.144248E+02  2.640785E+03  7.639072E-08  4.661333E-07  0.000000E+00  0.000000E+00  0.000000E+00  0.000000E+00  0.000000E+00  0.000000E+00
118  5.87385078E-04 -1.143693E+02  2.381814E+03  1.000665E-07  6.032370E-07  0.000000E+00  0.000000E+00  0.000000E+00  0.000000E+00  0.000000E+00  0.000000E+00
119  6.42687631E-04 -1.143086E+02  2.146194E+03  1.311491E-07  7.803271E-07  0.000000E+00  0.000000E+00  0.000000E+00  0.000000E+00  0.000000E+00  0.000000E+00
120  7.03123987E-04 -1.142423E+02  1.931906E+03  1.719834E-07  1.008939E-06  0.000000E+00  0.000000E+00  0.000000E+00  0.000000E+00  0.000000E+00  0.000000E+00
121  7.69160412E-04 -1.141701E+02  1.737109E+03  2.256674E-07  1.303891E-06  0.000000E+00  0.000000E+00  0.000000E+00  0.000000E+00  0.000000E+00  0.000000E+00
122  8.41304077E-04 -1.140913E+02  1.560119E+03  2.962975E-07  1.684196E-06  0.000000E+00  0.000000E+00  0.000000E+00  0.000000E+00  0.000000E+00  0.000000E+00
123  9.20106455E-04 -1.140054E+02  1.399396E+03  3.892949E-07  2.174233E-06  0.000000E+00  0.000000E+00  0.000000E+00  0.000000E+00  0.000000E+00  0.000000E+00
124  1.00616697E-03 -1.139120E+02  1.253535E+03  5.118417E-07  2.805221E-06  0.000000E+00  0.000000E+00  0.000000E+00  0.000000E+00  0.000000E+00  0.000000E+00
125  1.10013690E-03 -1.138104E+02  1.121245E+03  6.734602E-07  3.617101E-06  0.000000E+00  0.000000E+00  0.000000E+00  0.000000E+00  0.000000E+00  0.000000E+00
126  1.20272360E-03 -1.137000E+02  1.001347E+03  8.867872E-07  4.660907E-06  0.000000E+00  0.000000E+00  0.000000E+00  0.000000E+00  0.000000E+00  0.000000E+00
127  1.31469498E-03 -1.135800E+02  8.927611E+02  1.168607E-06  6.001772E-06  0.000000E+00  0.000000E+00  0.000000E+00  0.000000E+00  0.000000E+00  0.000000E+00
128  1.43688437E-03 -1.134500E+02  7.944951E+02  1.541229E-06  7.722706E-06  0.000000E+00  0.000000E+00  0.000000E+00  0.000000E+00  0.000000E+00  0.000000E+00
129  1.57019564E-03 -1.133090E+02  7.056399E+02  2.034332E-06  9.929354E-06  0.000000E+00  0.000000E+00  0.000000E+00  0.000000E+00  0.000000E+00  0.000000E+00
130  1.71560875E-03 -1.131564E+02  6.253610E+02  2.687418E-06  1.275597E-05  0.000000E+00  0.000000E+00  0.000000E+00  0.000000E+00  0.000000E+00  0.000000E+00
131  1.87418560E-03 -1.129913E+02  5.528922E+02  3.553105E-06  1.637286E-05  0.000000E+00  0.000000E+00  0.000000E+00  0.000000E+00  0.000000E+00  0.000000E+00
132  2.04707635E-03 -1.128130E+02  4.875299E+02  4.701502E-06  2.099574E-05  0.000000E+00  0.000000E+00  0.000000E+00  0.000000E+00  0.000000E+00  0.000000E+00
133  2.23552606E-03 -1.126206E+02  4.286278E+02  6.226073E-06  2.689729E-05  0.000000E+00  0.000000E+00  0.000000E+00  0.000000E+00  0.000000E+00  0.000000E+00
134  2.44088182E-03 -1.124132E+02  3.755926E+02  8.251433E-06  3.442151E-05  0.000000E+00  0.000000E+00  0.000000E+00  0.000000E+00  0.000000E+00  0.000000E+00
135  2.66460030E-03 -1.121899E+02  3.278795E+02  1.094376E-05  4.400149E-05  0.000000E+00  0.000000E+00  0.000000E+00  0.000000E+00  0.000000E+00  0.000000E+00
136  2.90825573E-03 -1.119497E+02  2.849892E+02  1.452464E-05  5.618119E-05  0.000000E+00  0.000000E+00  0.000000E+00  0.000000E+00  0.000000E+00  0.000000E+00
137  3.17354836E-03 -1.116918E+02  2.464637E+02  1.928947E-05  7.164221E-05  0.000000E+00  0.000000E+00  0.000000E+00  0.000000E+00  0.000000E+00  0.000000E+00
138  3.46231346E-03 -1.114150E+02  2.118840E+02  2.563191E-05  9.123629E-05  0.000000E+00  0.000000E+00  0.000000E+00  0.000000E+00  0.000000E+00  0.000000E+00
139  3.77653069E-03 -1.111184E+02  1.808670E+02  3.407621E-05  1.160249E-04  0.000000E+00  0.000000E+00  0.000000E+00  0.000000E+00  0.000000E+00  0.000000E+00
140  4.11833413E-03 -1.108009E+02  1.530633E+02  4.532003E-05  1.473267E-04  0.000000E+00  0.000000E+00  0.000000E+00  0.000000E+00  0.000000E+00  0.000000E+00
141  4.49002269E-03 -1.104613E+02  1.281542E+02  6.029075E-05  1.867749E-04  0.000000E+00  0.000000E+00  0.000000E+00  0.000000E+00  0.000000E+00  0.000000E+00
142  4.89407112E-03 -1.100985E+02  1.058503E+02  8.021962E-05  2.363846E-04  0.000000E+00  0.000000E+00  0.000000E+00  0.000000E+00  0.000000E+00  0.000000E+00
143  5.33314151E-03 -1.097112E+02  8.588899E+01  1.067387E-04  2.986335E-04  0.000000E+00  0.000000E+00  0.000000E+00  0.000000E+00  0.000000E+00  0.000000E+00
144  5.81009533E-03 -1.092982E+02  6.803226E+01  1.420078E-04  3.765550E-04  0.000000E+00  0.000000E+00  0.000000E+00  0.000000E+00  0.000000E+00  0.000000E+00
145  6.32800596E-03 -1.088581E+02  5.206530E+01  1.888786E-04  4.738469E-04  0.000000E+00  0.000000E+00  0.000000E+00  0.000000E+00  0.000000E+00  0.000000E+00
146  6.89017177E-03 -1.083895E+02  3.779450E+01  2.511078E-04  5.949958E-04  0.000000E+00  0.000000E+00  0.000000E+00  0.000000E+00  0.000000E+00  0.000000E+00
147  7.50012969E-03 -1.078908E+02  2.504566E+01  3.336310E-04  7.454170E-04  0.000000E+00  0.000000E+00  0.000000E+00  0.000000E+00  0.000000E+00  0.000000E+00
148  8.16166927E-03 -1.073605E+02  1.366258E+01  4.429135E-04  9.316103E-04  0.000000E+00  0.000000E+00  0.000000E+00  0.000000E+00  0.000000E+00  0.000000E+00
149  8.87884717E-03 -1.067970E+02  3.505284E+00  5.873950E-04  1.161331E-03  0.000000E+00  0.000000E+00  0.000000E+00  0.000000E+00  0.000000E+00  0.000000E+00
150  9.65600218E-03 -1.061985E+02 -5.551302E+00  7.780532E-04  1.443769E-03  0.000000E+00  0.000000E+00  0.000000E+00  0.000000E+00  0.000000E+00  0.000000E+00
151  1.04977706E-02 -1.055633E+02 -1.361867E+01  1.029107E-03  1.789739E-03  0.000000E+00  0.000000E+00  0.000000E+00  0.000000E+00  0.000000E+00  0.000000E+00
152  1.14091018E-02 -1.048899E+02 -2.079625E+01  1.358894E-03  2.211863E-03  0.000000E+00  0.000000E+00  0.000000E+00  0.000000E+00  0.000000E+00  0.000000E+00
153  1.23952748E-02 -1.041764E+02 -2.717242E+01  1.790941E-03  2.724747E-03  0.000000E+00  0.000000E+00  0.000000E+00  0.000000E+00  0.000000E+00  0.000000E+00
154  1.34619141E-02 -1.034211E+02 -3.282585E+01  2.355281E-03  3.345127E-03  0.000000E+00  0.000000E+00  0.000000E+00  0.000000E+00  0.000000E+00  0.000000E+00
155  1.46150067E-02 -1.026226E+02 -3.782645E+01  3.090015E-03  4.091970E-03  0.000000E+00  0.000000E+00  0.000000E+00  0.000000E+00  0.000000E+00  0.000000E+00
156  1.58609186E-02 -1.017790E+02 -4.223639E+01  4.043182E-03  4.986510E-03  0.000000E+00  0.000000E+00  0.000000E+00  0.000000E+00  0.000000E+00  0.000000E+00
157  1.72064120E-02 -1.008890E+02 -4.611098E+01  5.274927E-03  6.052187E-03  0.000000E+00  0.000000E+00  0.000000E+00  0.000000E+00  0.000000E+00  0.000000E+00
158  1.86586621E-02 -9.995110E+01 -4.949942E+01  6.859978E-03  7.314457E-03  0.000000E+00  0.000000E+00  0.000000E+00  0.000000E+00  0.000000E+00  0.000000E+00
159  2.02252740E-02 -9.896412E+01 -5.244547E+01  8.890422E-03  8.800439E-03  0.000000E+00  0.000000E+00  0.000000E+00  0.000000E+00  0.000000E+00  0.000000E+00
160  2.19142998E-02 -9.792712E+01 -5.498818E+01  1.147871E-02  1.053836E-02  0.000000E+00  0.000000E+00  0.000000E+00  0.000000E+00  0.000000E+00  0.000000E+00
161  2.37342546E-02 -9.683941E+01 -5.716243E+01  1.476082E-02  1.255677E-02  0.000000E+00  0.000000E+00  0.000000E+00  0.000000E+00  0.000000E+00  0.000000E+00
162  2.56941335E-02 -9.570056E+01 -5.899943E+01  1.889935E-02  1.488343E-02  0.000000E+00  0.000000E+00  0.000000E+00  0.000000E+00  0.000000E+00  0.000000E+00
163  2.78034272E-02 -9.451028E+01 -6.052712E+01  2.408647E-02  1.754399E-02  0.000000E+00  0.000000E+00  0.000000E+00  0.000000E+00  0.000000E+00  0.000000E+00
164  3.00721373E-02 -9.326837E+01 -6.177054E+01  3.054620E-02  2.056024E-02  0.000000E+00  0.000000E+00  0.000000E+00  0.000000E+00  0.000000E+00  0.000000E+00
165  3.25107915E-02 -9.197461E+01 -6.275198E+01  3.853579E-02  2.394811E-02  0.000000E+00  0.000000E+00  0.000000E+00  0.000000E+00  0.000000E+00  0.000000E+00
166  3.51304578E-02 -9.062870E+01 -6.349136E+01  4.834562E-02  2.771540E-02  0.000000E+00  0.000000E+00  0.000000E+00  0.000000E+00  0.000000E+00  0.000000E+00
167  3.79427572E-02 -8.923021E+01 -6.400638E+01  6.029706E-02  3.185924E-02  0.000000E+00  0.000000E+00  0.000000E+00  0.000000E+00  0.000000E+00  0.000000E+00
168  4.09598774E-02 -8.777886E+01 -6.431294E+01  7.473753E-02  3.636348E-02  0.000000E+00  0.000000E+00  0.000000E+00  0.000000E+00  0.000000E+00  0.000000E+00
169  4.41945832E-02 -8.627437E+01 -6.442528E+01  9.203224E-02  4.119614E-02  0.000000E+00  0.000000E+00  0.000000E+00  0.000000E+00  0.000000E+00  0.000000E+00
170  4.76602274E-02 -8.471693E+01 -6.435659E+01  1.125517E-01  4.630699E-02  0.000000E+00  0.000000E+00  0.000000E+00  0.000000E+00  0.000000E+00  0.000000E+00
171  5.13707604E-02 -8.310711E+01 -6.411905E+01  1.366549E-01  5.162570E-02  0.000000E+00  0.000000E+00  0.000000E+00  0.000000E+00  0.000000E+00  0.000000E+00
172  5.53407375E-02 -8.144597E+01 -6.372420E+01  1.646665E-01  5.706057E-02  0.000000E+00  0.000000E+00  0.000000E+00  0.000000E+00  0.000000E+00  0.000000E+00
173  5.95853261E-02 -7.973513E+01 -6.318315E+01  1.968502E-01  6.249828E-02  0.000000E+00  0.000000E+00  0.000000E+00  0.000000E+00  0.000000E+00  0.000000E+00
174  6.41203106E-02 -7.797682E+01 -6.250668E+01  2.333759E-01  6.780477E-02  0.000000E+00  0.000000E+00  0.000000E+00  0.000000E+00  0.000000E+00  0.000000E+00
175  6.89620962E-02 -7.617439E+01 -6.170581E+01  2.742837E-01  7.282750E-02  0.000000E+00  0.000000E+00  0.000000E+00  0.000000E+00  0.000000E+00  0.000000E+00
176  7.41277113E-02 -7.433183E+01 -6.079144E+01  3.194449E-01  7.739918E-02  0.000000E+00  0.000000E+00  0.000000E+00  0.000000E+00  0.000000E+00  0.000000E+00
177  7.96348078E-02 -7.245434E+01 -5.977496E+01  3.685221E-01  8.134296E-02  0.000000E+00  0.000000E+00  0.000000E+00  0.000000E+00  0.000000E+00  0.000000E+00
178  8.55016601E-02 -7.054722E+01 -5.866720E+01  4.209318E-01  8.447901E-02  0.000000E+00  0.000000E+00  0.000000E+00  0.000000E+00  0.000000E+00  0.000000E+00
179  9.17471623E-02 -6.861569E+01 -5.747842E+01  4.758116E-01  8.663257E-02  0.000000E+00  0.000000E+00  0.000000E+00  0.000000E+00  0.000000E+00  0.000000E+00
180  9.83908242E-02 -6.666415E+01 -5.621757E+01  5.319977E-01  8.764292E-02  0.000000E+00  0.000000E+00  0.000000E+00  0.000000E+00  0.000000E+00  0.000000E+00
181  1.05452765E-01 -6.469591E+01 -5.489213E+01  5.880142E-01  8.737317E-02  0.000000E+00  0.000000E+00  0.000000E+00  0.000000E+00  0.000000E+00  0.000000E+00
182  1.12953704E-01 -6.271312E+01 -5.350803E+01  6.420824E-01  8.572011E-02  0.000000E+00  0.000000E+00  0.000000E+00  0.000000E+00  0.000000E+00  0.000000E+00
183  1.20914955E-01 -6.071784E+01 -5.207075E+01  6.921502E-01  8.262332E-02  0.000000E+00  0.000000E+00  0.000000E+00  0.000000E+00  0.000000E+00  0.000000E+00
184  1.29358411E-01 -5.871185E+01 -5.058521E+01  7.359466E-01  7.807261E-02  0.000000E+00  0.000000E+00  0.000000E+00  0.000000E+00  0.000000E+00  0.000000E+00
185  1.38306533E-01 -5.669812E+01 -4.905717E+01  7.710595E-01  7.211284E-02  0.000000E+00  0.000000E+00  0.000000E+00  0.000000E+00  0.000000E+00  0.000000E+00
186  1.47782338E-01 -5.468026E+01 -4.749284E+01  7.950370E-01  6.484551E-02  0.000000E+00  0.000000E+00  0.000000E+00  0.000000E+00  0.000000E+00  0.000000E+00
187  1.57809380E-01 -5.266283E+01 -4.589916E+01  8.055055E-01  5.642685E-02  0.000000E+00  0.000000E+00  0.000000E+00  0.000000E+00  0.000000E+00  0.000000E+00
188  1.68411735E-01 -5.065190E+01 -4.428440E+01  8.002997E-01  4.706215E-02  0.000000E+00  0.000000E+00  0.000000E+00  0.000000E+00  0.000000E+00  0.000000E+00
189  1.79613982E-01 -4.865443E+01 -4.265753E+01  7.775943E-01  3.699671E-02  0.000000E+00  0.000000E+00  0.000000E+00  0.000000E+00  0.000000E+00  0.000000E+00
190  1.91441182E-01 -4.667953E+01 -4.102946E+01  7.360291E-01  2.650402E-02  0.000000E+00  0.000000E+00  0.000000E+00  0.000000E+00  0.000000E+00  0.000000E+00
191  2.03918860E-01 -4.473633E+01 -3.941099E+01  6.748165E-01  1.587239E-02  0.000000E+00  0.000000E+00  0.000000E+00  0.000000E+00  0.000000E+00  0.000000E+00
192  2.17072982E-01 -4.283361E+01 -3.781238E+01  5.938250E-01  5.391466E-03  0.000000E+00  0.000000E+00  0.000000E+00  0.000000E+00  0.000000E+00  0.000000E+00
193  2.30929931E-01 -4.097808E+01 -3.624174E+01  4.936331E-01 -4.660385E-03  0.000000E+00  0.000000E+00  0.000000E+00  0.000000E+00  0.000000E+00  0.000000E+00
194  2.45516486E-01 -3.917347E+01 -3.470408E+01  3.755524E-01 -1.402727E-02  0.000000E+00  0.000000E+00  0.000000E+00  0.000000E+00  0.000000E+00  0.000000E+00
195  2.60859794E-01 -3.742003E+01 -3.320083E+01  2.416157E-01 -2.248537E-02  0.000000E+00  0.000000E+00  0.000000E+00  0.000000E+00  0.000000E+00  0.000000E+00
196  2.76987351E-01 -3.571591E+01 -3.173124E+01  9.453071E-02 -2.985120E-02  0.000000E+00  0.000000E+00  0.000000E+00  0.000000E+00  0.000000E+00  0.000000E+00
197  2.93926969E-01 -3.405699E+01 -3.029224E+01 -6.240405E-02 -3.598821E-02  0.000000E+00  0.000000E+00  0.000000E+00  0.000000E+00  0.000000E+00  0.000000E+00
198  3.11706758E-01 -3.243976E+01 -2.888127E+01 -2.254205E-01 -4.081145E-02  0.000000E+00  0.000000E+00  0.000000E+00  0.000000E+00  0.000000E+00  0.000000E+00
199  3.30355095E-01 -3.086108E+01 -2.749605E+01 -3.904358E-01 -4.428970E-02  0.000000E+00  0.000000E+00  0.000000E+00  0.000000E+00  0.000000E+00  0.000000E+00
200  3.49900600E-01 -2.931904E+01 -2.613553E+01 -5.532323E-01 -4.644442E-02  0.000000E+00  0.000000E+00  0.000000E+00  0.000000E+00  0.000000E+00  0.000000E+00
201  3.70372109E-01 -2.781273E+01 -2.479956E+01 -7.096514E-01 -4.734564E-02  0.000000E+00  0.000000E+00  0.000000E+00  0.000000E+00  0.000000E+00  0.000000E+00
202  3.91798649E-01 -2.634199E+01 -2.348874E+01 -8.557867E-01 -4.710517E-02  0.000000E+00  0.000000E+00  0.000000E+00  0.000000E+00  0.000000E+00  0.000000E+00
203  4.14209412E-01 -2.490791E+01 -2.220483E+01 -9.881636E-01 -4.586757E-02  0.000000E+00  0.000000E+00  0.000000E+00  0.000000E+00  0.000000E+00  0.000000E+00
204  4.37633729E-01 -2.351245E+01 -2.095043E+01 -1.103889E+00 -4.379972E-02  0.000000E+00  0.000000E+00  0.000000E+00  0.000000E+00  0.000000E+00  0.000000E+00
205  4.62101043E-01 -2.215951E+01 -1.973007E+01 -1.200765E+00 -4.107962E-02  0.000000E+00  0.000000E+00  0.000000E+00  0.000000E+00  0.000000E+00  0.000000E+00
206  4.87640888E-01 -2.085324E+01 -1.854841E+01 -1.277346E+00 -3.788548E-02  0.000000E+00  0.000000E+00  0.000000E+00  0.000000E+00  0.000000E+00  0.000000E+00
207  5.14282863E-01 -1.959809E+01 -1.741045E+01 -1.332954E+00 -3.438640E-02  0.000000E+00  0.000000E+00  0.000000E+00  0.000000E+00  0.000000E+00  0.000000E+00
208  5.42056607E-01 -1.839776E+01 -1.632036E+01 -1.367640E+00 -3.073513E-02  0.000000E+00  0.000000E+00  0.000000E+00  0.000000E+00  0.000000E+00  0.000000E+00
209  5.70991775E-01 -1.725480E+01 -1.528112E+01 -1.382113E+00 -2.706339E-02  0.000000E+00  0.000000E+00  0.000000E+00  0.000000E+00  0.000000E+00  0.000000E+00
210  6.01118021E-01 -1.617033E+01 -1.429429E+01 -1.377638E+00 -2.347962E-02  0.000000E+00  0.000000E+00  0.000000E+00  0.000000E+00  0.000000E+00  0.000000E+00
211  6.32464970E-01 -1.514433E+01 -1.336021E+01 -1.355922E+00 -2.006859E-02  0.000000E+00  0.000000E+00  0.000000E+00  0.000000E+00  0.000000E+00  0.000000E+00
212  6.65062201E-01 -1.417568E+01 -1.247815E+01 -1.318997E+00 -1.689258E-02  0.000000E+00  0.000000E+00  0.000000E+00  0.000000E+00  0.000000E+00  0.000000E+00
213  6.98939223E-01 -1.326238E+01 -1.164645E+01 -1.269100E+00 -1.399341E-02  0.000000E+00  0.000000E+00  0.000000E+00  0.000000E+00  0.000000E+00  0.000000E+00
214  7.34125462E-01 -1.240217E+01 -1.086315E+01 -1.208572E+00 -1.139511E-02  0.000000E+00  0.000000E+00  0.000000E+00  0.000000E+00  0.000000E+00  0.000000E+00
215  7.70650235E-01 -1.159245E+01 -1.012593E+01 -1.139762E+00 -9.106713E-03  0.000000E+00  0.000000E+00  0.000000E+00  0.000000E+00  0.000000E+00  0.000000E+00
216  8.08542737E-01 -1.083051E+01 -9.432397E+00 -1.064944E+00 -7.125148E-03  0.000000E+00  0.000000E+00  0.000000E+00  0.000000E+00  0.000000E+00  0.000000E+00
217  8.47832025E-01 -1.011378E+01 -8.780210E+00 -9.862548E-01 -5.437980E-03  0.000000E+00  0.000000E+00  0.000000E+00  0.000000E+00  0.000000E+00  0.000000E+00
218  8.88546997E-01 -9.439797E+00 -8.167160E+00 -9.056455E-01 -4.025913E-03  0.000000E+00  0.000000E+00  0.000000E+00  0.000000E+00  0.000000E+00  0.000000E+00
219  9.30716384E-01 -8.806282E+00 -7.591187E+00 -8.248454E-01 -2.865023E-03  0.000000E+00  0.000000E+00  0.000000E+00  0.000000E+00  0.000000E+00  0.000000E+00
220  9.74368729E-01 -8.211140E+00 -7.050410E+00 -7.453414E-01 -1.928682E-03  0.000000E+00  0.000000E+00  0.000000E+00  0.000000E+00  0.000000E+00  0.000000E+00
221  1.01953238E+00 -7.652459E+00 -6.543114E+00 -6.683698E-01 -1.189150E-03  0.000000E+00  0.000000E+00  0.000000E+00  0.000000E+00  0.000000E+00  0.000000E+00
222  1.06623547E+00 -7.128493E+00 -6.067737E+00 -5.949175E-01 -6.188509E-04  0.000000E+00  0.000000E+00  0.000000E+00  0.000000E+00  0.000000E+00  0.000000E+00
223  1.11450591E+00 -6.637633E+00 -5.622844E+00 -5.257329E-01 -1.913494E-04  0.000000E+00  0.000000E+00  0.000000E+00  0.000000E+00  0.000000E+00  0.000000E+00
224  1.16437139E+00 -6.178365E+00 -5.207080E+00 -4.613428E-01  1.179464E-04  0.000000E+00  0.000000E+00  0.000000E+00  0.000000E+00  0.000000E+00  0.000000E+00
225  1.21585935E+00 -5.749267E+00 -4.819173E+00 -4.020747E-01  3.313261E-04  0.000000E+00  0.000000E+00  0.000000E+00  0.000000E+00  0.000000E+00  0.000000E+00
226  1.26899696E+00 -5.348934E+00 -4.457860E+00 -3.480820E-01  4.685236E-04  0.000000E+00  0.000000E+00  0.000000E+00  0.000000E+00  0.000000E+00  0.000000E+00
227  1.32381117E+00 -4.975999E+00 -4.121905E+00 -2.993705E-01  5.466298E-04  0.000000E+00  0.000000E+00  0.000000E+00  0.000000E+00  0.000000E+00  0.000000E+00
228  1.38032862E+00 -4.629099E+00 -3.810067E+00 -2.558254E-01  5.801396E-04  0.000000E+00  0.000000E+00  0.000000E+00  0.000000E+00  0.000000E+00  0.000000E+00
229  1.43857571E+00 -4.306872E+00 -3.521099E+00 -2.172374E-01  5.810941E-04  0.000000E+00  0.000000E+00  0.000000E+00  0.000000E+00  0.000000E+00  0.000000E+00
230  1.49857854E+00 -4.007956E+00 -3.253746E+00 -1.833264E-01  5.592882E-04  0.000000E+00  0.000000E+00  0.000000E+00  0.000000E+00  0.000000E+00  0.000000E+00
231  1.56036292E+00 -3.730996E+00 -3.006753E+00 -1.537632E-01  5.225167E-04  0.000000E+00  0.000000E+00  0.000000E+00  0.000000E+00  0.000000E+00  0.000000E+00
232  1.62395439E+00 -3.474642E+00 -2.778864E+00 -1.281887E-01  4.768369E-04  0.000000E+00  0.000000E+00  0.000000E+00  0.000000E+00  0.000000E+00  0.000000E+00
233  1.68937818E+00 -3.237566E+00 -2.568837E+00 -1.062293E-01  4.268308E-04  0.000000E+00  0.000000E+00  0.000000E+00  0.000000E+00  0.000000E+00  0.000000E+00
234  1.75665923E+00 -3.018462E+00 -2.375451E+00 -8.751036E-02  3.758548E-04  0.000000E+00  0.000000E+00  0.000000E+00  0.000000E+00  0.000000E+00  0.000000E+00
235  1.82582216E+00 -2.816061E+00 -2.197512E+00 -7.166599E-02  3.262698E-04  0.000000E+00  0.000000E+00  0.000000E+00  0.000000E+00  0.000000E+00  0.000000E+00
236  1.89689131E+00 -2.629139E+00 -2.033867E+00 -5.834713E-02  2.796449E-04  0.000000E+00  0.000000E+00  0.000000E+00  0.000000E+00  0.000000E+00  0.000000E+00
237  1.96989070E+00 -2.456519E+00 -1.883408E+00 -4.722686E-02  2.369349E-04  0.000000E+00  0.000000E+00  0.000000E+00  0.000000E+00  0.000000E+00  0.000000E+00
238  2.04484404E+00 -2.297086E+00 -1.745081E+00 -3.800394E-02  1.986303E-04  0.000000E+00  0.000000E+00  0.000000E+00  0.000000E+00  0.000000E+00  0.000000E+00
239  2.12177474E+00 -2.149785E+00 -1.617891E+00 -3.040477E-02  1.648816E-04  0.000000E+00  0.000000E+00  0.000000E+00  0.000000E+00  0.000000E+00  0.000000E+00
240  2.20070589E+00 -2.013628E+00 -1.500906E+00 -2.418408E-02  1.355998E-04  0.000000E+00  0.000000E+00  0.000000E+00  0.000000E+00  0.000000E+00  0.000000E+00
241  2.28166029E+00 -1.887698E+00 -1.393260E+00 -1.912456E-02  1.105361E-04  0.000000E+00  0.000000E+00  0.000000E+00  0.000000E+00  0.000000E+00  0.000000E+00
242  2.36466041E+00 -1.771148E+00 -1.294154E+00 -1.503576E-02  8.934369E-05  0.000000E+00  0.000000E+00  0.000000E+00  0.000000E+00  0.000000E+00  0.000000E+00
243  2.44972841E+00 -1.663203E+00 -1.202861E+00 -1.175249E-02  7.162387E-05  0.000000E+00  0.000000E+00  0.000000E+00  0.000000E+00  0.000000E+00  0.000000E+00
244  2.53688615E+00 -1.563159E+00 -1.118720E+00 -9.132846E-03  5.696005E-05  0.000000E+00  0.000000E+00  0.000000E+00  0.000000E+00  0.000000E+00  0.000000E+00
245  2.62615519E+00 -1.473593E+00 -1.044345E+00 -7.056041E-03  4.494474E-05  0.000000E+00  0.000000E+00  0.000000E+00  0.000000E+00  0.000000E+00  0.000000E+00
246  2.71755676E+00 -1.396627E+00 -9.818960E-01 -5.420047E-03  3.519582E-05  0.000000E+00  0.000000E+00  0.000000E+00  0.000000E+00  0.000000E+00  0.000000E+00
247  2.81111181E+00 -1.330784E+00 -9.299318E-01 -4.139386E-03  2.736031E-05  0.000000E+00  0.000000E+00  0.000000E+00  0.000000E+00  0.000000E+00  0.000000E+00
248  2.90684097E+00 -1.274710E+00 -8.871332E-01 -3.143101E-03  2.111824E-05  0.000000E+00  0.000000E+00  0.000000E+00  0.000000E+00  0.000000E+00  0.000000E+00
249  3.00476458E+00 -1.227172E+00 -8.522983E-01 -2.372822E-03  1.618714E-05  0.000000E+00  0.000000E+00  0.000000E+00  0.000000E+00  0.000000E+00  0.000000E+00
250  3.10490268E+00 -1.187055E+00 -8.243412E-01 -1.780930E-03  1.232287E-05  0.000000E+00  0.000000E+00  0.000000E+00  0.000000E+00  0.000000E+00  0.000000E+00
251  3.20727500E+00 -1.153357E+00 -8.022869E-01 -1.328896E-03  9.318016E-06  0.000000E+00  0.000000E+00  0.000000E+00  0.000000E+00  0.000000E+00  0.000000E+00
252  3.31190099E+00 -1.125180E+00 -7.852660E-01 -9.857852E-04  6.998972E-06  0.000000E+00  0.000000E+00  0.000000E+00  0.000000E+00  0.000000E+00  0.000000E+00
253  3.41879981E+00 -1.101731E+00 -7.725080E-01 -7.269473E-04  5.222329E-06  0.000000E+00  0.000000E+00  0.000000E+00  0.000000E+00  0.000000E+00  0.000000E+00
254  3.52799032E+00 -1.082308E+00 -7.633346E-01 -5.328846E-04  3.871024E-06  0.000000E+00  0.000000E+00  0.000000E+00  0.000000E+00  0.000000E+00  0.000000E+00
255  3.63949111E+00 -1.066295E+00 -7.571526E-01 -3.882859E-04  2.850526E-06  0.000000E+00  0.000000E+00  0.000000E+00  0.000000E+00  0.000000E+00  0.000000E+00
256  3.75332047E+00 -1.053157E+00 -7.534465E-01 -2.812132E-04  2.085270E-06  0.000000E+00  0.000000E+00  0.000000E+00  0.000000E+00  0.000000E+00  0.000000E+00
257  3.86949643E+00 -1.042428E+00 -7.517714E-01 -2.024238E-04  1.515424E-06  0.000000E+00  0.000000E+00  0.000000E+00  0.000000E+00  0.000000E+00  0.000000E+00
258  3.98803674E+00 -1.033710E+00 -7.517456E-01 -1.448120E-04  1.094039E-06  0.000000E+00  0.000000E+00  0.000000E+00  0.000000E+00  0.000000E+00  0.000000E+00
259  4.10895887E+00 -1.026660E+00 -7.530444E-01 -1.029532E-04  7.846009E-07  0.000000E+00  0.000000E+00  0.000000E+00  0.000000E+00  0.000000E+00  0.000000E+00
260  4.23228003E+00 -1.020987E+00 -7.553926E-01 -7.273480E-05  5.589449E-07  0.000000E+00  0.000000E+00  0.000000E+00  0.000000E+00  0.000000E+00  0.000000E+00
261  4.35801715E+00 -1.016443E+00 -7.585596E-01 -5.106058E-05  3.955298E-07  0.000000E+00  0.000000E+00  0.000000E+00  0.000000E+00  0.000000E+00  0.000000E+00
262  4.48618691E+00 -1.012823E+00 -7.623527E-01 -3.561597E-05  2.780120E-07  0.000000E+00  0.000000E+00  0.000000E+00  0.000000E+00  0.000000E+00  0.000000E+00
263  4.61680574E+00 -1.009952E+00 -7.666125E-01 -2.468276E-05  1.940909E-07  0.000000E+00  0.000000E+00  0.000000E+00  0.000000E+00  0.000000E+00  0.000000E+00
264  4.74988980E+00 -1.007687E+00 -7.712084E-01 -1.699445E-05  1.345818E-07  0.000000E+00  0.000000E+00  0.000000E+00  0.000000E+00  0.000000E+00  0.000000E+00
265  4.88545501E+00 -1.005909E+00 -7.760337E-01 -1.162411E-05  9.268061E-08  0.000000E+00  0.000000E+00  0.000000E+00  0.000000E+00  0.000000E+00  0.000000E+00
266  5.02351703E+00 -1.004520E+00 -7.810026E-01 -7.898169E-06  6.338608E-08  0.000000E+00  0.000000E+00  0.000000E+00  0.000000E+00  0.000000E+00  0.000000E+00
267  5.16409130E+00 -1.003441E+00 -7.860465E-01 -5.330683E-06  4.305092E-08  0.000000E+00  0.000000E+00  0.000000E+00  0.000000E+00  0.000000E+00  0.000000E+00
268  5.30719299E+00 -1.002607E+00 -7.911112E-01 -3.573590E-06  2.903591E-08  0.000000E+00  0.000000E+00  0.000000E+00  0.000000E+00  0.000000E+00  0.000000E+00
269  5.45283706E+00 -1.001965E+00 -7.961544E-01 -2.379404E-06  1.944617E-08  0.000000E+00  0.000000E+00  0.000000E+00  0.000000E+00  0.000000E+00  0.000000E+00
270  5.60103822E+00 -1.001474E+00 -8.011437E-01 -1.573439E-06  1.293180E-08  0.000000E+00  0.000000E+00  0.000000E+00  0.000000E+00  0.000000E+00  0.000000E+00
271  5.75181097E+00 -1.001100E+00 -8.060547E-01 -1.033301E-06  8.538693E-09  0.000000E+00  0.000000E+00  0.000000E+00  0.000000E+00  0.000000E+00  0.000000E+00
272  5.90516956E+00 -1.000817E+00 -8.108694E-01 -6.738708E-07  5.597740E-09  0.000000E+00  0.000000E+00  0.000000E+00  0.000000E+00  0.000000E+00  0.000000E+00
273  6.06112803E+00 -1.000604E+00 -8.155749E-01 -4.363923E-07  3.643378E-09  0.000000E+00  0.000000E+00  0.000000E+00  0.000000E+00  0.000000E+00  0.000000E+00
274  6.21970022E+00 -1.000444E+00 -8.201627E-01 -2.806123E-07  2.354224E-09  0.000000E+00  0.000000E+00  0.000000E+00  0.000000E+00  0.000000E+00  0.000000E+00
275  6.38089973E+00 -1.000325E+00 -8.246272E-01 -1.791613E-07  1.510168E-09  0.000000E+00  0.000000E+00  0.000000E+00  0.000000E+00  0.000000E+00  0.000000E+00
276  6.54473995E+00 -1.000236E+00 -8.289656E-01 -1.135715E-07  9.616542E-10  0.000000E+00  0.000000E+00  0.000000E+00  0.000000E+00  0.000000E+00  0.000000E+00
277  6.71123409E+00 -1.000171E+00 -8.331767E-01 -7.147615E-08  6.078708E-10  0.000000E+00  0.000000E+00  0.000000E+00  0.000000E+00  0.000000E+00  0.000000E+00
278  6.88039512E+00 -1.000123E+00 -8.372611E-01 -4.465811E-08  3.814038E-10  0.000000E+00  0.000000E+00  0.000000E+00  0.000000E+00  0.000000E+00  0.000000E+00
279  7.05223584E+00 -1.000088E+00 -8.412203E-01 -2.769921E-08  2.375327E-10  0.000000E+00  0.000000E+00  0.000000E+00  0.000000E+00  0.000000E+00  0.000000E+00
280  7.22676884E+00 -1.000063E+00 -8.450566E-01 -1.705466E-08  1.468282E-10  0.000000E+00  0.000000E+00  0.000000E+00  0.000000E+00  0.000000E+00  0.000000E+00
281  7.40400651E+00 -1.000045E+00 -8.487728E-01 -1.042339E-08  9.007975E-11  0.000000E+00  0.000000E+00  0.000000E+00  0.000000E+00  0.000000E+00  0.000000E+00
282  7.58396106E+00 -1.000031E+00 -8.523724E-01 -6.323349E-09  5.484792E-11  0.000000E+00  0.000000E+00  0.000000E+00  0.000000E+00  0.000000E+00  0.000000E+00
283  7.76664450E+00 -1.000022E+00 -8.558586E-01 -3.807495E-09  3.314306E-11  0.000000E+00  0.000000E+00  0.000000E+00  0.000000E+00  0.000000E+00  0.000000E+00
284  7.95206869E+00 -1.000015E+00 -8.592353E-01 -2.275454E-09  1.987508E-11  0.000000E+00  0.000000E+00  0.000000E+00  0.000000E+00  0.000000E+00  0.000000E+00
285  8.14024526E+00 -1.000011E+00 -8.625061E-01 -1.349635E-09  1.182753E-11  0.000000E+00  0.000000E+00  0.000000E+00  0.000000E+00  0.000000E+00  0.000000E+00
286  8.33118571E+00 -1.000007E+00 -8.656746E-01 -7.944515E-10  6.984453E-12  0.000000E+00  0.000000E+00  0.000000E+00  0.000000E+00  0.000000E+00  0.000000E+00
287  8.52490133E+00 -1.000005E+00 -8.687446E-01 -4.640927E-10  4.092697E-12  0.000000E+00  0.000000E+00  0.000000E+00  0.000000E+00  0.000000E+00  0.000000E+00
288  8.72140327E+00 -1.000003E+00 -8.717196E-01 -2.690371E-10  2.400671E-12  0.000000E+00  0.000000E+00  0.000000E+00  0.000000E+00  0.000000E+00  0.000000E+00
289  8.92070247E+00 -1.000002E+00 -8.746031E-01 -1.547655E-10  1.323479E-12  0.000000E+00  0.000000E+00  0.000000E+00  0.000000E+00  0.000000E+00  0.000000E+00
