#      n =  4
#  kappa = -4
# energy = -1.21680265E+03
#zenergy =  0.00000000E+00
#     dn =  3.89441965E+00
# qrnorm =  1.00256051E+00
#SelfEne =  2.72113860E+32
#     vc = -6.47941760E+03
#     vr = -9.28269062E+03
#  ilast =  247
#    ifm =    0
#    cfm =  0.00000000E+00
#    xfm =  0.00000000E+00
#    rfn =  2.72267111E+00
#    pdx =  3.91579668E+00
#   bqp0 = -1.13651255E-05
#   bqp1 =  0.00000000E+00
#    idx = 15
# LEPTON = 0
#   MASS =  1.00000000E+00
# CHARGE =  1.00000000E+00
#  EUNIT =  2.72113860E+01
#  RUNIT =  4.13413733E+16
#  LUNIT =  5.29177211E-01
#    AMU =  1.82288849E+03
#    FSC =  7.29735257E-03


0    1.15648609E-08 -1.400493E-02  9.727812E+07  5.083925E-27 -5.812974E-32  0.000000E+00  0.000000E+00  0.000000E+00  0.000000E+00  0.000000E+00  0.000000E+00
1    1.26829149E-08 -1.535888E-02  8.870266E+07  7.296912E-27 -9.195498E-32  0.000000E+00  0.000000E+00  0.000000E+00  0.000000E+00  0.000000E+00  0.000000E+00
2    1.39090347E-08 -1.684370E-02  8.088330E+07  1.051173E-26 -1.451959E-31  0.000000E+00  0.000000E+00  0.000000E+00  0.000000E+00  0.000000E+00  0.000000E+00
3    1.52536895E-08 -1.847206E-02  7.375324E+07  1.517236E-26 -2.294653E-31  0.000000E+00  0.000000E+00  0.000000E+00  0.000000E+00  0.000000E+00  0.000000E+00
4    1.67283387E-08 -2.025785E-02  6.725171E+07  2.192177E-26 -3.630914E-31  0.000000E+00  0.000000E+00  0.000000E+00  0.000000E+00  0.000000E+00  0.000000E+00
5    1.83455176E-08 -2.221623E-02  6.132341E+07  3.169061E-26 -5.750855E-31  0.000000E+00  0.000000E+00  0.000000E+00  0.000000E+00  0.000000E+00  0.000000E+00
6    2.01190340E-08 -2.436395E-02  5.591770E+07  4.582552E-26 -9.114400E-31  0.000000E+00  0.000000E+00  0.000000E+00  0.000000E+00  0.000000E+00  0.000000E+00
7    2.20640016E-08 -2.671928E-02  5.098851E+07  6.627465E-26 -1.445086E-30  0.000000E+00  0.000000E+00  0.000000E+00  0.000000E+00  0.000000E+00  0.000000E+00
8    2.41969530E-08 -2.930226E-02  4.649391E+07  9.585614E-26 -2.291684E-30  0.000000E+00  0.000000E+00  0.000000E+00  0.000000E+00  0.000000E+00  0.000000E+00
9    2.65360992E-08 -3.213495E-02  4.239551E+07  1.386465E-25 -3.634730E-30  0.000000E+00  0.000000E+00  0.000000E+00  0.000000E+00  0.000000E+00  0.000000E+00
10   2.91013226E-08 -3.524140E-02  3.865845E+07  2.005422E-25 -5.765237E-30  0.000000E+00  0.000000E+00  0.000000E+00  0.000000E+00  0.000000E+00  0.000000E+00
11   3.19145796E-08 -3.864823E-02  3.525074E+07  2.900727E-25 -9.144971E-30  0.000000E+00  0.000000E+00  0.000000E+00  0.000000E+00  0.000000E+00  0.000000E+00
12   3.49996755E-08 -4.238425E-02  3.214353E+07  4.195738E-25 -1.450605E-29  0.000000E+00  0.000000E+00  0.000000E+00  0.000000E+00  0.000000E+00  0.000000E+00
13   3.83829993E-08 -4.648142E-02  2.931021E+07  6.068900E-25 -2.301026E-29  0.000000E+00  0.000000E+00  0.000000E+00  0.000000E+00  0.000000E+00  0.000000E+00
14   4.20933798E-08 -5.097465E-02  2.672663E+07  8.778312E-25 -3.650028E-29  0.000000E+00  0.000000E+00  0.000000E+00  0.000000E+00  0.000000E+00  0.000000E+00
15   4.61623525E-08 -5.590214E-02  2.437083E+07  1.269728E-24 -5.789863E-29  0.000000E+00  0.000000E+00  0.000000E+00  0.000000E+00  0.000000E+00  0.000000E+00
16   5.06246539E-08 -6.130594E-02  2.222268E+07  1.836576E-24 -9.184192E-29  0.000000E+00  0.000000E+00  0.000000E+00  0.000000E+00  0.000000E+00  0.000000E+00
17   5.55182089E-08 -6.723198E-02  2.026392E+07  2.656474E-24 -1.456834E-28  0.000000E+00  0.000000E+00  0.000000E+00  0.000000E+00  0.000000E+00  0.000000E+00
18   6.08846860E-08 -7.373073E-02  1.847783E+07  3.842379E-24 -2.310874E-28  0.000000E+00  0.000000E+00  0.000000E+00  0.000000E+00  0.000000E+00  0.000000E+00
19   6.67698952E-08 -8.085766E-02  1.684918E+07  5.557677E-24 -3.665579E-28  0.000000E+00  0.000000E+00  0.000000E+00  0.000000E+00  0.000000E+00  0.000000E+00
20   7.32238506E-08 -8.867333E-02  1.536410E+07  8.038670E-24 -5.814402E-28  0.000000E+00  0.000000E+00  0.000000E+00  0.000000E+00  0.000000E+00  0.000000E+00
21   8.03015034E-08 -9.724429E-02  1.400994E+07  1.162714E-23 -9.222830E-28  0.000000E+00  0.000000E+00  0.000000E+00  0.000000E+00  0.000000E+00  0.000000E+00
22   8.80632663E-08 -1.066437E-01  1.277514E+07  1.681744E-23 -1.462929E-27  0.000000E+00  0.000000E+00  0.000000E+00  0.000000E+00  0.000000E+00  0.000000E+00
23   9.65750958E-08 -1.169514E-01  1.164919E+07  2.432452E-23 -2.320481E-27  0.000000E+00  0.000000E+00  0.000000E+00  0.000000E+00  0.000000E+00  0.000000E+00
24   1.05909459E-07 -1.282553E-01  1.062249E+07  3.518247E-23 -3.680689E-27  0.000000E+00  0.000000E+00  0.000000E+00  0.000000E+00  0.000000E+00  0.000000E+00
25   1.16145823E-07 -1.406514E-01  9.686299E+06  5.088687E-23 -5.838173E-27  0.000000E+00  0.000000E+00  0.000000E+00  0.000000E+00  0.000000E+00  0.000000E+00
26   1.27371553E-07 -1.542456E-01  8.832617E+06  7.360086E-23 -9.260285E-27  0.000000E+00  0.000000E+00  0.000000E+00  0.000000E+00  0.000000E+00  0.000000E+00
27   1.39681787E-07 -1.691532E-01  8.054202E+06  1.064528E-22 -1.468805E-26  0.000000E+00  0.000000E+00  0.000000E+00  0.000000E+00  0.000000E+00  0.000000E+00
28   1.53181782E-07 -1.855015E-01  7.344388E+06  1.539673E-22 -2.329723E-26  0.000000E+00  0.000000E+00  0.000000E+00  0.000000E+00  0.000000E+00  0.000000E+00
29   1.67986236E-07 -2.034295E-01  6.697142E+06  2.226880E-22 -3.695215E-26  0.000000E+00  0.000000E+00  0.000000E+00  0.000000E+00  0.000000E+00  0.000000E+00
30   1.84220845E-07 -2.230894E-01  6.106958E+06  3.220786E-22 -5.860952E-26  0.000000E+00  0.000000E+00  0.000000E+00  0.000000E+00  0.000000E+00  0.000000E+00
31   2.02024407E-07 -2.446493E-01  5.568784E+06  4.658262E-22 -9.296011E-26  0.000000E+00  0.000000E+00  0.000000E+00  0.000000E+00  0.000000E+00  0.000000E+00
32   2.21547779E-07 -2.682919E-01  5.078054E+06  6.737244E-22 -1.474407E-25  0.000000E+00  0.000000E+00  0.000000E+00  0.000000E+00  0.000000E+00  0.000000E+00
33   2.42957441E-07 -2.942187E-01  4.630577E+06  9.743994E-22 -2.338487E-25  0.000000E+00  0.000000E+00  0.000000E+00  0.000000E+00  0.000000E+00  0.000000E+00
34   2.66435600E-07 -3.226504E-01  4.222538E+06  1.409250E-21 -3.708928E-25  0.000000E+00  0.000000E+00  0.000000E+00  0.000000E+00  0.000000E+00  0.000000E+00
35   2.92182060E-07 -3.538290E-01  3.850463E+06  2.038146E-21 -5.882441E-25  0.000000E+00  0.000000E+00  0.000000E+00  0.000000E+00  0.000000E+00  0.000000E+00
36   3.20415362E-07 -3.880191E-01  3.511186E+06  2.947665E-21 -9.329519E-25  0.000000E+00  0.000000E+00  0.000000E+00  0.000000E+00  0.000000E+00  0.000000E+00
37   3.51376213E-07 -4.255122E-01  3.201809E+06  4.263015E-21 -1.479644E-24  0.000000E+00  0.000000E+00  0.000000E+00  0.000000E+00  0.000000E+00  0.000000E+00
38   3.85327385E-07 -4.666264E-01  2.919703E+06  6.165250E-21 -2.346648E-24  0.000000E+00  0.000000E+00  0.000000E+00  0.000000E+00  0.000000E+00  0.000000E+00
39   4.22558300E-07 -5.117123E-01  2.662457E+06  8.916206E-21 -3.721642E-24  0.000000E+00  0.000000E+00  0.000000E+00  0.000000E+00  0.000000E+00  0.000000E+00
40   4.63384910E-07 -5.611524E-01  2.427885E+06  1.289449E-20 -5.902195E-24  0.000000E+00  0.000000E+00  0.000000E+00  0.000000E+00  0.000000E+00  0.000000E+00
41   5.08154326E-07 -6.153671E-01  2.213988E+06  1.864761E-20 -9.360203E-24  0.000000E+00  0.000000E+00  0.000000E+00  0.000000E+00  0.000000E+00  0.000000E+00
42   5.57247151E-07 -6.748172E-01  2.018942E+06  2.696724E-20 -1.484397E-23  0.000000E+00  0.000000E+00  0.000000E+00  0.000000E+00  0.000000E+00  0.000000E+00
43   6.11081774E-07 -7.400093E-01  1.841082E+06  3.899819E-20 -2.354021E-23  0.000000E+00  0.000000E+00  0.000000E+00  0.000000E+00  0.000000E+00  0.000000E+00
44   6.70114929E-07 -8.114964E-01  1.678897E+06  5.639575E-20 -3.733038E-23  0.000000E+00  0.000000E+00  0.000000E+00  0.000000E+00  0.000000E+00  0.000000E+00
45   7.34847110E-07 -8.898845E-01  1.531008E+06  8.155331E-20 -5.919750E-23  0.000000E+00  0.000000E+00  0.000000E+00  0.000000E+00  0.000000E+00  0.000000E+00
46   8.05830929E-07 -9.758427E-01  1.396148E+06  1.179317E-19 -9.387292E-23  0.000000E+00  0.000000E+00  0.000000E+00  0.000000E+00  0.000000E+00  0.000000E+00
47   8.83666941E-07 -1.070098E+00  1.273174E+06  1.705346E-19 -1.488557E-22  0.000000E+00  0.000000E+00  0.000000E+00  0.000000E+00  0.000000E+00  0.000000E+00
48   9.69016155E-07 -1.173451E+00  1.161038E+06  2.465965E-19 -2.360370E-22  0.000000E+00  0.000000E+00  0.000000E+00  0.000000E+00  0.000000E+00  0.000000E+00
49   1.06260700E-06 -1.286782E+00  1.058780E+06  3.565778E-19 -3.742744E-22  0.000000E+00  0.000000E+00  0.000000E+00  0.000000E+00  0.000000E+00  0.000000E+00
50   1.16522956E-06 -1.411050E+00  9.655356E+05  5.156004E-19 -5.934518E-22  0.000000E+00  0.000000E+00  0.000000E+00  0.000000E+00  0.000000E+00  0.000000E+00
51   1.27775746E-06 -1.547310E+00  8.805065E+05  7.455279E-19 -9.409607E-22  0.000000E+00  0.000000E+00  0.000000E+00  0.000000E+00  0.000000E+00  0.000000E+00
52   1.40114503E-06 -1.696718E+00  8.029697E+05  1.077968E-18 -1.491921E-21  0.000000E+00  0.000000E+00  0.000000E+00  0.000000E+00  0.000000E+00  0.000000E+00
53   1.53644094E-06 -1.860542E+00  7.322640E+05  1.558614E-18 -2.365431E-21  0.000000E+00  0.000000E+00  0.000000E+00  0.000000E+00  0.000000E+00  0.000000E+00
54   1.68479088E-06 -2.040170E+00  6.677884E+05  2.253522E-18 -3.750252E-21  0.000000E+00  0.000000E+00  0.000000E+00  0.000000E+00  0.000000E+00  0.000000E+00
55   1.84745501E-06 -2.237124E+00  6.089931E+05  3.258178E-18 -5.945641E-21  0.000000E+00  0.000000E+00  0.000000E+00  0.000000E+00  0.000000E+00  0.000000E+00
56   2.02581180E-06 -2.453072E+00  5.553779E+05  4.710610E-18 -9.425894E-21  0.000000E+00  0.000000E+00  0.000000E+00  0.000000E+00  0.000000E+00  0.000000E+00
57   2.22137202E-06 -2.689841E+00  5.064864E+05  6.810332E-18 -1.494275E-20  0.000000E+00  0.000000E+00  0.000000E+00  0.000000E+00  0.000000E+00  0.000000E+00
58   2.43579621E-06 -2.949438E+00  4.619018E+05  9.845726E-18 -2.368780E-20  0.000000E+00  0.000000E+00  0.000000E+00  0.000000E+00  0.000000E+00  0.000000E+00
59   2.67089855E-06 -3.234053E+00  4.212449E+05  1.423360E-17 -3.754925E-20  0.000000E+00  0.000000E+00  0.000000E+00  0.000000E+00  0.000000E+00  0.000000E+00
60   2.92867252E-06 -3.546094E+00  3.841694E+05  2.057638E-17 -5.951974E-20  0.000000E+00  0.000000E+00  0.000000E+00  0.000000E+00  0.000000E+00  0.000000E+00
61   3.21130106E-06 -3.888196E+00  3.503596E+05  2.974469E-17 -9.434143E-20  0.000000E+00  0.000000E+00  0.000000E+00  0.000000E+00  0.000000E+00  0.000000E+00
62   3.52117680E-06 -4.263243E+00  3.195279E+05  4.299674E-17 -1.495285E-19  0.000000E+00  0.000000E+00  0.000000E+00  0.000000E+00  0.000000E+00  0.000000E+00
63   3.86092223E-06 -4.674395E+00  2.914142E+05  6.215077E-17 -2.369871E-19  0.000000E+00  0.000000E+00  0.000000E+00  0.000000E+00  0.000000E+00  0.000000E+00
64   4.23340979E-06 -5.125110E+00  2.657719E+05  8.983415E-17 -3.755794E-19  0.000000E+00  0.000000E+00  0.000000E+00  0.000000E+00  0.000000E+00  0.000000E+00
65   4.64179370E-06 -5.619180E+00  2.423902E+05  1.298433E-16 -5.951902E-19  0.000000E+00  0.000000E+00  0.000000E+00  0.000000E+00  0.000000E+00  0.000000E+00
66   5.08952445E-06 -6.160746E+00  2.210690E+05  1.876635E-16 -9.431559E-19  0.000000E+00  0.000000E+00  0.000000E+00  0.000000E+00  0.000000E+00  0.000000E+00
67   5.58038710E-06 -6.754343E+00  2.016245E+05  2.712195E-16 -1.494457E-18  0.000000E+00  0.000000E+00  0.000000E+00  0.000000E+00  0.000000E+00  0.000000E+00
68   6.11852613E-06 -7.404927E+00  1.838909E+05  3.919603E-16 -2.367840E-18  0.000000E+00  0.000000E+00  0.000000E+00  0.000000E+00  0.000000E+00  0.000000E+00
69   6.70848858E-06 -8.117920E+00  1.677201E+05  5.664244E-16 -3.751359E-18  0.000000E+00  0.000000E+00  0.000000E+00  0.000000E+00  0.000000E+00  0.000000E+00
70   7.35525341E-06 -8.899240E+00  1.529733E+05  8.185008E-16 -5.942772E-18  0.000000E+00  0.000000E+00  0.000000E+00  0.000000E+00  0.000000E+00  0.000000E+00
71   8.06427457E-06 -9.755347E+00  1.395236E+05  1.182693E-15 -9.413463E-18  0.000000E+00  0.000000E+00  0.000000E+00  0.000000E+00  0.000000E+00  0.000000E+00
72   8.84153527E-06 -1.069329E+01  1.272589E+05  1.708831E-15 -1.490963E-17  0.000000E+00  0.000000E+00  0.000000E+00  0.000000E+00  0.000000E+00  0.000000E+00
73   9.69358386E-06 -1.172075E+01  1.160742E+05  2.468870E-15 -2.361219E-17  0.000000E+00  0.000000E+00  0.000000E+00  0.000000E+00  0.000000E+00  0.000000E+00
74   1.06275978E-05 -1.284609E+01  1.058735E+05  3.566708E-15 -3.738972E-17  0.000000E+00  0.000000E+00  0.000000E+00  0.000000E+00  0.000000E+00  0.000000E+00
75   1.16514403E-05 -1.407839E+01  9.657086E+04  5.152342E-15 -5.919822E-17  0.000000E+00  0.000000E+00  0.000000E+00  0.000000E+00  0.000000E+00  0.000000E+00
76   1.27737289E-05 -1.542749E+01  8.808759E+04  7.442298E-15 -9.371276E-17  0.000000E+00  0.000000E+00  0.000000E+00  0.000000E+00  0.000000E+00  0.000000E+00
77   1.40038977E-05 -1.690408E+01  8.035094E+04  1.074909E-14 -1.483247E-16  0.000000E+00  0.000000E+00  0.000000E+00  0.000000E+00  0.000000E+00  0.000000E+00
78   1.53522870E-05 -1.851965E+01  7.329557E+04  1.552369E-14 -2.347164E-16  0.000000E+00  0.000000E+00  0.000000E+00  0.000000E+00  0.000000E+00  0.000000E+00
79   1.68302210E-05 -2.028662E+01  6.686189E+04  2.241677E-14 -3.713445E-16  0.000000E+00  0.000000E+00  0.000000E+00  0.000000E+00  0.000000E+00  0.000000E+00
80   1.84501011E-05 -2.221825E+01  6.099506E+04  3.236696E-14 -5.873544E-16  0.000000E+00  0.000000E+00  0.000000E+00  0.000000E+00  0.000000E+00  0.000000E+00
81   2.02255125E-05 -2.432870E+01  5.564554E+04  4.672789E-14 -9.287461E-16  0.000000E+00  0.000000E+00  0.000000E+00  0.000000E+00  0.000000E+00  0.000000E+00
82   2.21713326E-05 -2.663297E+01  5.076833E+04  6.745127E-14 -1.468075E-15  0.000000E+00  0.000000E+00  0.000000E+00  0.000000E+00  0.000000E+00  0.000000E+00
83   2.43038545E-05 -2.914683E+01  4.632236E+04  9.735025E-14 -2.319695E-15  0.000000E+00  0.000000E+00  0.000000E+00  0.000000E+00  0.000000E+00  0.000000E+00
84   2.66409166E-05 -3.188664E+01  4.227041E+04  1.404783E-13 -3.663683E-15  0.000000E+00  0.000000E+00  0.000000E+00  0.000000E+00  0.000000E+00  0.000000E+00
85   2.92020567E-05 -3.486920E+01  3.857886E+04  2.026738E-13 -5.783320E-15  0.000000E+00  0.000000E+00  0.000000E+00  0.000000E+00  0.000000E+00  0.000000E+00
86   3.20086582E-05 -3.811134E+01  3.521724E+04  2.923426E-13 -9.123678E-15  0.000000E+00  0.000000E+00  0.000000E+00  0.000000E+00  0.000000E+00  0.000000E+00
87   3.50841408E-05 -4.162952E+01  3.215836E+04  4.215805E-13 -1.438303E-14  0.000000E+00  0.000000E+00  0.000000E+00  0.000000E+00  0.000000E+00  0.000000E+00
88   3.84541339E-05 -4.543911E+01  2.937792E+04  6.077842E-13 -2.265494E-14  0.000000E+00  0.000000E+00  0.000000E+00  0.000000E+00  0.000000E+00  0.000000E+00
89   4.21466969E-05 -4.955347E+01  2.685450E+04  8.759571E-13 -3.564854E-14  0.000000E+00  0.000000E+00  0.000000E+00  0.000000E+00  0.000000E+00  0.000000E+00
90   4.61925374E-05 -5.398269E+01  2.456973E+04  1.262010E-12 -5.602824E-14  0.000000E+00  0.000000E+00  0.000000E+00  0.000000E+00  0.000000E+00  0.000000E+00
91   5.06252644E-05 -5.873181E+01  2.250802E+04  1.817478E-12 -8.793527E-14  0.000000E+00  0.000000E+00  0.000000E+00  0.000000E+00  0.000000E+00  0.000000E+00
92   5.54816568E-05 -6.379851E+01  2.065711E+04  2.616248E-12 -1.377826E-13  0.000000E+00  0.000000E+00  0.000000E+00  0.000000E+00  0.000000E+00  0.000000E+00
93   6.08019566E-05 -6.916990E+01  1.900835E+04  3.764145E-12 -2.154571E-13  0.000000E+00  0.000000E+00  0.000000E+00  0.000000E+00  0.000000E+00  0.000000E+00
94   6.66301905E-05 -7.481831E+01  1.755692E+04  5.412575E-12 -3.361183E-13  0.000000E+00  0.000000E+00  0.000000E+00  0.000000E+00  0.000000E+00  0.000000E+00
95   7.30145262E-05 -8.069569E+01  1.630296E+04  7.777894E-12 -5.228544E-13  0.000000E+00  0.000000E+00  0.000000E+00  0.000000E+00  0.000000E+00  0.000000E+00
96   8.00076459E-05 -8.672615E+01  1.525245E+04  1.116890E-11 -8.105343E-13  0.000000E+00  0.000000E+00  0.000000E+00  0.000000E+00  0.000000E+00  0.000000E+00
97   8.76671724E-05 -9.279635E+01  1.441828E+04  1.602583E-11 -1.251264E-12  0.000000E+00  0.000000E+00  0.000000E+00  0.000000E+00  0.000000E+00  0.000000E+00
98   9.60561177E-05 -9.874331E+01  1.382075E+04  2.297561E-11 -1.921860E-12  0.000000E+00  0.000000E+00  0.000000E+00  0.000000E+00  0.000000E+00  0.000000E+00
99   1.05243380E-04 -1.043404E+02  1.348165E+04  3.291050E-11 -2.933588E-12  0.000000E+00  0.000000E+00  0.000000E+00  0.000000E+00  0.000000E+00  0.000000E+00
100  1.15304286E-04 -1.092870E+02  1.337208E+04  4.710033E-11 -4.443977E-12  0.000000E+00  0.000000E+00  0.000000E+00  0.000000E+00  0.000000E+00  0.000000E+00
101  1.26321174E-04 -1.132234E+02  1.323612E+04  6.735197E-11 -6.669767E-12  0.000000E+00  0.000000E+00  0.000000E+00  0.000000E+00  0.000000E+00  0.000000E+00
102  1.38384038E-04 -1.158429E+02  1.257575E+04  9.623144E-11 -9.900795E-12  0.000000E+00  0.000000E+00  0.000000E+00  0.000000E+00  0.000000E+00  0.000000E+00
103  1.51591221E-04 -1.171630E+02  1.123629E+04  1.373942E-10 -1.452332E-11  0.000000E+00  0.000000E+00  0.000000E+00  0.000000E+00  0.000000E+00  0.000000E+00
104  1.66050171E-04 -1.176381E+02  9.744591E+03  1.960853E-10 -2.107577E-11  0.000000E+00  0.000000E+00  0.000000E+00  0.000000E+00  0.000000E+00  0.000000E+00
105  1.81878269E-04 -1.177587E+02  8.586747E+03  2.797636E-10 -3.034439E-11  0.000000E+00  0.000000E+00  0.000000E+00  0.000000E+00  0.000000E+00  0.000000E+00
106  1.99203718E-04 -1.177710E+02  7.729690E+03  3.990095E-10 -4.347756E-11  0.000000E+00  0.000000E+00  0.000000E+00  0.000000E+00  0.000000E+00  0.000000E+00
107  2.18166523E-04 -1.177555E+02  7.008541E+03  5.688895E-10 -6.212435E-11  0.000000E+00  0.000000E+00  0.000000E+00  0.000000E+00  0.000000E+00  0.000000E+00
108  2.38919536E-04 -1.177325E+02  6.361021E+03  8.108394E-10 -8.863268E-11  0.000000E+00  0.000000E+00  0.000000E+00  0.000000E+00  0.000000E+00  0.000000E+00
109  2.61629613E-04 -1.177063E+02  5.771850E+03  1.155324E-09 -1.263369E-10  0.000000E+00  0.000000E+00  0.000000E+00  0.000000E+00  0.000000E+00  0.000000E+00
110  2.86478853E-04 -1.176774E+02  5.234752E+03  1.645623E-09 -1.799692E-10  0.000000E+00  0.000000E+00  0.000000E+00  0.000000E+00  0.000000E+00  0.000000E+00
111  3.13665949E-04 -1.176457E+02  4.745097E+03  2.343186E-09 -2.562442E-10  0.000000E+00  0.000000E+00  0.000000E+00  0.000000E+00  0.000000E+00  0.000000E+00
112  3.43407645E-04 -1.176109E+02  4.298763E+03  3.335231E-09 -3.646863E-10  0.000000E+00  0.000000E+00  0.000000E+00  0.000000E+00  0.000000E+00  0.000000E+00
113  3.75940327E-04 -1.175729E+02  3.891988E+03  4.745472E-09 -5.187993E-10  0.000000E+00  0.000000E+00  0.000000E+00  0.000000E+00  0.000000E+00  0.000000E+00
114  4.11521736E-04 -1.175312E+02  3.521334E+03  6.749293E-09 -7.377187E-10  0.000000E+00  0.000000E+00  0.000000E+00  0.000000E+00  0.000000E+00  0.000000E+00
115  4.50432816E-04 -1.174856E+02  3.183665E+03  9.595184E-09 -1.048544E-09  0.000000E+00  0.000000E+00  0.000000E+00  0.000000E+00  0.000000E+00  0.000000E+00
116  4.92979739E-04 -1.174357E+02  2.876122E+03  1.363498E-08 -1.489629E-09  0.000000E+00  0.000000E+00  0.000000E+00  0.000000E+00  0.000000E+00  0.000000E+00
117  5.39496058E-04 -1.173812E+02  2.596096E+03  1.936652E-08 -2.115212E-09  0.000000E+00  0.000000E+00  0.000000E+00  0.000000E+00  0.000000E+00  0.000000E+00
118  5.90345054E-04 -1.173217E+02  2.341207E+03  2.749370E-08 -3.001945E-09  0.000000E+00  0.000000E+00  0.000000E+00  0.000000E+00  0.000000E+00  0.000000E+00
119  6.45922271E-04 -1.172567E+02  2.109281E+03  3.901107E-08 -4.258063E-09  0.000000E+00  0.000000E+00  0.000000E+00  0.000000E+00  0.000000E+00  0.000000E+00
120  7.06658237E-04 -1.171858E+02  1.898335E+03  5.532265E-08 -6.036267E-09  0.000000E+00  0.000000E+00  0.000000E+00  0.000000E+00  0.000000E+00  0.000000E+00
121  7.73021408E-04 -1.171085E+02  1.706558E+03  7.840893E-08 -8.551804E-09  0.000000E+00  0.000000E+00  0.000000E+00  0.000000E+00  0.000000E+00  0.000000E+00
122  8.45521327E-04 -1.170243E+02  1.532295E+03  1.110610E-07 -1.210779E-08  0.000000E+00  0.000000E+00  0.000000E+00  0.000000E+00  0.000000E+00  0.000000E+00
123  9.24712037E-04 -1.169327E+02  1.374033E+03  1.572087E-07 -1.713066E-08  0.000000E+00  0.000000E+00  0.000000E+00  0.000000E+00  0.000000E+00  0.000000E+00
124  1.01119573E-03 -1.168331E+02  1.230388E+03  2.223794E-07 -2.421968E-08  0.000000E+00  0.000000E+00  0.000000E+00  0.000000E+00  0.000000E+00  0.000000E+00
125  1.10562670E-03 -1.167249E+02  1.100094E+03  3.143399E-07 -3.421605E-08  0.000000E+00  0.000000E+00  0.000000E+00  0.000000E+00  0.000000E+00  0.000000E+00
126  1.20871555E-03 -1.166074E+02  9.819921E+02  4.439904E-07 -4.829919E-08  0.000000E+00  0.000000E+00  0.000000E+00  0.000000E+00  0.000000E+00  0.000000E+00
127  1.32123368E-03 -1.164799E+02  8.750203E+02  6.266119E-07 -6.812058E-08  0.000000E+00  0.000000E+00  0.000000E+00  0.000000E+00  0.000000E+00  0.000000E+00
128  1.44401822E-03 -1.163419E+02  7.782048E+02  8.835984E-07 -9.598960E-08  0.000000E+00  0.000000E+00  0.000000E+00  0.000000E+00  0.000000E+00  0.000000E+00
129  1.57797710E-03 -1.161924E+02  6.906523E+02  1.244864E-06 -1.351310E-07  0.000000E+00  0.000000E+00  0.000000E+00  0.000000E+00  0.000000E+00  0.000000E+00
130  1.72409469E-03 -1.160308E+02  6.115431E+02  1.752174E-06 -1.900411E-07  0.000000E+00  0.000000E+00  0.000000E+00  0.000000E+00  0.000000E+00  0.000000E+00
131  1.88343761E-03 -1.158563E+02  5.401246E+02  2.463759E-06 -2.669788E-07  0.000000E+00  0.000000E+00  0.000000E+00  0.000000E+00  0.000000E+00  0.000000E+00
132  2.05716112E-03 -1.156680E+02  4.757055E+02  3.460669E-06 -3.746420E-07  0.000000E+00  0.000000E+00  0.000000E+00  0.000000E+00  0.000000E+00  0.000000E+00
133  2.24651576E-03 -1.154650E+02  4.176510E+02  4.855532E-06 -5.250960E-07  0.000000E+00  0.000000E+00  0.000000E+00  0.000000E+00  0.000000E+00  0.000000E+00
134  2.45285451E-03 -1.152466E+02  3.653781E+02  6.804575E-06 -7.350458E-07  0.000000E+00  0.000000E+00  0.000000E+00  0.000000E+00  0.000000E+00  0.000000E+00
135  2.67764033E-03 -1.150117E+02  3.183515E+02  9.524091E-06 -1.027573E-06  0.000000E+00  0.000000E+00  0.000000E+00  0.000000E+00  0.000000E+00  0.000000E+00
136  2.92245423E-03 -1.147595E+02  2.760801E+02  1.331293E-05 -1.434500E-06  0.000000E+00  0.000000E+00  0.000000E+00  0.000000E+00  0.000000E+00  0.000000E+00
137  3.18900373E-03 -1.144889E+02  2.381137E+02  1.858312E-05 -1.999605E-06  0.000000E+00  0.000000E+00  0.000000E+00  0.000000E+00  0.000000E+00  0.000000E+00
138  3.47913183E-03 -1.141989E+02  2.040401E+02  2.590146E-05 -2.782960E-06  0.000000E+00  0.000000E+00  0.000000E+00  0.000000E+00  0.000000E+00  0.000000E+00
139  3.79482653E-03 -1.138885E+02  1.734822E+02  3.604577E-05 -3.866793E-06  0.000000E+00  0.000000E+00  0.000000E+00  0.000000E+00  0.000000E+00  0.000000E+00
140  4.13823075E-03 -1.135566E+02  1.460958E+02  5.008067E-05 -5.363342E-06  0.000000E+00  0.000000E+00  0.000000E+00  0.000000E+00  0.000000E+00  0.000000E+00
141  4.51165288E-03 -1.132020E+02  1.215670E+02  6.945947E-05 -7.425373E-06  0.000000E+00  0.000000E+00  0.000000E+00  0.000000E+00  0.000000E+00  0.000000E+00
142  4.91757775E-03 -1.128236E+02  9.961068E+01  9.616022E-05 -1.026017E-05  0.000000E+00  0.000000E+00  0.000000E+00  0.000000E+00  0.000000E+00  0.000000E+00
143  5.35867819E-03 -1.124200E+02  7.996760E+01  1.328670E-04 -1.414805E-05  0.000000E+00  0.000000E+00  0.000000E+00  0.000000E+00  0.000000E+00  0.000000E+00
144  5.83782708E-03 -1.119899E+02  6.240310E+01  1.832099E-04 -1.946682E-05  0.000000E+00  0.000000E+00  0.000000E+00  0.000000E+00  0.000000E+00  0.000000E+00
145  6.35810994E-03 -1.115319E+02  4.670515E+01  2.520814E-04 -2.672373E-05  0.000000E+00  0.000000E+00  0.000000E+00  0.000000E+00  0.000000E+00  0.000000E+00
146  6.92283800E-03 -1.110446E+02  3.268253E+01  3.460512E-04 -3.659718E-05  0.000000E+00  0.000000E+00  0.000000E+00  0.000000E+00  0.000000E+00  0.000000E+00
147  7.53556184E-03 -1.105262E+02  2.016330E+01  4.739060E-04 -4.999060E-05  0.000000E+00  0.000000E+00  0.000000E+00  0.000000E+00  0.000000E+00  0.000000E+00
148  8.20008540E-03 -1.099753E+02  8.993079E+00  6.473488E-04 -6.810170E-05  0.000000E+00  0.000000E+00  0.000000E+00  0.000000E+00  0.000000E+00  0.000000E+00
149  8.92048061E-03 -1.093900E+02 -9.663864E-01  8.818971E-04 -9.251074E-05  0.000000E+00  0.000000E+00  0.000000E+00  0.000000E+00  0.000000E+00  0.000000E+00
150  9.70110233E-03 -1.087687E+02 -9.838580E+00  1.198029E-03 -1.252921E-04  0.000000E+00  0.000000E+00  0.000000E+00  0.000000E+00  0.000000E+00  0.000000E+00
151  1.05466038E-02 -1.081096E+02 -1.773372E+01  1.622629E-03 -1.691537E-04  0.000000E+00  0.000000E+00  0.000000E+00  0.000000E+00  0.000000E+00  0.000000E+00
152  1.14619522E-02 -1.074110E+02 -2.474997E+01  2.190810E-03 -2.276106E-04  0.000000E+00  0.000000E+00  0.000000E+00  0.000000E+00  0.000000E+00  0.000000E+00
153  1.24524453E-02 -1.066710E+02 -3.097470E+01  2.948155E-03 -3.051964E-04  0.000000E+00  0.000000E+00  0.000000E+00  0.000000E+00  0.000000E+00  0.000000E+00
154  1.35237272E-02 -1.058881E+02 -3.648562E+01  3.953488E-03 -4.077202E-04  0.000000E+00  0.000000E+00  0.000000E+00  0.000000E+00  0.000000E+00  0.000000E+00
155  1.46818055E-02 -1.050604E+02 -4.135184E+01  5.282213E-03 -5.425724E-04  0.000000E+00  0.000000E+00  0.000000E+00  0.000000E+00  0.000000E+00  0.000000E+00
156  1.59330676E-02 -1.041864E+02 -4.563479E+01  7.030311E-03 -7.190833E-04  0.000000E+00  0.000000E+00  0.000000E+00  0.000000E+00  0.000000E+00  0.000000E+00
157  1.72842982E-02 -1.032646E+02 -4.938914E+01  9.319040E-03 -9.489368E-04  0.000000E+00  0.000000E+00  0.000000E+00  0.000000E+00  0.000000E+00  0.000000E+00
158  1.87426958E-02 -1.022936E+02 -5.266346E+01  1.230035E-02 -1.246636E-03  0.000000E+00  0.000000E+00  0.000000E+00  0.000000E+00  0.000000E+00  0.000000E+00
159  2.03158900E-02 -1.012724E+02 -5.550101E+01  1.616300E-02 -1.630012E-03  0.000000E+00  0.000000E+00  0.000000E+00  0.000000E+00  0.000000E+00  0.000000E+00
160  2.20119577E-02 -1.002001E+02 -5.794035E+01  2.113929E-02 -2.120767E-03  0.000000E+00  0.000000E+00  0.000000E+00  0.000000E+00  0.000000E+00  0.000000E+00
161  2.38394405E-02 -9.907613E+01 -6.001594E+01  2.751220E-02 -2.745025E-03  0.000000E+00  0.000000E+00  0.000000E+00  0.000000E+00  0.000000E+00  0.000000E+00
162  2.58073603E-02 -9.790002E+01 -6.175857E+01  3.562268E-02 -3.533849E-03  0.000000E+00  0.000000E+00  0.000000E+00  0.000000E+00  0.000000E+00  0.000000E+00
163  2.79252358E-02 -9.667147E+01 -6.319572E+01  4.587659E-02 -4.523694E-03  0.000000E+00  0.000000E+00  0.000000E+00  0.000000E+00  0.000000E+00  0.000000E+00
164  3.02030972E-02 -9.539015E+01 -6.435195E+01  5.875075E-02 -5.756709E-03  0.000000E+00  0.000000E+00  0.000000E+00  0.000000E+00  0.000000E+00  0.000000E+00
165  3.26515018E-02 -9.405570E+01 -6.524908E+01  7.479719E-02 -7.280830E-03  0.000000E+00  0.000000E+00  0.000000E+00  0.000000E+00  0.000000E+00  0.000000E+00
166  3.52815476E-02 -9.266759E+01 -6.590653E+01  9.464470E-02 -9.149548E-03  0.000000E+00  0.000000E+00  0.000000E+00  0.000000E+00  0.000000E+00  0.000000E+00
167  3.81048870E-02 -9.122534E+01 -6.634158E+01  1.189965E-01 -1.142126E-02  0.000000E+00  0.000000E+00  0.000000E+00  0.000000E+00  0.000000E+00  0.000000E+00
168  4.11337389E-02 -8.972850E+01 -6.656972E+01  1.486226E-01 -1.415811E-02  0.000000E+00  0.000000E+00  0.000000E+00  0.000000E+00  0.000000E+00  0.000000E+00
169  4.43809006E-02 -8.817692E+01 -6.660503E+01  1.843457E-01 -1.742419E-02  0.000000E+00  0.000000E+00  0.000000E+00  0.000000E+00  0.000000E+00  0.000000E+00
170  4.78597577E-02 -8.657087E+01 -6.646049E+01  2.270194E-01 -2.128301E-02  0.000000E+00  0.000000E+00  0.000000E+00  0.000000E+00  0.000000E+00  0.000000E+00
171  5.15842936E-02 -8.491107E+01 -6.614825E+01  2.774970E-01 -2.579433E-02  0.000000E+00  0.000000E+00  0.000000E+00  0.000000E+00  0.000000E+00  0.000000E+00
172  5.55690974E-02 -8.319883E+01 -6.567995E+01  3.365911E-01 -3.101013E-02  0.000000E+00  0.000000E+00  0.000000E+00  0.000000E+00  0.000000E+00  0.000000E+00
173  5.98293704E-02 -8.143607E+01 -6.506680E+01  4.050234E-01 -3.697004E-02  0.000000E+00  0.000000E+00  0.000000E+00  0.000000E+00  0.000000E+00  0.000000E+00
174  6.43809311E-02 -7.962579E+01 -6.432014E+01  4.833656E-01 -4.369626E-02  0.000000E+00  0.000000E+00  0.000000E+00  0.000000E+00  0.000000E+00  0.000000E+00
175  6.92402193E-02 -7.777170E+01 -6.345121E+01  5.719733E-01 -5.118832E-02  0.000000E+00  0.000000E+00  0.000000E+00  0.000000E+00  0.000000E+00  0.000000E+00
176  7.44242976E-02 -7.587873E+01 -6.247164E+01  6.709149E-01 -5.941805E-02  0.000000E+00  0.000000E+00  0.000000E+00  0.000000E+00  0.000000E+00  0.000000E+00
177  7.99508523E-02 -7.395222E+01 -6.139277E+01  7.799005E-01 -6.832512E-02  0.000000E+00  0.000000E+00  0.000000E+00  0.000000E+00  0.000000E+00  0.000000E+00
178  8.58381920E-02 -7.199754E+01 -6.022541E+01  8.982157E-01 -7.781338E-02  0.000000E+00  0.000000E+00  0.000000E+00  0.000000E+00  0.000000E+00  0.000000E+00
179  9.21052452E-02 -7.001946E+01 -5.897923E+01  1.024665E+00 -8.774858E-02  0.000000E+00  0.000000E+00  0.000000E+00  0.000000E+00  0.000000E+00  0.000000E+00
180  9.87715551E-02 -6.802176E+01 -5.766248E+01  1.157536E+00 -9.795767E-02  0.000000E+00  0.000000E+00  0.000000E+00  0.000000E+00  0.000000E+00  0.000000E+00
181  1.05857274E-01 -6.600685E+01 -5.628163E+01  1.294587E+00 -1.082301E-01  0.000000E+00  0.000000E+00  0.000000E+00  0.000000E+00  0.000000E+00  0.000000E+00
182  1.13383155E-01 -6.397696E+01 -5.484259E+01  1.433068E+00 -1.183221E-01  0.000000E+00  0.000000E+00  0.000000E+00  0.000000E+00  0.000000E+00  0.000000E+00
183  1.21370544E-01 -6.193361E+01 -5.335024E+01  1.569781E+00 -1.279636E-01  0.000000E+00  0.000000E+00  0.000000E+00  0.000000E+00  0.000000E+00  0.000000E+00
184  1.29841364E-01 -5.987948E+01 -5.181025E+01  1.701184E+00 -1.368689E-01  0.000000E+00  0.000000E+00  0.000000E+00  0.000000E+00  0.000000E+00  0.000000E+00
185  1.38818110E-01 -5.781785E+01 -5.022866E+01  1.823525E+00 -1.447501E-01  0.000000E+00  0.000000E+00  0.000000E+00  0.000000E+00  0.000000E+00  0.000000E+00
186  1.48323826E-01 -5.575307E+01 -4.861237E+01  1.933016E+00 -1.513323E-01  0.000000E+00  0.000000E+00  0.000000E+00  0.000000E+00  0.000000E+00  0.000000E+00
187  1.58382097E-01 -5.369084E+01 -4.696941E+01  2.026026E+00 -1.563704E-01  0.000000E+00  0.000000E+00  0.000000E+00  0.000000E+00  0.000000E+00  0.000000E+00
188  1.69017026E-01 -5.163824E+01 -4.530901E+01  2.099280E+00 -1.596647E-01  0.000000E+00  0.000000E+00  0.000000E+00  0.000000E+00  0.000000E+00  0.000000E+00
189  1.80253219E-01 -4.960393E+01 -4.364177E+01  2.150052E+00 -1.610754E-01  0.000000E+00  0.000000E+00  0.000000E+00  0.000000E+00  0.000000E+00  0.000000E+00
190  1.92115765E-01 -4.759761E+01 -4.197912E+01  2.176322E+00 -1.605330E-01  0.000000E+00  0.000000E+00  0.000000E+00  0.000000E+00  0.000000E+00  0.000000E+00
191  2.04630212E-01 -4.562845E+01 -4.033185E+01  2.176903E+00 -1.580434E-01  0.000000E+00  0.000000E+00  0.000000E+00  0.000000E+00  0.000000E+00  0.000000E+00
192  2.17822550E-01 -4.370406E+01 -3.870903E+01  2.151504E+00 -1.538259E-01  0.000000E+00  0.000000E+00  0.000000E+00  0.000000E+00  0.000000E+00  0.000000E+00
193  2.31719184E-01 -4.182919E+01 -3.711675E+01  2.100757E+00 -1.478986E-01  0.000000E+00  0.000000E+00  0.000000E+00  0.000000E+00  0.000000E+00  0.000000E+00
194  2.46346913E-01 -4.000514E+01 -3.555756E+01  2.026176E+00 -1.404617E-01  0.000000E+00  0.000000E+00  0.000000E+00  0.000000E+00  0.000000E+00  0.000000E+00
195  2.61732907E-01 -3.823045E+01 -3.403119E+01  1.930093E+00 -1.317588E-01  0.000000E+00  0.000000E+00  0.000000E+00  0.000000E+00  0.000000E+00  0.000000E+00
196  2.77904675E-01 -3.650161E+01 -3.253519E+01  1.815533E+00 -1.220626E-01  0.000000E+00  0.000000E+00  0.000000E+00  0.000000E+00  0.000000E+00  0.000000E+00
197  2.94890051E-01 -3.481465E+01 -3.106660E+01  1.686074E+00 -1.116626E-01  0.000000E+00  0.000000E+00  0.000000E+00  0.000000E+00  0.000000E+00  0.000000E+00
198  3.12717157E-01 -3.316634E+01 -2.962314E+01  1.545664E+00 -1.008516E-01  0.000000E+00  0.000000E+00  0.000000E+00  0.000000E+00  0.000000E+00  0.000000E+00
199  3.31414384E-01 -3.155444E+01 -2.820343E+01  1.398429E+00 -8.991452E-02  0.000000E+00  0.000000E+00  0.000000E+00  0.000000E+00  0.000000E+00  0.000000E+00
200  3.51010366E-01 -2.997793E+01 -2.680726E+01  1.248461E+00 -7.911644E-02  0.000000E+00  0.000000E+00  0.000000E+00  0.000000E+00  0.000000E+00  0.000000E+00
201  3.71533949E-01 -2.843674E+01 -2.543537E+01  1.099629E+00 -6.869291E-02  0.000000E+00  0.000000E+00  0.000000E+00  0.000000E+00  0.000000E+00  0.000000E+00
202  3.93014171E-01 -2.693212E+01 -2.408971E+01  9.554044E-01 -5.884189E-02  0.000000E+00  0.000000E+00  0.000000E+00  0.000000E+00  0.000000E+00  0.000000E+00
203  4.15480230E-01 -2.546627E+01 -2.277318E+01  8.187276E-01 -4.971848E-02  0.000000E+00  0.000000E+00  0.000000E+00  0.000000E+00  0.000000E+00  0.000000E+00
204  4.38961464E-01 -2.404336E+01 -2.149058E+01  6.919138E-01 -4.143254E-02  0.000000E+00  0.000000E+00  0.000000E+00  0.000000E+00  0.000000E+00  0.000000E+00
205  4.63487323E-01 -2.266791E+01 -2.024701E+01  5.766102E-01 -3.404909E-02  0.000000E+00  0.000000E+00  0.000000E+00  0.000000E+00  0.000000E+00  0.000000E+00
206  4.89087345E-01 -2.134472E+01 -1.904781E+01  4.737997E-01 -2.759110E-02  0.000000E+00  0.000000E+00  0.000000E+00  0.000000E+00  0.000000E+00  0.000000E+00
207  5.15791130E-01 -2.007782E+01 -1.789753E+01  3.838471E-01 -2.204461E-02  0.000000E+00  0.000000E+00  0.000000E+00  0.000000E+00  0.000000E+00  0.000000E+00
208  5.43628318E-01 -1.887000E+01 -1.679942E+01  3.065804E-01 -1.736534E-02  0.000000E+00  0.000000E+00  0.000000E+00  0.000000E+00  0.000000E+00  0.000000E+00
209  5.72628568E-01 -1.772253E+01 -1.575520E+01  2.413930E-01 -1.348633E-02  0.000000E+00  0.000000E+00  0.000000E+00  0.000000E+00  0.000000E+00  0.000000E+00
210  6.02821529E-01 -1.663538E+01 -1.476526E+01  1.873566E-01 -1.032563E-02  0.000000E+00  0.000000E+00  0.000000E+00  0.000000E+00  0.000000E+00  0.000000E+00
211  6.34236825E-01 -1.560742E+01 -1.382884E+01  1.433322E-01 -7.793487E-03  0.000000E+00  0.000000E+00  0.000000E+00  0.000000E+00  0.000000E+00  0.000000E+00
212  6.66904031E-01 -1.463651E+01 -1.294415E+01  1.080717E-01 -5.798498E-03  0.000000E+00  0.000000E+00  0.000000E+00  0.000000E+00  0.000000E+00  0.000000E+00
213  7.00852653E-01 -1.372026E+01 -1.210916E+01  8.030291E-02 -4.252438E-03  0.000000E+00  0.000000E+00  0.000000E+00  0.000000E+00  0.000000E+00  0.000000E+00
214  7.36112110E-01 -1.285595E+01 -1.132144E+01  5.879708E-02 -3.073715E-03  0.000000E+00  0.000000E+00  0.000000E+00  0.000000E+00  0.000000E+00  0.000000E+00
215  7.72711714E-01 -1.204076E+01 -1.057849E+01  4.241651E-02 -2.189528E-03  0.000000E+00  0.000000E+00  0.000000E+00  0.000000E+00  0.000000E+00  0.000000E+00
216  8.10680651E-01 -1.127205E+01 -9.877906E+00  3.014495E-02 -1.536920E-03  0.000000E+00  0.000000E+00  0.000000E+00  0.000000E+00  0.000000E+00  0.000000E+00
217  8.50047970E-01 -1.054730E+01 -9.217457E+00  2.110266E-02 -1.062952E-03  0.000000E+00  0.000000E+00  0.000000E+00  0.000000E+00  0.000000E+00  0.000000E+00
218  8.90842562E-01 -9.864217E+00 -8.595072E+00  1.454931E-02 -7.242356E-04  0.000000E+00  0.000000E+00  0.000000E+00  0.000000E+00  0.000000E+00  0.000000E+00
219  9.33093144E-01 -9.220693E+00 -8.008877E+00  9.877955E-03 -4.860599E-04  0.000000E+00  0.000000E+00  0.000000E+00  0.000000E+00  0.000000E+00  0.000000E+00
220  9.76828251E-01 -8.614829E+00 -7.457181E+00  6.603077E-03 -3.212765E-04  0.000000E+00  0.000000E+00  0.000000E+00  0.000000E+00  0.000000E+00  0.000000E+00
221  1.02207622E+00 -8.044892E+00 -6.938446E+00  4.345236E-03 -2.091129E-04  0.000000E+00  0.000000E+00  0.000000E+00  0.000000E+00  0.000000E+00  0.000000E+00
222  1.06886517E+00 -7.509271E+00 -6.451244E+00  2.814489E-03 -1.340067E-04  0.000000E+00  0.000000E+00  0.000000E+00  0.000000E+00  0.000000E+00  0.000000E+00
223  1.11722300E+00 -7.006486E+00 -5.994267E+00  1.794053E-03 -8.453653E-05  0.000000E+00  0.000000E+00  0.000000E+00  0.000000E+00  0.000000E+00  0.000000E+00
224  1.16717739E+00 -6.535066E+00 -5.566203E+00  1.125250E-03 -5.248829E-05  0.000000E+00  0.000000E+00  0.000000E+00  0.000000E+00  0.000000E+00  0.000000E+00
225  1.21875575E+00 -6.093613E+00 -5.165804E+00  6.943343E-04 -3.207052E-05  0.000000E+00  0.000000E+00  0.000000E+00  0.000000E+00  0.000000E+00  0.000000E+00
226  1.27198527E+00 -5.680716E+00 -4.791799E+00  4.214248E-04 -1.927966E-05  0.000000E+00  0.000000E+00  0.000000E+00  0.000000E+00  0.000000E+00  0.000000E+00
227  1.32689285E+00 -5.294978E+00 -4.442921E+00  2.515525E-04 -1.140158E-05  0.000000E+00  0.000000E+00  0.000000E+00  0.000000E+00  0.000000E+00  0.000000E+00
228  1.38350513E+00 -4.934994E+00 -4.117888E+00  1.476447E-04 -6.631698E-06  0.000000E+00  0.000000E+00  0.000000E+00  0.000000E+00  0.000000E+00  0.000000E+00
229  1.44184850E+00 -4.599369E+00 -3.815418E+00  8.519432E-05 -3.793131E-06  0.000000E+00  0.000000E+00  0.000000E+00  0.000000E+00  0.000000E+00  0.000000E+00
230  1.50194903E+00 -4.286716E+00 -3.534230E+00  4.832017E-05 -2.133060E-06  0.000000E+00  0.000000E+00  0.000000E+00  0.000000E+00  0.000000E+00  0.000000E+00
231  1.56383253E+00 -3.995667E+00 -3.273057E+00  2.693343E-05 -1.179118E-06  0.000000E+00  0.000000E+00  0.000000E+00  0.000000E+00  0.000000E+00  0.000000E+00
232  1.62752451E+00 -3.724884E+00 -3.030654E+00  1.475094E-05 -6.405844E-07  0.000000E+00  0.000000E+00  0.000000E+00  0.000000E+00  0.000000E+00  0.000000E+00
233  1.69305019E+00 -3.473068E+00 -2.805809E+00  7.936535E-06 -3.419596E-07  0.000000E+00  0.000000E+00  0.000000E+00  0.000000E+00  0.000000E+00  0.000000E+00
234  1.76043448E+00 -3.238968E+00 -2.597352E+00  4.194142E-06 -1.793354E-07  0.000000E+00  0.000000E+00  0.000000E+00  0.000000E+00  0.000000E+00  0.000000E+00
235  1.82970201E+00 -3.021387E+00 -2.404162E+00  2.176573E-06 -9.237672E-08  0.000000E+00  0.000000E+00  0.000000E+00  0.000000E+00  0.000000E+00  0.000000E+00
236  1.90087709E+00 -2.819185E+00 -2.225172E+00  1.109015E-06 -4.672784E-08  0.000000E+00  0.000000E+00  0.000000E+00  0.000000E+00  0.000000E+00  0.000000E+00
237  1.97398371E+00 -2.631287E+00 -2.059373E+00  5.546916E-07 -2.320685E-08  0.000000E+00  0.000000E+00  0.000000E+00  0.000000E+00  0.000000E+00  0.000000E+00
238  2.04904559E+00 -2.456681E+00 -1.905816E+00  2.722895E-07 -1.131342E-08  0.000000E+00  0.000000E+00  0.000000E+00  0.000000E+00  0.000000E+00  0.000000E+00
239  2.12608610E+00 -2.294422E+00 -1.763613E+00  1.311567E-07 -5.412756E-09  0.000000E+00  0.000000E+00  0.000000E+00  0.000000E+00  0.000000E+00  0.000000E+00
240  2.20512832E+00 -2.143627E+00 -1.631938E+00  6.197909E-08 -2.540963E-09  0.000000E+00  0.000000E+00  0.000000E+00  0.000000E+00  0.000000E+00  0.000000E+00
241  2.28619503E+00 -2.003476E+00 -1.510024E+00  2.872827E-08 -1.170152E-09  0.000000E+00  0.000000E+00  0.000000E+00  0.000000E+00  0.000000E+00  0.000000E+00
242  2.36930869E+00 -1.873213E+00 -1.397159E+00  1.305865E-08 -5.285162E-10  0.000000E+00  0.000000E+00  0.000000E+00  0.000000E+00  0.000000E+00  0.000000E+00
243  2.45449143E+00 -1.752135E+00 -1.292690E+00  5.820043E-09 -2.340745E-10  0.000000E+00  0.000000E+00  0.000000E+00  0.000000E+00  0.000000E+00  0.000000E+00
244  2.54176512E+00 -1.639600E+00 -1.196017E+00  2.542783E-09 -1.016334E-10  0.000000E+00  0.000000E+00  0.000000E+00  0.000000E+00  0.000000E+00  0.000000E+00
245  2.63115127E+00 -1.538712E+00 -1.110283E+00  1.088849E-09 -4.325263E-11  0.000000E+00  0.000000E+00  0.000000E+00  0.000000E+00  0.000000E+00  0.000000E+00
246  2.72267111E+00 -1.451882E+00 -1.037933E+00  4.569044E-10 -1.898905E-11  0.000000E+00  0.000000E+00  0.000000E+00  0.000000E+00  0.000000E+00  0.000000E+00
247  2.81634557E+00 -1.377482E+00 -9.773781E-01  1.878475E-10 -5.025766E-12  0.000000E+00  0.000000E+00  0.000000E+00  0.000000E+00  0.000000E+00  0.000000E+00
