#      n =  5
#  kappa =  1
# energy = -8.83631276E+02
#zenergy =  0.00000000E+00
#     dn =  4.87604779E+00
# qrnorm =  1.00156430E+00
#SelfEne =  2.72113860E+32
#     vc = -5.61587253E+03
#     vr = -6.72250010E+03
#  ilast =  255
#    ifm =    0
#    cfm =  0.00000000E+00
#    xfm =  0.00000000E+00
#    rfn =  2.79252358E-02
#    pdx =  1.99449260E+00
#   bqp0 =  2.84476765E+04
#   bqp1 =  0.00000000E+00
#    idx = 17
# LEPTON = 0
#   MASS =  1.00000000E+00
# CHARGE =  1.00000000E+00
#  EUNIT =  2.72113860E+01
#  RUNIT =  4.13413733E+16
#  LUNIT =  5.29177211E-01
#    AMU =  1.82288849E+03
#    FSC =  7.29735257E-03


0    1.15648609E-08 -1.400493E-02  9.727812E+07  2.642075E-10  7.506723E-06  0.000000E+00  0.000000E+00  0.000000E+00  0.000000E+00  0.000000E+00  0.000000E+00
1    1.26829149E-08 -1.535888E-02  8.870266E+07  3.176009E-10  8.232545E-06  0.000000E+00  0.000000E+00  0.000000E+00  0.000000E+00  0.000000E+00  0.000000E+00
2    1.39090347E-08 -1.684370E-02  8.088330E+07  3.818306E-10  9.028442E-06  0.000000E+00  0.000000E+00  0.000000E+00  0.000000E+00  0.000000E+00  0.000000E+00
3    1.52536895E-08 -1.847206E-02  7.375324E+07  4.590922E-10  9.901222E-06  0.000000E+00  0.000000E+00  0.000000E+00  0.000000E+00  0.000000E+00  0.000000E+00
4    1.67283387E-08 -2.025785E-02  6.725171E+07  5.520257E-10  1.085844E-05  0.000000E+00  0.000000E+00  0.000000E+00  0.000000E+00  0.000000E+00  0.000000E+00
5    1.83455176E-08 -2.221623E-02  6.132341E+07  6.638060E-10  1.190820E-05  0.000000E+00  0.000000E+00  0.000000E+00  0.000000E+00  0.000000E+00  0.000000E+00
6    2.01190340E-08 -2.436395E-02  5.591770E+07  7.982524E-10  1.305934E-05  0.000000E+00  0.000000E+00  0.000000E+00  0.000000E+00  0.000000E+00  0.000000E+00
7    2.20640016E-08 -2.671928E-02  5.098851E+07  9.599581E-10  1.432184E-05  0.000000E+00  0.000000E+00  0.000000E+00  0.000000E+00  0.000000E+00  0.000000E+00
8    2.41969530E-08 -2.930226E-02  4.649391E+07  1.154446E-09  1.570637E-05  0.000000E+00  0.000000E+00  0.000000E+00  0.000000E+00  0.000000E+00  0.000000E+00
9    2.65360992E-08 -3.213495E-02  4.239551E+07  1.388361E-09  1.722475E-05  0.000000E+00  0.000000E+00  0.000000E+00  0.000000E+00  0.000000E+00  0.000000E+00
10   2.91013226E-08 -3.524140E-02  3.865845E+07  1.669690E-09  1.888977E-05  0.000000E+00  0.000000E+00  0.000000E+00  0.000000E+00  0.000000E+00  0.000000E+00
11   3.19145796E-08 -3.864823E-02  3.525074E+07  2.008046E-09  2.071583E-05  0.000000E+00  0.000000E+00  0.000000E+00  0.000000E+00  0.000000E+00  0.000000E+00
12   3.49996755E-08 -4.238425E-02  3.214353E+07  2.414981E-09  2.271857E-05  0.000000E+00  0.000000E+00  0.000000E+00  0.000000E+00  0.000000E+00  0.000000E+00
13   3.83829993E-08 -4.648142E-02  2.931021E+07  2.904395E-09  2.491455E-05  0.000000E+00  0.000000E+00  0.000000E+00  0.000000E+00  0.000000E+00  0.000000E+00
14   4.20933798E-08 -5.097465E-02  2.672663E+07  3.493003E-09  2.732296E-05  0.000000E+00  0.000000E+00  0.000000E+00  0.000000E+00  0.000000E+00  0.000000E+00
15   4.61623525E-08 -5.590214E-02  2.437083E+07  4.200904E-09  2.996415E-05  0.000000E+00  0.000000E+00  0.000000E+00  0.000000E+00  0.000000E+00  0.000000E+00
16   5.06246539E-08 -6.130594E-02  2.222268E+07  5.052276E-09  3.286056E-05  0.000000E+00  0.000000E+00  0.000000E+00  0.000000E+00  0.000000E+00  0.000000E+00
17   5.55182089E-08 -6.723198E-02  2.026392E+07  6.076187E-09  3.603717E-05  0.000000E+00  0.000000E+00  0.000000E+00  0.000000E+00  0.000000E+00  0.000000E+00
18   6.08846860E-08 -7.373073E-02  1.847783E+07  7.307601E-09  3.952055E-05  0.000000E+00  0.000000E+00  0.000000E+00  0.000000E+00  0.000000E+00  0.000000E+00
19   6.67698952E-08 -8.085766E-02  1.684918E+07  8.788571E-09  4.334055E-05  0.000000E+00  0.000000E+00  0.000000E+00  0.000000E+00  0.000000E+00  0.000000E+00
20   7.32238506E-08 -8.867333E-02  1.536410E+07  1.056966E-08  4.753006E-05  0.000000E+00  0.000000E+00  0.000000E+00  0.000000E+00  0.000000E+00  0.000000E+00
21   8.03015034E-08 -9.724429E-02  1.400994E+07  1.271168E-08  5.212413E-05  0.000000E+00  0.000000E+00  0.000000E+00  0.000000E+00  0.000000E+00  0.000000E+00
22   8.80632663E-08 -1.066437E-01  1.277514E+07  1.528777E-08  5.716211E-05  0.000000E+00  0.000000E+00  0.000000E+00  0.000000E+00  0.000000E+00  0.000000E+00
23   9.65750958E-08 -1.169514E-01  1.164919E+07  1.838587E-08  6.268733E-05  0.000000E+00  0.000000E+00  0.000000E+00  0.000000E+00  0.000000E+00  0.000000E+00
24   1.05909459E-07 -1.282553E-01  1.062249E+07  2.211175E-08  6.874651E-05  0.000000E+00  0.000000E+00  0.000000E+00  0.000000E+00  0.000000E+00  0.000000E+00
25   1.16145823E-07 -1.406514E-01  9.686299E+06  2.659261E-08  7.539070E-05  0.000000E+00  0.000000E+00  0.000000E+00  0.000000E+00  0.000000E+00  0.000000E+00
26   1.27371553E-07 -1.542456E-01  8.832617E+06  3.198142E-08  8.267740E-05  0.000000E+00  0.000000E+00  0.000000E+00  0.000000E+00  0.000000E+00  0.000000E+00
27   1.39681787E-07 -1.691532E-01  8.054202E+06  3.846209E-08  9.066828E-05  0.000000E+00  0.000000E+00  0.000000E+00  0.000000E+00  0.000000E+00  0.000000E+00
28   1.53181782E-07 -1.855015E-01  7.344388E+06  4.625587E-08  9.943042E-05  0.000000E+00  0.000000E+00  0.000000E+00  0.000000E+00  0.000000E+00  0.000000E+00
29   1.67986236E-07 -2.034295E-01  6.697142E+06  5.562877E-08  1.090406E-04  0.000000E+00  0.000000E+00  0.000000E+00  0.000000E+00  0.000000E+00  0.000000E+00
30   1.84220845E-07 -2.230894E-01  6.106958E+06  6.690062E-08  1.195786E-04  0.000000E+00  0.000000E+00  0.000000E+00  0.000000E+00  0.000000E+00  0.000000E+00
31   2.02024407E-07 -2.446493E-01  5.568784E+06  8.045621E-08  1.311345E-04  0.000000E+00  0.000000E+00  0.000000E+00  0.000000E+00  0.000000E+00  0.000000E+00
32   2.21547779E-07 -2.682919E-01  5.078054E+06  9.675802E-08  1.438080E-04  0.000000E+00  0.000000E+00  0.000000E+00  0.000000E+00  0.000000E+00  0.000000E+00
33   2.42957441E-07 -2.942187E-01  4.630577E+06  1.163624E-07  1.577047E-04  0.000000E+00  0.000000E+00  0.000000E+00  0.000000E+00  0.000000E+00  0.000000E+00
34   2.66435600E-07 -3.226504E-01  4.222538E+06  1.399383E-07  1.729438E-04  0.000000E+00  0.000000E+00  0.000000E+00  0.000000E+00  0.000000E+00  0.000000E+00
35   2.92182060E-07 -3.538290E-01  3.850463E+06  1.682901E-07  1.896560E-04  0.000000E+00  0.000000E+00  0.000000E+00  0.000000E+00  0.000000E+00  0.000000E+00
36   3.20415362E-07 -3.880191E-01  3.511186E+06  2.023849E-07  2.079826E-04  0.000000E+00  0.000000E+00  0.000000E+00  0.000000E+00  0.000000E+00  0.000000E+00
37   3.51376213E-07 -4.255122E-01  3.201809E+06  2.433861E-07  2.280792E-04  0.000000E+00  0.000000E+00  0.000000E+00  0.000000E+00  0.000000E+00  0.000000E+00
38   3.85327385E-07 -4.666264E-01  2.919703E+06  2.926920E-07  2.501170E-04  0.000000E+00  0.000000E+00  0.000000E+00  0.000000E+00  0.000000E+00  0.000000E+00
39   4.22558300E-07 -5.117123E-01  2.662457E+06  3.519847E-07  2.742829E-04  0.000000E+00  0.000000E+00  0.000000E+00  0.000000E+00  0.000000E+00  0.000000E+00
40   4.63384910E-07 -5.611524E-01  2.427885E+06  4.232861E-07  3.007844E-04  0.000000E+00  0.000000E+00  0.000000E+00  0.000000E+00  0.000000E+00  0.000000E+00
41   5.08154326E-07 -6.153671E-01  2.213988E+06  5.090278E-07  3.298454E-04  0.000000E+00  0.000000E+00  0.000000E+00  0.000000E+00  0.000000E+00  0.000000E+00
42   5.57247151E-07 -6.748172E-01  2.018942E+06  6.121334E-07  3.617105E-04  0.000000E+00  0.000000E+00  0.000000E+00  0.000000E+00  0.000000E+00  0.000000E+00
43   6.11081774E-07 -7.400093E-01  1.841082E+06  7.361191E-07  3.966517E-04  0.000000E+00  0.000000E+00  0.000000E+00  0.000000E+00  0.000000E+00  0.000000E+00
44   6.70114929E-07 -8.114964E-01  1.678897E+06  8.852114E-07  4.349720E-04  0.000000E+00  0.000000E+00  0.000000E+00  0.000000E+00  0.000000E+00  0.000000E+00
45   7.34847110E-07 -8.898845E-01  1.531008E+06  1.064492E-06  4.769889E-04  0.000000E+00  0.000000E+00  0.000000E+00  0.000000E+00  0.000000E+00  0.000000E+00
46   8.05830929E-07 -9.758427E-01  1.396148E+06  1.280073E-06  5.230608E-04  0.000000E+00  0.000000E+00  0.000000E+00  0.000000E+00  0.000000E+00  0.000000E+00
47   8.83666941E-07 -1.070098E+00  1.273174E+06  1.539299E-06  5.735883E-04  0.000000E+00  0.000000E+00  0.000000E+00  0.000000E+00  0.000000E+00  0.000000E+00
48   9.69016155E-07 -1.173451E+00  1.161038E+06  1.851004E-06  6.289843E-04  0.000000E+00  0.000000E+00  0.000000E+00  0.000000E+00  0.000000E+00  0.000000E+00
49   1.06260700E-06 -1.286782E+00  1.058780E+06  2.225811E-06  6.897290E-04  0.000000E+00  0.000000E+00  0.000000E+00  0.000000E+00  0.000000E+00  0.000000E+00
50   1.16522956E-06 -1.411050E+00  9.655356E+05  2.676484E-06  7.563433E-04  0.000000E+00  0.000000E+00  0.000000E+00  0.000000E+00  0.000000E+00  0.000000E+00
51   1.27775746E-06 -1.547310E+00  8.805065E+05  3.218374E-06  8.293807E-04  0.000000E+00  0.000000E+00  0.000000E+00  0.000000E+00  0.000000E+00  0.000000E+00
52   1.40114503E-06 -1.696718E+00  8.029697E+05  3.869934E-06  9.094650E-04  0.000000E+00  0.000000E+00  0.000000E+00  0.000000E+00  0.000000E+00  0.000000E+00
53   1.53644094E-06 -1.860542E+00  7.322640E+05  4.653351E-06  9.972771E-04  0.000000E+00  0.000000E+00  0.000000E+00  0.000000E+00  0.000000E+00  0.000000E+00
54   1.68479088E-06 -2.040170E+00  6.677884E+05  5.595289E-06  1.093563E-03  0.000000E+00  0.000000E+00  0.000000E+00  0.000000E+00  0.000000E+00  0.000000E+00
55   1.84745501E-06 -2.237124E+00  6.089931E+05  6.727808E-06  1.199132E-03  0.000000E+00  0.000000E+00  0.000000E+00  0.000000E+00  0.000000E+00  0.000000E+00
56   2.02581180E-06 -2.453072E+00  5.553779E+05  8.089443E-06  1.314890E-03  0.000000E+00  0.000000E+00  0.000000E+00  0.000000E+00  0.000000E+00  0.000000E+00
57   2.22137202E-06 -2.689841E+00  5.064864E+05  9.726508E-06  1.441806E-03  0.000000E+00  0.000000E+00  0.000000E+00  0.000000E+00  0.000000E+00  0.000000E+00
58   2.43579621E-06 -2.949438E+00  4.619018E+05  1.169468E-05  1.580958E-03  0.000000E+00  0.000000E+00  0.000000E+00  0.000000E+00  0.000000E+00  0.000000E+00
59   2.67089855E-06 -3.234053E+00  4.212449E+05  1.406087E-05  1.733526E-03  0.000000E+00  0.000000E+00  0.000000E+00  0.000000E+00  0.000000E+00  0.000000E+00
60   2.92867252E-06 -3.546094E+00  3.841694E+05  1.690550E-05  1.900793E-03  0.000000E+00  0.000000E+00  0.000000E+00  0.000000E+00  0.000000E+00  0.000000E+00
61   3.21130106E-06 -3.888196E+00  3.503596E+05  2.032522E-05  2.084177E-03  0.000000E+00  0.000000E+00  0.000000E+00  0.000000E+00  0.000000E+00  0.000000E+00
62   3.52117680E-06 -4.263243E+00  3.195279E+05  2.443615E-05  2.285225E-03  0.000000E+00  0.000000E+00  0.000000E+00  0.000000E+00  0.000000E+00  0.000000E+00
63   3.86092223E-06 -4.674395E+00  2.914142E+05  2.937785E-05  2.505638E-03  0.000000E+00  0.000000E+00  0.000000E+00  0.000000E+00  0.000000E+00  0.000000E+00
64   4.23340979E-06 -5.125110E+00  2.657719E+05  3.531797E-05  2.747263E-03  0.000000E+00  0.000000E+00  0.000000E+00  0.000000E+00  0.000000E+00  0.000000E+00
65   4.64179370E-06 -5.619180E+00  2.423902E+05  4.245794E-05  3.012132E-03  0.000000E+00  0.000000E+00  0.000000E+00  0.000000E+00  0.000000E+00  0.000000E+00
66   5.08952445E-06 -6.160746E+00  2.210690E+05  5.103973E-05  3.302478E-03  0.000000E+00  0.000000E+00  0.000000E+00  0.000000E+00  0.000000E+00  0.000000E+00
67   5.58038710E-06 -6.754343E+00  2.016245E+05  6.135394E-05  3.620735E-03  0.000000E+00  0.000000E+00  0.000000E+00  0.000000E+00  0.000000E+00  0.000000E+00
68   6.11852613E-06 -7.404927E+00  1.838909E+05  7.374957E-05  3.969564E-03  0.000000E+00  0.000000E+00  0.000000E+00  0.000000E+00  0.000000E+00  0.000000E+00
69   6.70848858E-06 -8.117920E+00  1.677201E+05  8.864563E-05  4.351871E-03  0.000000E+00  0.000000E+00  0.000000E+00  0.000000E+00  0.000000E+00  0.000000E+00
70   7.35525341E-06 -8.899240E+00  1.529733E+05  1.065452E-04  4.770857E-03  0.000000E+00  0.000000E+00  0.000000E+00  0.000000E+00  0.000000E+00  0.000000E+00
71   8.06427457E-06 -9.755347E+00  1.395236E+05  1.280518E-04  5.229986E-03  0.000000E+00  0.000000E+00  0.000000E+00  0.000000E+00  0.000000E+00  0.000000E+00
72   8.84153527E-06 -1.069329E+01  1.272589E+05  1.538898E-04  5.733052E-03  0.000000E+00  0.000000E+00  0.000000E+00  0.000000E+00  0.000000E+00  0.000000E+00
73   9.69358386E-06 -1.172075E+01  1.160742E+05  1.849280E-04  6.284214E-03  0.000000E+00  0.000000E+00  0.000000E+00  0.000000E+00  0.000000E+00  0.000000E+00
74   1.06275978E-05 -1.284609E+01  1.058735E+05  2.222078E-04  6.887975E-03  0.000000E+00  0.000000E+00  0.000000E+00  0.000000E+00  0.000000E+00  0.000000E+00
75   1.16514403E-05 -1.407839E+01  9.657086E+04  2.669772E-04  7.549242E-03  0.000000E+00  0.000000E+00  0.000000E+00  0.000000E+00  0.000000E+00  0.000000E+00
76   1.27737289E-05 -1.542749E+01  8.808759E+04  3.207310E-04  8.273363E-03  0.000000E+00  0.000000E+00  0.000000E+00  0.000000E+00  0.000000E+00  0.000000E+00
77   1.40038977E-05 -1.690408E+01  8.035094E+04  3.852584E-04  9.066136E-03  0.000000E+00  0.000000E+00  0.000000E+00  0.000000E+00  0.000000E+00  0.000000E+00
78   1.53522870E-05 -1.851965E+01  7.329557E+04  4.626987E-04  9.933825E-03  0.000000E+00  0.000000E+00  0.000000E+00  0.000000E+00  0.000000E+00  0.000000E+00
79   1.68302210E-05 -2.028662E+01  6.686189E+04  5.556083E-04  1.088322E-02  0.000000E+00  0.000000E+00  0.000000E+00  0.000000E+00  0.000000E+00  0.000000E+00
80   1.84501011E-05 -2.221825E+01  6.099506E+04  6.670380E-04  1.192163E-02  0.000000E+00  0.000000E+00  0.000000E+00  0.000000E+00  0.000000E+00  0.000000E+00
81   2.02255125E-05 -2.432870E+01  5.564554E+04  8.006237E-04  1.305688E-02  0.000000E+00  0.000000E+00  0.000000E+00  0.000000E+00  0.000000E+00  0.000000E+00
82   2.21713326E-05 -2.663297E+01  5.076833E+04  9.606914E-04  1.429734E-02  0.000000E+00  0.000000E+00  0.000000E+00  0.000000E+00  0.000000E+00  0.000000E+00
83   2.43038545E-05 -2.914683E+01  4.632236E+04  1.152379E-03  1.565192E-02  0.000000E+00  0.000000E+00  0.000000E+00  0.000000E+00  0.000000E+00  0.000000E+00
84   2.66409166E-05 -3.188664E+01  4.227041E+04  1.381771E-03  1.712999E-02  0.000000E+00  0.000000E+00  0.000000E+00  0.000000E+00  0.000000E+00  0.000000E+00
85   2.92020567E-05 -3.486920E+01  3.857886E+04  1.656057E-03  1.874137E-02  0.000000E+00  0.000000E+00  0.000000E+00  0.000000E+00  0.000000E+00  0.000000E+00
86   3.20086582E-05 -3.811134E+01  3.521724E+04  1.983700E-03  2.049621E-02  0.000000E+00  0.000000E+00  0.000000E+00  0.000000E+00  0.000000E+00  0.000000E+00
87   3.50841408E-05 -4.162952E+01  3.215836E+04  2.374616E-03  2.240487E-02  0.000000E+00  0.000000E+00  0.000000E+00  0.000000E+00  0.000000E+00  0.000000E+00
88   3.84541339E-05 -4.543911E+01  2.937792E+04  2.840368E-03  2.447771E-02  0.000000E+00  0.000000E+00  0.000000E+00  0.000000E+00  0.000000E+00  0.000000E+00
89   4.21466969E-05 -4.955347E+01  2.685450E+04  3.394348E-03  2.672484E-02  0.000000E+00  0.000000E+00  0.000000E+00  0.000000E+00  0.000000E+00  0.000000E+00
90   4.61925374E-05 -5.398269E+01  2.456973E+04  4.051941E-03  2.915577E-02  0.000000E+00  0.000000E+00  0.000000E+00  0.000000E+00  0.000000E+00  0.000000E+00
91   5.06252644E-05 -5.873181E+01  2.250802E+04  4.830642E-03  3.177900E-02  0.000000E+00  0.000000E+00  0.000000E+00  0.000000E+00  0.000000E+00  0.000000E+00
92   5.54816568E-05 -6.379851E+01  2.065711E+04  5.750086E-03  3.460144E-02  0.000000E+00  0.000000E+00  0.000000E+00  0.000000E+00  0.000000E+00  0.000000E+00
93   6.08019566E-05 -6.916990E+01  1.900835E+04  6.831939E-03  3.762782E-02  0.000000E+00  0.000000E+00  0.000000E+00  0.000000E+00  0.000000E+00  0.000000E+00
94   6.66301905E-05 -7.481831E+01  1.755692E+04  8.099566E-03  4.085997E-02  0.000000E+00  0.000000E+00  0.000000E+00  0.000000E+00  0.000000E+00  0.000000E+00
95   7.30145262E-05 -8.069569E+01  1.630296E+04  9.577390E-03  4.429607E-02  0.000000E+00  0.000000E+00  0.000000E+00  0.000000E+00  0.000000E+00  0.000000E+00
96   8.00076459E-05 -8.672615E+01  1.525245E+04  1.128979E-02  4.793003E-02  0.000000E+00  0.000000E+00  0.000000E+00  0.000000E+00  0.000000E+00  0.000000E+00
97   8.76671724E-05 -9.279635E+01  1.441828E+04  1.325938E-02  5.175111E-02  0.000000E+00  0.000000E+00  0.000000E+00  0.000000E+00  0.000000E+00  0.000000E+00
98   9.60561177E-05 -9.874331E+01  1.382075E+04  1.550452E-02  5.574440E-02  0.000000E+00  0.000000E+00  0.000000E+00  0.000000E+00  0.000000E+00  0.000000E+00
99   1.05243380E-04 -1.043404E+02  1.348165E+04  1.803581E-02  5.989302E-02  0.000000E+00  0.000000E+00  0.000000E+00  0.000000E+00  0.000000E+00  0.000000E+00
100  1.15304286E-04 -1.092870E+02  1.337208E+04  2.085174E-02  6.417917E-02  0.000000E+00  0.000000E+00  0.000000E+00  0.000000E+00  0.000000E+00  0.000000E+00
101  1.26321174E-04 -1.132234E+02  1.323612E+04  2.393317E-02  6.856977E-02  0.000000E+00  0.000000E+00  0.000000E+00  0.000000E+00  0.000000E+00  0.000000E+00
102  1.38384038E-04 -1.158429E+02  1.257575E+04  2.723849E-02  7.304228E-02  0.000000E+00  0.000000E+00  0.000000E+00  0.000000E+00  0.000000E+00  0.000000E+00
103  1.51591221E-04 -1.171630E+02  1.123629E+04  3.071338E-02  7.766011E-02  0.000000E+00  0.000000E+00  0.000000E+00  0.000000E+00  0.000000E+00  0.000000E+00
104  1.66050171E-04 -1.176381E+02  9.744591E+03  3.431849E-02  8.245905E-02  0.000000E+00  0.000000E+00  0.000000E+00  0.000000E+00  0.000000E+00  0.000000E+00
105  1.81878269E-04 -1.177587E+02  8.586747E+03  3.803422E-02  8.737747E-02  0.000000E+00  0.000000E+00  0.000000E+00  0.000000E+00  0.000000E+00  0.000000E+00
106  1.99203718E-04 -1.177710E+02  7.729690E+03  4.185554E-02  9.241573E-02  0.000000E+00  0.000000E+00  0.000000E+00  0.000000E+00  0.000000E+00  0.000000E+00
107  2.18166523E-04 -1.177555E+02  7.008541E+03  4.578905E-02  9.761891E-02  0.000000E+00  0.000000E+00  0.000000E+00  0.000000E+00  0.000000E+00  0.000000E+00
108  2.38919536E-04 -1.177325E+02  6.361021E+03  4.984588E-02  1.029969E-01  0.000000E+00  0.000000E+00  0.000000E+00  0.000000E+00  0.000000E+00  0.000000E+00
109  2.61629613E-04 -1.177063E+02  5.771850E+03  5.403819E-02  1.085494E-01  0.000000E+00  0.000000E+00  0.000000E+00  0.000000E+00  0.000000E+00  0.000000E+00
110  2.86478853E-04 -1.176774E+02  5.234752E+03  5.837881E-02  1.142788E-01  0.000000E+00  0.000000E+00  0.000000E+00  0.000000E+00  0.000000E+00  0.000000E+00
111  3.13665949E-04 -1.176457E+02  4.745097E+03  6.288128E-02  1.201884E-01  0.000000E+00  0.000000E+00  0.000000E+00  0.000000E+00  0.000000E+00  0.000000E+00
112  3.43407645E-04 -1.176109E+02  4.298763E+03  6.755998E-02  1.262813E-01  0.000000E+00  0.000000E+00  0.000000E+00  0.000000E+00  0.000000E+00  0.000000E+00
113  3.75940327E-04 -1.175729E+02  3.891988E+03  7.243029E-02  1.325598E-01  0.000000E+00  0.000000E+00  0.000000E+00  0.000000E+00  0.000000E+00  0.000000E+00
114  4.11521736E-04 -1.175312E+02  3.521334E+03  7.750861E-02  1.390250E-01  0.000000E+00  0.000000E+00  0.000000E+00  0.000000E+00  0.000000E+00  0.000000E+00
115  4.50432816E-04 -1.174856E+02  3.183665E+03  8.281249E-02  1.456770E-01  0.000000E+00  0.000000E+00  0.000000E+00  0.000000E+00  0.000000E+00  0.000000E+00
116  4.92979739E-04 -1.174357E+02  2.876122E+03  8.836077E-02  1.525142E-01  0.000000E+00  0.000000E+00  0.000000E+00  0.000000E+00  0.000000E+00  0.000000E+00
117  5.39496058E-04 -1.173812E+02  2.596096E+03  9.417361E-02  1.595335E-01  0.000000E+00  0.000000E+00  0.000000E+00  0.000000E+00  0.000000E+00  0.000000E+00
118  5.90345054E-04 -1.173217E+02  2.341207E+03  1.002727E-01  1.667299E-01  0.000000E+00  0.000000E+00  0.000000E+00  0.000000E+00  0.000000E+00  0.000000E+00
119  6.45922271E-04 -1.172567E+02  2.109281E+03  1.066812E-01  1.740963E-01  0.000000E+00  0.000000E+00  0.000000E+00  0.000000E+00  0.000000E+00  0.000000E+00
120  7.06658237E-04 -1.171858E+02  1.898335E+03  1.134242E-01  1.816228E-01  0.000000E+00  0.000000E+00  0.000000E+00  0.000000E+00  0.000000E+00  0.000000E+00
121  7.73021408E-04 -1.171085E+02  1.706558E+03  1.205283E-01  1.892972E-01  0.000000E+00  0.000000E+00  0.000000E+00  0.000000E+00  0.000000E+00  0.000000E+00
122  8.45521327E-04 -1.170243E+02  1.532295E+03  1.280221E-01  1.971035E-01  0.000000E+00  0.000000E+00  0.000000E+00  0.000000E+00  0.000000E+00  0.000000E+00
123  9.24712037E-04 -1.169327E+02  1.374033E+03  1.359362E-01  2.050226E-01  0.000000E+00  0.000000E+00  0.000000E+00  0.000000E+00  0.000000E+00  0.000000E+00
124  1.01119573E-03 -1.168331E+02  1.230388E+03  1.443031E-01  2.130311E-01  0.000000E+00  0.000000E+00  0.000000E+00  0.000000E+00  0.000000E+00  0.000000E+00
125  1.10562670E-03 -1.167249E+02  1.100094E+03  1.531573E-01  2.211011E-01  0.000000E+00  0.000000E+00  0.000000E+00  0.000000E+00  0.000000E+00  0.000000E+00
126  1.20871555E-03 -1.166074E+02  9.819921E+02  1.625352E-01  2.291999E-01  0.000000E+00  0.000000E+00  0.000000E+00  0.000000E+00  0.000000E+00  0.000000E+00
127  1.32123368E-03 -1.164799E+02  8.750203E+02  1.724750E-01  2.372892E-01  0.000000E+00  0.000000E+00  0.000000E+00  0.000000E+00  0.000000E+00  0.000000E+00
128  1.44401822E-03 -1.163419E+02  7.782048E+02  1.830166E-01  2.453244E-01  0.000000E+00  0.000000E+00  0.000000E+00  0.000000E+00  0.000000E+00  0.000000E+00
129  1.57797710E-03 -1.161924E+02  6.906523E+02  1.942010E-01  2.532547E-01  0.000000E+00  0.000000E+00  0.000000E+00  0.000000E+00  0.000000E+00  0.000000E+00
130  1.72409469E-03 -1.160308E+02  6.115431E+02  2.060700E-01  2.610218E-01  0.000000E+00  0.000000E+00  0.000000E+00  0.000000E+00  0.000000E+00  0.000000E+00
131  1.88343761E-03 -1.158563E+02  5.401246E+02  2.186657E-01  2.685599E-01  0.000000E+00  0.000000E+00  0.000000E+00  0.000000E+00  0.000000E+00  0.000000E+00
132  2.05716112E-03 -1.156680E+02  4.757055E+02  2.320292E-01  2.757948E-01  0.000000E+00  0.000000E+00  0.000000E+00  0.000000E+00  0.000000E+00  0.000000E+00
133  2.24651576E-03 -1.154650E+02  4.176510E+02  2.462000E-01  2.826439E-01  0.000000E+00  0.000000E+00  0.000000E+00  0.000000E+00  0.000000E+00  0.000000E+00
134  2.45285451E-03 -1.152466E+02  3.653781E+02  2.612140E-01  2.890151E-01  0.000000E+00  0.000000E+00  0.000000E+00  0.000000E+00  0.000000E+00  0.000000E+00
135  2.67764033E-03 -1.150117E+02  3.183515E+02  2.771020E-01  2.948075E-01  0.000000E+00  0.000000E+00  0.000000E+00  0.000000E+00  0.000000E+00  0.000000E+00
136  2.92245423E-03 -1.147595E+02  2.760801E+02  2.938875E-01  2.999103E-01  0.000000E+00  0.000000E+00  0.000000E+00  0.000000E+00  0.000000E+00  0.000000E+00
137  3.18900373E-03 -1.144889E+02  2.381137E+02  3.115835E-01  3.042037E-01  0.000000E+00  0.000000E+00  0.000000E+00  0.000000E+00  0.000000E+00  0.000000E+00
138  3.47913183E-03 -1.141989E+02  2.040401E+02  3.301895E-01  3.075588E-01  0.000000E+00  0.000000E+00  0.000000E+00  0.000000E+00  0.000000E+00  0.000000E+00
139  3.79482653E-03 -1.138885E+02  1.734822E+02  3.496873E-01  3.098385E-01  0.000000E+00  0.000000E+00  0.000000E+00  0.000000E+00  0.000000E+00  0.000000E+00
140  4.13823075E-03 -1.135566E+02  1.460958E+02  3.700364E-01  3.108982E-01  0.000000E+00  0.000000E+00  0.000000E+00  0.000000E+00  0.000000E+00  0.000000E+00
141  4.51165288E-03 -1.132020E+02  1.215670E+02  3.911683E-01  3.105878E-01  0.000000E+00  0.000000E+00  0.000000E+00  0.000000E+00  0.000000E+00  0.000000E+00
142  4.91757775E-03 -1.128236E+02  9.961068E+01  4.129805E-01  3.087536E-01  0.000000E+00  0.000000E+00  0.000000E+00  0.000000E+00  0.000000E+00  0.000000E+00
143  5.35867819E-03 -1.124200E+02  7.996760E+01  4.353292E-01  3.052406E-01  0.000000E+00  0.000000E+00  0.000000E+00  0.000000E+00  0.000000E+00  0.000000E+00
144  5.83782708E-03 -1.119899E+02  6.240310E+01  4.580215E-01  2.998967E-01  0.000000E+00  0.000000E+00  0.000000E+00  0.000000E+00  0.000000E+00  0.000000E+00
145  6.35810994E-03 -1.115319E+02  4.670515E+01  4.808073E-01  2.925760E-01  0.000000E+00  0.000000E+00  0.000000E+00  0.000000E+00  0.000000E+00  0.000000E+00
146  6.92283800E-03 -1.110446E+02  3.268253E+01  5.033704E-01  2.831442E-01  0.000000E+00  0.000000E+00  0.000000E+00  0.000000E+00  0.000000E+00  0.000000E+00
147  7.53556184E-03 -1.105262E+02  2.016330E+01  5.253196E-01  2.714844E-01  0.000000E+00  0.000000E+00  0.000000E+00  0.000000E+00  0.000000E+00  0.000000E+00
148  8.20008540E-03 -1.099753E+02  8.993079E+00  5.461803E-01  2.575038E-01  0.000000E+00  0.000000E+00  0.000000E+00  0.000000E+00  0.000000E+00  0.000000E+00
149  8.92048061E-03 -1.093900E+02 -9.663864E-01  5.653869E-01  2.411406E-01  0.000000E+00  0.000000E+00  0.000000E+00  0.000000E+00  0.000000E+00  0.000000E+00
150  9.70110233E-03 -1.087687E+02 -9.838580E+00  5.822771E-01  2.223727E-01  0.000000E+00  0.000000E+00  0.000000E+00  0.000000E+00  0.000000E+00  0.000000E+00
151  1.05466038E-02 -1.081096E+02 -1.773372E+01  5.960888E-01  2.012262E-01  0.000000E+00  0.000000E+00  0.000000E+00  0.000000E+00  0.000000E+00  0.000000E+00
152  1.14619522E-02 -1.074110E+02 -2.474997E+01  6.059608E-01  1.777841E-01  0.000000E+00  0.000000E+00  0.000000E+00  0.000000E+00  0.000000E+00  0.000000E+00
153  1.24524453E-02 -1.066710E+02 -3.097470E+01  6.109390E-01  1.521943E-01  0.000000E+00  0.000000E+00  0.000000E+00  0.000000E+00  0.000000E+00  0.000000E+00
154  1.35237272E-02 -1.058881E+02 -3.648562E+01  6.099884E-01  1.246780E-01  0.000000E+00  0.000000E+00  0.000000E+00  0.000000E+00  0.000000E+00  0.000000E+00
155  1.46818055E-02 -1.050604E+02 -4.135184E+01  6.020144E-01  9.553663E-02  0.000000E+00  0.000000E+00  0.000000E+00  0.000000E+00  0.000000E+00  0.000000E+00
156  1.59330676E-02 -1.041864E+02 -4.563479E+01  5.858935E-01  6.515600E-02  0.000000E+00  0.000000E+00  0.000000E+00  0.000000E+00  0.000000E+00  0.000000E+00
157  1.72842982E-02 -1.032646E+02 -4.938914E+01  5.605151E-01  3.400873E-02  0.000000E+00  0.000000E+00  0.000000E+00  0.000000E+00  0.000000E+00  0.000000E+00
158  1.87426958E-02 -1.022936E+02 -5.266346E+01  5.248356E-01  2.652580E-03  0.000000E+00  0.000000E+00  0.000000E+00  0.000000E+00  0.000000E+00  0.000000E+00
159  2.03158900E-02 -1.012724E+02 -5.550101E+01  4.779462E-01 -2.827537E-02  0.000000E+00  0.000000E+00  0.000000E+00  0.000000E+00  0.000000E+00  0.000000E+00
160  2.20119577E-02 -1.002001E+02 -5.794035E+01  4.191523E-01 -5.806971E-02  0.000000E+00  0.000000E+00  0.000000E+00  0.000000E+00  0.000000E+00  0.000000E+00
161  2.38394405E-02 -9.907613E+01 -6.001594E+01  3.480648E-01 -8.597331E-02  0.000000E+00  0.000000E+00  0.000000E+00  0.000000E+00  0.000000E+00  0.000000E+00
162  2.58073603E-02 -9.790002E+01 -6.175857E+01  2.646994E-01 -1.112000E-01  0.000000E+00  0.000000E+00  0.000000E+00  0.000000E+00  0.000000E+00  0.000000E+00
163  2.79252358E-02 -9.667147E+01 -6.319572E+01  1.695798E-01 -1.329632E-01  0.000000E+00  0.000000E+00  0.000000E+00  0.000000E+00  0.000000E+00  0.000000E+00
164  3.02030972E-02 -9.539015E+01 -6.435195E+01  6.383820E-02 -1.505107E-01  0.000000E+00  0.000000E+00  0.000000E+00  0.000000E+00  0.000000E+00  0.000000E+00
165  3.26515018E-02 -9.405570E+01 -6.524908E+01 -5.069573E-02 -1.631629E-01  0.000000E+00  0.000000E+00  0.000000E+00  0.000000E+00  0.000000E+00  0.000000E+00
166  3.52815476E-02 -9.266759E+01 -6.590653E+01 -1.714272E-01 -1.703563E-01  0.000000E+00  0.000000E+00  0.000000E+00  0.000000E+00  0.000000E+00  0.000000E+00
167  3.81048870E-02 -9.122534E+01 -6.634158E+01 -2.949629E-01 -1.716855E-01  0.000000E+00  0.000000E+00  0.000000E+00  0.000000E+00  0.000000E+00  0.000000E+00
168  4.11337389E-02 -8.972850E+01 -6.656972E+01 -4.171232E-01 -1.669456E-01  0.000000E+00  0.000000E+00  0.000000E+00  0.000000E+00  0.000000E+00  0.000000E+00
169  4.43809006E-02 -8.817692E+01 -6.660503E+01 -5.330143E-01 -1.561677E-01  0.000000E+00  0.000000E+00  0.000000E+00  0.000000E+00  0.000000E+00  0.000000E+00
170  4.78597577E-02 -8.657087E+01 -6.646049E+01 -6.371691E-01 -1.396458E-01  0.000000E+00  0.000000E+00  0.000000E+00  0.000000E+00  0.000000E+00  0.000000E+00
171  5.15842936E-02 -8.491107E+01 -6.614825E+01 -7.237638E-01 -1.179514E-01  0.000000E+00  0.000000E+00  0.000000E+00  0.000000E+00  0.000000E+00  0.000000E+00
172  5.55690974E-02 -8.319883E+01 -6.567995E+01 -7.869131E-01 -9.193057E-02  0.000000E+00  0.000000E+00  0.000000E+00  0.000000E+00  0.000000E+00  0.000000E+00
173  5.98293704E-02 -8.143607E+01 -6.506680E+01 -8.210353E-01 -6.268347E-02  0.000000E+00  0.000000E+00  0.000000E+00  0.000000E+00  0.000000E+00  0.000000E+00
174  6.43809311E-02 -7.962579E+01 -6.432014E+01 -8.212748E-01 -3.152314E-02  0.000000E+00  0.000000E+00  0.000000E+00  0.000000E+00  0.000000E+00  0.000000E+00
175  6.92402193E-02 -7.777170E+01 -6.345121E+01 -7.839554E-01  8.514935E-05  0.000000E+00  0.000000E+00  0.000000E+00  0.000000E+00  0.000000E+00  0.000000E+00
176  7.44242976E-02 -7.587873E+01 -6.247164E+01 -7.070328E-01  3.060157E-02  0.000000E+00  0.000000E+00  0.000000E+00  0.000000E+00  0.000000E+00  0.000000E+00
177  7.99508523E-02 -7.395222E+01 -6.139277E+01 -5.905033E-01  5.850194E-02  0.000000E+00  0.000000E+00  0.000000E+00  0.000000E+00  0.000000E+00  0.000000E+00
178  8.58381920E-02 -7.199754E+01 -6.022541E+01 -4.367257E-01  8.237386E-02  0.000000E+00  0.000000E+00  0.000000E+00  0.000000E+00  0.000000E+00  0.000000E+00
179  9.21052452E-02 -7.001946E+01 -5.897923E+01 -2.506101E-01  1.010117E-01  0.000000E+00  0.000000E+00  0.000000E+00  0.000000E+00  0.000000E+00  0.000000E+00
180  9.87715551E-02 -6.802176E+01 -5.766248E+01 -3.963397E-02  1.135024E-01  0.000000E+00  0.000000E+00  0.000000E+00  0.000000E+00  0.000000E+00  0.000000E+00
181  1.05857274E-01 -6.600685E+01 -5.628163E+01  1.863460E-01  1.192944E-01  0.000000E+00  0.000000E+00  0.000000E+00  0.000000E+00  0.000000E+00  0.000000E+00
182  1.13383155E-01 -6.397696E+01 -5.484259E+01  4.155016E-01  1.182429E-01  0.000000E+00  0.000000E+00  0.000000E+00  0.000000E+00  0.000000E+00  0.000000E+00
183  1.21370544E-01 -6.193361E+01 -5.335024E+01  6.346553E-01  1.106260E-01  0.000000E+00  0.000000E+00  0.000000E+00  0.000000E+00  0.000000E+00  0.000000E+00
184  1.29841364E-01 -5.987948E+01 -5.181025E+01  8.300904E-01  9.712712E-02  0.000000E+00  0.000000E+00  0.000000E+00  0.000000E+00  0.000000E+00  0.000000E+00
185  1.38818110E-01 -5.781785E+01 -5.022866E+01  9.884921E-01  7.878524E-02  0.000000E+00  0.000000E+00  0.000000E+00  0.000000E+00  0.000000E+00  0.000000E+00
186  1.48323826E-01 -5.575307E+01 -4.861237E+01  1.097947E+00  5.691425E-02  0.000000E+00  0.000000E+00  0.000000E+00  0.000000E+00  0.000000E+00  0.000000E+00
187  1.58382097E-01 -5.369084E+01 -4.696941E+01  1.148905E+00  3.299992E-02  0.000000E+00  0.000000E+00  0.000000E+00  0.000000E+00  0.000000E+00  0.000000E+00
188  1.69017026E-01 -5.163824E+01 -4.530901E+01  1.135012E+00  8.583459E-03  0.000000E+00  0.000000E+00  0.000000E+00  0.000000E+00  0.000000E+00  0.000000E+00
189  1.80253219E-01 -4.960393E+01 -4.364177E+01  1.053722E+00 -1.485639E-02  0.000000E+00  0.000000E+00  0.000000E+00  0.000000E+00  0.000000E+00  0.000000E+00
190  1.92115765E-01 -4.759761E+01 -4.197912E+01  9.066091E-01 -3.601067E-02  0.000000E+00  0.000000E+00  0.000000E+00  0.000000E+00  0.000000E+00  0.000000E+00
191  2.04630212E-01 -4.562845E+01 -4.033185E+01  6.993596E-01 -5.382612E-02  0.000000E+00  0.000000E+00  0.000000E+00  0.000000E+00  0.000000E+00  0.000000E+00
192  2.17822550E-01 -4.370406E+01 -3.870903E+01  4.414207E-01 -6.756235E-02  0.000000E+00  0.000000E+00  0.000000E+00  0.000000E+00  0.000000E+00  0.000000E+00
193  2.31719184E-01 -4.182919E+01 -3.711675E+01  1.453533E-01 -7.681781E-02  0.000000E+00  0.000000E+00  0.000000E+00  0.000000E+00  0.000000E+00  0.000000E+00
194  2.46346913E-01 -4.000514E+01 -3.555756E+01 -1.740578E-01 -8.152570E-02  0.000000E+00  0.000000E+00  0.000000E+00  0.000000E+00  0.000000E+00  0.000000E+00
195  2.61732907E-01 -3.823045E+01 -3.403119E+01 -5.008538E-01 -8.192419E-02  0.000000E+00  0.000000E+00  0.000000E+00  0.000000E+00  0.000000E+00  0.000000E+00
196  2.77904675E-01 -3.650161E+01 -3.253519E+01 -8.190244E-01 -7.850647E-02  0.000000E+00  0.000000E+00  0.000000E+00  0.000000E+00  0.000000E+00  0.000000E+00
197  2.94890051E-01 -3.481465E+01 -3.106660E+01 -1.113608E+00 -7.195650E-02  0.000000E+00  0.000000E+00  0.000000E+00  0.000000E+00  0.000000E+00  0.000000E+00
198  3.12717157E-01 -3.316634E+01 -2.962314E+01 -1.371673E+00 -6.307638E-02  0.000000E+00  0.000000E+00  0.000000E+00  0.000000E+00  0.000000E+00  0.000000E+00
199  3.31414384E-01 -3.155444E+01 -2.820343E+01 -1.583107E+00 -5.271212E-02  0.000000E+00  0.000000E+00  0.000000E+00  0.000000E+00  0.000000E+00  0.000000E+00
200  3.51010366E-01 -2.997793E+01 -2.680726E+01 -1.741133E+00 -4.168420E-02  0.000000E+00  0.000000E+00  0.000000E+00  0.000000E+00  0.000000E+00  0.000000E+00
201  3.71533949E-01 -2.843674E+01 -2.543537E+01 -1.842532E+00 -3.072923E-02  0.000000E+00  0.000000E+00  0.000000E+00  0.000000E+00  0.000000E+00  0.000000E+00
202  3.93014171E-01 -2.693212E+01 -2.408971E+01 -1.887570E+00 -2.045652E-02  0.000000E+00  0.000000E+00  0.000000E+00  0.000000E+00  0.000000E+00  0.000000E+00
203  4.15480230E-01 -2.546627E+01 -2.277318E+01 -1.879640E+00 -1.132198E-02  0.000000E+00  0.000000E+00  0.000000E+00  0.000000E+00  0.000000E+00  0.000000E+00
204  4.38961464E-01 -2.404336E+01 -2.149058E+01 -1.824696E+00 -3.619179E-03  0.000000E+00  0.000000E+00  0.000000E+00  0.000000E+00  0.000000E+00  0.000000E+00
205  4.63487323E-01 -2.266791E+01 -2.024701E+01 -1.730540E+00  2.513765E-03  0.000000E+00  0.000000E+00  0.000000E+00  0.000000E+00  0.000000E+00  0.000000E+00
206  4.89087345E-01 -2.134472E+01 -1.904781E+01 -1.606046E+00  7.074198E-03  0.000000E+00  0.000000E+00  0.000000E+00  0.000000E+00  0.000000E+00  0.000000E+00
207  5.15791130E-01 -2.007782E+01 -1.789753E+01 -1.460409E+00  1.016653E-02  0.000000E+00  0.000000E+00  0.000000E+00  0.000000E+00  0.000000E+00  0.000000E+00
208  5.43628318E-01 -1.887000E+01 -1.679942E+01 -1.302488E+00  1.196991E-02  0.000000E+00  0.000000E+00  0.000000E+00  0.000000E+00  0.000000E+00  0.000000E+00
209  5.72628568E-01 -1.772253E+01 -1.575520E+01 -1.140280E+00  1.270642E-02  0.000000E+00  0.000000E+00  0.000000E+00  0.000000E+00  0.000000E+00  0.000000E+00
210  6.02821529E-01 -1.663538E+01 -1.476526E+01 -9.805663E-01  1.261316E-02  0.000000E+00  0.000000E+00  0.000000E+00  0.000000E+00  0.000000E+00  0.000000E+00
211  6.34236825E-01 -1.560742E+01 -1.382884E+01 -8.287167E-01  1.192015E-02  0.000000E+00  0.000000E+00  0.000000E+00  0.000000E+00  0.000000E+00  0.000000E+00
212  6.66904031E-01 -1.463651E+01 -1.294415E+01 -6.886377E-01  1.083464E-02  0.000000E+00  0.000000E+00  0.000000E+00  0.000000E+00  0.000000E+00  0.000000E+00
213  7.00852653E-01 -1.372026E+01 -1.210916E+01 -5.628431E-01  9.531799E-03  0.000000E+00  0.000000E+00  0.000000E+00  0.000000E+00  0.000000E+00  0.000000E+00
214  7.36112110E-01 -1.285595E+01 -1.132144E+01 -4.526080E-01  8.150652E-03  0.000000E+00  0.000000E+00  0.000000E+00  0.000000E+00  0.000000E+00  0.000000E+00
215  7.72711714E-01 -1.204076E+01 -1.057849E+01 -3.581764E-01  6.794262E-03  0.000000E+00  0.000000E+00  0.000000E+00  0.000000E+00  0.000000E+00  0.000000E+00
216  8.10680651E-01 -1.127205E+01 -9.877906E+00 -2.789926E-01  5.532810E-03  0.000000E+00  0.000000E+00  0.000000E+00  0.000000E+00  0.000000E+00  0.000000E+00
217  8.50047970E-01 -1.054730E+01 -9.217457E+00 -2.139304E-01  4.408453E-03  0.000000E+00  0.000000E+00  0.000000E+00  0.000000E+00  0.000000E+00  0.000000E+00
218  8.90842562E-01 -9.864217E+00 -8.595072E+00 -1.615048E-01  3.440979E-03  0.000000E+00  0.000000E+00  0.000000E+00  0.000000E+00  0.000000E+00  0.000000E+00
219  9.33093144E-01 -9.220693E+00 -8.008877E+00 -1.200515E-01  2.633493E-03  0.000000E+00  0.000000E+00  0.000000E+00  0.000000E+00  0.000000E+00  0.000000E+00
220  9.76828251E-01 -8.614829E+00 -7.457181E+00 -8.787073E-02  1.977644E-03  0.000000E+00  0.000000E+00  0.000000E+00  0.000000E+00  0.000000E+00  0.000000E+00
221  1.02207622E+00 -8.044892E+00 -6.938446E+00 -6.333327E-02  1.458058E-03  0.000000E+00  0.000000E+00  0.000000E+00  0.000000E+00  0.000000E+00  0.000000E+00
222  1.06886517E+00 -7.509271E+00 -6.451244E+00 -4.495095E-02  1.055860E-03  0.000000E+00  0.000000E+00  0.000000E+00  0.000000E+00  0.000000E+00  0.000000E+00
223  1.11722300E+00 -7.006486E+00 -5.994267E+00 -3.141712E-02  7.512707E-04  0.000000E+00  0.000000E+00  0.000000E+00  0.000000E+00  0.000000E+00  0.000000E+00
224  1.16717739E+00 -6.535066E+00 -5.566203E+00 -2.162268E-02  5.253720E-04  0.000000E+00  0.000000E+00  0.000000E+00  0.000000E+00  0.000000E+00  0.000000E+00
225  1.21875575E+00 -6.093613E+00 -5.165804E+00 -1.465404E-02  3.611716E-04  0.000000E+00  0.000000E+00  0.000000E+00  0.000000E+00  0.000000E+00  0.000000E+00
226  1.27198527E+00 -5.680716E+00 -4.791799E+00 -9.778997E-03  2.441240E-04  0.000000E+00  0.000000E+00  0.000000E+00  0.000000E+00  0.000000E+00  0.000000E+00
227  1.32689285E+00 -5.294978E+00 -4.442921E+00 -6.425390E-03  1.622608E-04  0.000000E+00  0.000000E+00  0.000000E+00  0.000000E+00  0.000000E+00  0.000000E+00
228  1.38350513E+00 -4.934994E+00 -4.117888E+00 -4.156693E-03  1.060630E-04  0.000000E+00  0.000000E+00  0.000000E+00  0.000000E+00  0.000000E+00  0.000000E+00
229  1.44184850E+00 -4.599369E+00 -3.815418E+00 -2.647345E-03  6.818499E-05  0.000000E+00  0.000000E+00  0.000000E+00  0.000000E+00  0.000000E+00  0.000000E+00
230  1.50194903E+00 -4.286716E+00 -3.534230E+00 -1.659794E-03  4.311259E-05  0.000000E+00  0.000000E+00  0.000000E+00  0.000000E+00  0.000000E+00  0.000000E+00
231  1.56383253E+00 -3.995667E+00 -3.273057E+00 -1.024337E-03  2.681118E-05  0.000000E+00  0.000000E+00  0.000000E+00  0.000000E+00  0.000000E+00  0.000000E+00
232  1.62752451E+00 -3.724884E+00 -3.030654E+00 -6.222097E-04  1.639916E-05  0.000000E+00  0.000000E+00  0.000000E+00  0.000000E+00  0.000000E+00  0.000000E+00
233  1.69305019E+00 -3.473068E+00 -2.805809E+00 -3.719576E-04  9.865305E-06  0.000000E+00  0.000000E+00  0.000000E+00  0.000000E+00  0.000000E+00  0.000000E+00
234  1.76043448E+00 -3.238968E+00 -2.597352E+00 -2.188103E-04  5.836673E-06  0.000000E+00  0.000000E+00  0.000000E+00  0.000000E+00  0.000000E+00  0.000000E+00
235  1.82970201E+00 -3.021387E+00 -2.404162E+00 -1.266520E-04  3.395963E-06  0.000000E+00  0.000000E+00  0.000000E+00  0.000000E+00  0.000000E+00  0.000000E+00
236  1.90087709E+00 -2.819185E+00 -2.225172E+00 -7.212344E-05  1.943007E-06  0.000000E+00  0.000000E+00  0.000000E+00  0.000000E+00  0.000000E+00  0.000000E+00
237  1.97398371E+00 -2.631287E+00 -2.059373E+00 -4.040262E-05  1.093117E-06  0.000000E+00  0.000000E+00  0.000000E+00  0.000000E+00  0.000000E+00  0.000000E+00
238  2.04904559E+00 -2.456681E+00 -1.905816E+00 -2.226167E-05  6.046480E-07  0.000000E+00  0.000000E+00  0.000000E+00  0.000000E+00  0.000000E+00  0.000000E+00
239  2.12608610E+00 -2.294422E+00 -1.763613E+00 -1.206331E-05  3.288068E-07  0.000000E+00  0.000000E+00  0.000000E+00  0.000000E+00  0.000000E+00  0.000000E+00
240  2.20512832E+00 -2.143627E+00 -1.631938E+00 -6.428048E-06  1.757669E-07  0.000000E+00  0.000000E+00  0.000000E+00  0.000000E+00  0.000000E+00  0.000000E+00
241  2.28619503E+00 -2.003476E+00 -1.510024E+00 -3.367741E-06  9.235169E-08  0.000000E+00  0.000000E+00  0.000000E+00  0.000000E+00  0.000000E+00  0.000000E+00
242  2.36930869E+00 -1.873213E+00 -1.397159E+00 -1.734550E-06  4.768857E-08  0.000000E+00  0.000000E+00  0.000000E+00  0.000000E+00  0.000000E+00  0.000000E+00
243  2.45449143E+00 -1.752135E+00 -1.292690E+00 -8.781430E-07  2.419879E-08  0.000000E+00  0.000000E+00  0.000000E+00  0.000000E+00  0.000000E+00  0.000000E+00
244  2.54176512E+00 -1.639600E+00 -1.196017E+00 -4.369338E-07  1.206500E-08  0.000000E+00  0.000000E+00  0.000000E+00  0.000000E+00  0.000000E+00  0.000000E+00
245  2.63115127E+00 -1.538712E+00 -1.110283E+00 -2.136410E-07  5.909619E-09  0.000000E+00  0.000000E+00  0.000000E+00  0.000000E+00  0.000000E+00  0.000000E+00
246  2.72267111E+00 -1.451882E+00 -1.037933E+00 -1.026412E-07  2.843430E-09  0.000000E+00  0.000000E+00  0.000000E+00  0.000000E+00  0.000000E+00  0.000000E+00
247  2.81634557E+00 -1.377482E+00 -9.773781E-01 -4.844794E-08  1.343798E-09  0.000000E+00  0.000000E+00  0.000000E+00  0.000000E+00  0.000000E+00  0.000000E+00
248  2.91219527E+00 -1.314017E+00 -9.271561E-01 -2.246419E-08  6.237140E-10  0.000000E+00  0.000000E+00  0.000000E+00  0.000000E+00  0.000000E+00  0.000000E+00
249  3.01024052E+00 -1.260124E+00 -8.859342E-01 -1.023086E-08  2.842799E-10  0.000000E+00  0.000000E+00  0.000000E+00  0.000000E+00  0.000000E+00  0.000000E+00
250  3.11050135E+00 -1.214565E+00 -8.525058E-01 -4.575948E-09  1.272217E-10  0.000000E+00  0.000000E+00  0.000000E+00  0.000000E+00  0.000000E+00  0.000000E+00
251  3.21299748E+00 -1.176227E+00 -8.257849E-01 -2.009736E-09  5.589516E-11  0.000000E+00  0.000000E+00  0.000000E+00  0.000000E+00  0.000000E+00  0.000000E+00
252  3.31774834E+00 -1.144114E+00 -8.048011E-01 -8.666131E-10  2.410604E-11  0.000000E+00  0.000000E+00  0.000000E+00  0.000000E+00  0.000000E+00  0.000000E+00
253  3.42477307E+00 -1.117339E+00 -7.886925E-01 -3.668414E-10  1.020365E-11  0.000000E+00  0.000000E+00  0.000000E+00  0.000000E+00  0.000000E+00  0.000000E+00
254  3.53409052E+00 -1.095119E+00 -7.766988E-01 -1.524180E-10  4.533076E-12  0.000000E+00  0.000000E+00  0.000000E+00  0.000000E+00  0.000000E+00  0.000000E+00
255  3.64571926E+00 -1.076765E+00 -7.681532E-01 -6.214934E-11  9.955599E-13  0.000000E+00  0.000000E+00  0.000000E+00  0.000000E+00  0.000000E+00  0.000000E+00
