#      n =  5
#  kappa = -3
# energy = -3.57401971E+02
#zenergy =  0.00000000E+00
#     dn =  4.80496469E+00
# qrnorm =  1.00095404E+00
#SelfEne =  2.72113860E+32
#     vc = -2.36838022E+03
#     vr = -5.49852158E+03
#  ilast =  269
#    ifm =    0
#    cfm =  0.00000000E+00
#    xfm =  0.00000000E+00
#    rfn =  1.05857274E-01
#    pdx =  2.97202342E+00
#   bqp0 = -1.46126850E-05
#   bqp1 =  0.00000000E+00
#    idx = 20
# LEPTON = 0
#   MASS =  1.00000000E+00
# CHARGE =  1.00000000E+00
#  EUNIT =  2.72113860E+01
#  RUNIT =  4.13413733E+16
#  LUNIT =  5.29177211E-01
#    AMU =  1.82288849E+03
#    FSC =  7.29735257E-03


0    1.15648609E-08 -1.400493E-02  9.727812E+07  1.280478E-19 -1.874541E-24  0.000000E+00  0.000000E+00  0.000000E+00  0.000000E+00  0.000000E+00  0.000000E+00
1    1.26829149E-08 -1.535888E-02  8.870266E+07  1.684561E-19 -2.708615E-24  0.000000E+00  0.000000E+00  0.000000E+00  0.000000E+00  0.000000E+00  0.000000E+00
2    1.39090347E-08 -1.684370E-02  8.088330E+07  2.218265E-19 -3.911798E-24  0.000000E+00  0.000000E+00  0.000000E+00  0.000000E+00  0.000000E+00  0.000000E+00
3    1.52536895E-08 -1.847206E-02  7.375324E+07  2.922811E-19 -5.650114E-24  0.000000E+00  0.000000E+00  0.000000E+00  0.000000E+00  0.000000E+00  0.000000E+00
4    1.67283387E-08 -2.025785E-02  6.725171E+07  3.852588E-19 -8.163342E-24  0.000000E+00  0.000000E+00  0.000000E+00  0.000000E+00  0.000000E+00  0.000000E+00
5    1.83455176E-08 -2.221623E-02  6.132341E+07  5.079342E-19 -1.179800E-23  0.000000E+00  0.000000E+00  0.000000E+00  0.000000E+00  0.000000E+00  0.000000E+00
6    2.01190340E-08 -2.436395E-02  5.591770E+07  6.697727E-19 -1.705524E-23  0.000000E+00  0.000000E+00  0.000000E+00  0.000000E+00  0.000000E+00  0.000000E+00
7    2.20640016E-08 -2.671928E-02  5.098851E+07  8.832592E-19 -2.465980E-23  0.000000E+00  0.000000E+00  0.000000E+00  0.000000E+00  0.000000E+00  0.000000E+00
8    2.41969530E-08 -2.930226E-02  4.649391E+07  1.164861E-18 -3.565961E-23  0.000000E+00  0.000000E+00  0.000000E+00  0.000000E+00  0.000000E+00  0.000000E+00
9    2.65360992E-08 -3.213495E-02  4.239551E+07  1.536298E-18 -5.157084E-23  0.000000E+00  0.000000E+00  0.000000E+00  0.000000E+00  0.000000E+00  0.000000E+00
10   2.91013226E-08 -3.524140E-02  3.865845E+07  2.026218E-18 -7.458580E-23  0.000000E+00  0.000000E+00  0.000000E+00  0.000000E+00  0.000000E+00  0.000000E+00
11   3.19145796E-08 -3.864823E-02  3.525074E+07  2.672410E-18 -1.078770E-22  0.000000E+00  0.000000E+00  0.000000E+00  0.000000E+00  0.000000E+00  0.000000E+00
12   3.49996755E-08 -4.238425E-02  3.214353E+07  3.524703E-18 -1.560297E-22  0.000000E+00  0.000000E+00  0.000000E+00  0.000000E+00  0.000000E+00  0.000000E+00
13   3.83829993E-08 -4.648142E-02  2.931021E+07  4.648829E-18 -2.256804E-22  0.000000E+00  0.000000E+00  0.000000E+00  0.000000E+00  0.000000E+00  0.000000E+00
14   4.20933798E-08 -5.097465E-02  2.672663E+07  6.131481E-18 -3.264263E-22  0.000000E+00  0.000000E+00  0.000000E+00  0.000000E+00  0.000000E+00  0.000000E+00
15   4.61623525E-08 -5.590214E-02  2.437083E+07  8.086989E-18 -4.721463E-22  0.000000E+00  0.000000E+00  0.000000E+00  0.000000E+00  0.000000E+00  0.000000E+00
16   5.06246539E-08 -6.130594E-02  2.222268E+07  1.066616E-17 -6.829202E-22  0.000000E+00  0.000000E+00  0.000000E+00  0.000000E+00  0.000000E+00  0.000000E+00
17   5.55182089E-08 -6.723198E-02  2.026392E+07  1.406786E-17 -9.877828E-22  0.000000E+00  0.000000E+00  0.000000E+00  0.000000E+00  0.000000E+00  0.000000E+00
18   6.08846860E-08 -7.373073E-02  1.847783E+07  1.855439E-17 -1.428733E-21  0.000000E+00  0.000000E+00  0.000000E+00  0.000000E+00  0.000000E+00  0.000000E+00
19   6.67698952E-08 -8.085766E-02  1.684918E+07  2.447172E-17 -2.066529E-21  0.000000E+00  0.000000E+00  0.000000E+00  0.000000E+00  0.000000E+00  0.000000E+00
20   7.32238506E-08 -8.867333E-02  1.536410E+07  3.227608E-17 -2.989021E-21  0.000000E+00  0.000000E+00  0.000000E+00  0.000000E+00  0.000000E+00  0.000000E+00
21   8.03015034E-08 -9.724429E-02  1.400994E+07  4.256919E-17 -4.323285E-21  0.000000E+00  0.000000E+00  0.000000E+00  0.000000E+00  0.000000E+00  0.000000E+00
22   8.80632663E-08 -1.066437E-01  1.277514E+07  5.614470E-17 -6.253150E-21  0.000000E+00  0.000000E+00  0.000000E+00  0.000000E+00  0.000000E+00  0.000000E+00
23   9.65750958E-08 -1.169514E-01  1.164919E+07  7.404919E-17 -9.044419E-21  0.000000E+00  0.000000E+00  0.000000E+00  0.000000E+00  0.000000E+00  0.000000E+00
24   1.05909459E-07 -1.282553E-01  1.062249E+07  9.766298E-17 -1.308156E-20  0.000000E+00  0.000000E+00  0.000000E+00  0.000000E+00  0.000000E+00  0.000000E+00
25   1.16145823E-07 -1.406514E-01  9.686299E+06  1.288065E-16 -1.892064E-20  0.000000E+00  0.000000E+00  0.000000E+00  0.000000E+00  0.000000E+00  0.000000E+00
26   1.27371553E-07 -1.542456E-01  8.832617E+06  1.698806E-16 -2.736603E-20  0.000000E+00  0.000000E+00  0.000000E+00  0.000000E+00  0.000000E+00  0.000000E+00
27   1.39681787E-07 -1.691532E-01  8.054202E+06  2.240513E-16 -3.958054E-20  0.000000E+00  0.000000E+00  0.000000E+00  0.000000E+00  0.000000E+00  0.000000E+00
28   1.53181782E-07 -1.855015E-01  7.344388E+06  2.954945E-16 -5.724686E-20  0.000000E+00  0.000000E+00  0.000000E+00  0.000000E+00  0.000000E+00  0.000000E+00
29   1.67986236E-07 -2.034295E-01  6.697142E+06  3.897167E-16 -8.279770E-20  0.000000E+00  0.000000E+00  0.000000E+00  0.000000E+00  0.000000E+00  0.000000E+00
30   1.84220845E-07 -2.230894E-01  6.106958E+06  5.139796E-16 -1.197510E-19  0.000000E+00  0.000000E+00  0.000000E+00  0.000000E+00  0.000000E+00  0.000000E+00
31   2.02024407E-07 -2.446493E-01  5.568784E+06  6.778611E-16 -1.731968E-19  0.000000E+00  0.000000E+00  0.000000E+00  0.000000E+00  0.000000E+00  0.000000E+00
32   2.21547779E-07 -2.682919E-01  5.078054E+06  8.939900E-16 -2.504924E-19  0.000000E+00  0.000000E+00  0.000000E+00  0.000000E+00  0.000000E+00  0.000000E+00
33   2.42957441E-07 -2.942187E-01  4.630577E+06  1.179022E-15 -3.622818E-19  0.000000E+00  0.000000E+00  0.000000E+00  0.000000E+00  0.000000E+00  0.000000E+00
34   2.66435600E-07 -3.226504E-01  4.222538E+06  1.554921E-15 -5.239566E-19  0.000000E+00  0.000000E+00  0.000000E+00  0.000000E+00  0.000000E+00  0.000000E+00
35   2.92182060E-07 -3.538290E-01  3.850463E+06  2.050653E-15 -7.577760E-19  0.000000E+00  0.000000E+00  0.000000E+00  0.000000E+00  0.000000E+00  0.000000E+00
36   3.20415362E-07 -3.880191E-01  3.511186E+06  2.704409E-15 -1.095924E-18  0.000000E+00  0.000000E+00  0.000000E+00  0.000000E+00  0.000000E+00  0.000000E+00
37   3.51376213E-07 -4.255122E-01  3.201809E+06  3.566561E-15 -1.584954E-18  0.000000E+00  0.000000E+00  0.000000E+00  0.000000E+00  0.000000E+00  0.000000E+00
38   3.85327385E-07 -4.666264E-01  2.919703E+06  4.703523E-15 -2.292172E-18  0.000000E+00  0.000000E+00  0.000000E+00  0.000000E+00  0.000000E+00  0.000000E+00
39   4.22558300E-07 -5.117123E-01  2.662457E+06  6.202882E-15 -3.314932E-18  0.000000E+00  0.000000E+00  0.000000E+00  0.000000E+00  0.000000E+00  0.000000E+00
40   4.63384910E-07 -5.611524E-01  2.427885E+06  8.180124E-15 -4.793975E-18  0.000000E+00  0.000000E+00  0.000000E+00  0.000000E+00  0.000000E+00  0.000000E+00
41   5.08154326E-07 -6.153671E-01  2.213988E+06  1.078753E-14 -6.932839E-18  0.000000E+00  0.000000E+00  0.000000E+00  0.000000E+00  0.000000E+00  0.000000E+00
42   5.57247151E-07 -6.748172E-01  2.018942E+06  1.422592E-14 -1.002584E-17  0.000000E+00  0.000000E+00  0.000000E+00  0.000000E+00  0.000000E+00  0.000000E+00
43   6.11081774E-07 -7.400093E-01  1.841082E+06  1.876007E-14 -1.449863E-17  0.000000E+00  0.000000E+00  0.000000E+00  0.000000E+00  0.000000E+00  0.000000E+00
44   6.70114929E-07 -8.114964E-01  1.678897E+06  2.473911E-14 -2.096654E-17  0.000000E+00  0.000000E+00  0.000000E+00  0.000000E+00  0.000000E+00  0.000000E+00
45   7.34847110E-07 -8.898845E-01  1.531008E+06  3.262335E-14 -3.031918E-17  0.000000E+00  0.000000E+00  0.000000E+00  0.000000E+00  0.000000E+00  0.000000E+00
46   8.05830929E-07 -9.758427E-01  1.396148E+06  4.301982E-14 -4.384347E-17  0.000000E+00  0.000000E+00  0.000000E+00  0.000000E+00  0.000000E+00  0.000000E+00
47   8.83666941E-07 -1.070098E+00  1.273174E+06  5.672873E-14 -6.339908E-17  0.000000E+00  0.000000E+00  0.000000E+00  0.000000E+00  0.000000E+00  0.000000E+00
48   9.69016155E-07 -1.173451E+00  1.161038E+06  7.480522E-14 -9.167529E-17  0.000000E+00  0.000000E+00  0.000000E+00  0.000000E+00  0.000000E+00  0.000000E+00
49   1.06260700E-06 -1.286782E+00  1.058780E+06  9.864055E-14 -1.325617E-16  0.000000E+00  0.000000E+00  0.000000E+00  0.000000E+00  0.000000E+00  0.000000E+00
50   1.16522956E-06 -1.411050E+00  9.655356E+05  1.300687E-13 -1.916780E-16  0.000000E+00  0.000000E+00  0.000000E+00  0.000000E+00  0.000000E+00  0.000000E+00
51   1.27775746E-06 -1.547310E+00  8.805065E+05  1.715077E-13 -2.771524E-16  0.000000E+00  0.000000E+00  0.000000E+00  0.000000E+00  0.000000E+00  0.000000E+00
52   1.40114503E-06 -1.696718E+00  8.029697E+05  2.261455E-13 -4.007336E-16  0.000000E+00  0.000000E+00  0.000000E+00  0.000000E+00  0.000000E+00  0.000000E+00
53   1.53644094E-06 -1.860542E+00  7.322640E+05  2.981847E-13 -5.794081E-16  0.000000E+00  0.000000E+00  0.000000E+00  0.000000E+00  0.000000E+00  0.000000E+00
54   1.68479088E-06 -2.040170E+00  6.677884E+05  3.931655E-13 -8.377263E-16  0.000000E+00  0.000000E+00  0.000000E+00  0.000000E+00  0.000000E+00  0.000000E+00
55   1.84745501E-06 -2.237124E+00  6.089931E+05  5.183915E-13 -1.211183E-15  0.000000E+00  0.000000E+00  0.000000E+00  0.000000E+00  0.000000E+00  0.000000E+00
56   2.02581180E-06 -2.453072E+00  5.553779E+05  6.834900E-13 -1.751080E-15  0.000000E+00  0.000000E+00  0.000000E+00  0.000000E+00  0.000000E+00  0.000000E+00
57   2.22137202E-06 -2.689841E+00  5.064864E+05  9.011516E-13 -2.531566E-15  0.000000E+00  0.000000E+00  0.000000E+00  0.000000E+00  0.000000E+00  0.000000E+00
58   2.43579621E-06 -2.949438E+00  4.619018E+05  1.188105E-12 -3.659832E-15  0.000000E+00  0.000000E+00  0.000000E+00  0.000000E+00  0.000000E+00  0.000000E+00
59   2.67089855E-06 -3.234053E+00  4.212449E+05  1.566397E-12 -5.290766E-15  0.000000E+00  0.000000E+00  0.000000E+00  0.000000E+00  0.000000E+00  0.000000E+00
60   2.92867252E-06 -3.546094E+00  3.841694E+05  2.065091E-12 -7.648252E-15  0.000000E+00  0.000000E+00  0.000000E+00  0.000000E+00  0.000000E+00  0.000000E+00
61   3.21130106E-06 -3.888196E+00  3.503596E+05  2.722489E-12 -1.105581E-14  0.000000E+00  0.000000E+00  0.000000E+00  0.000000E+00  0.000000E+00  0.000000E+00
62   3.52117680E-06 -4.263243E+00  3.195279E+05  3.589069E-12 -1.598096E-14  0.000000E+00  0.000000E+00  0.000000E+00  0.000000E+00  0.000000E+00  0.000000E+00
63   3.86092223E-06 -4.674395E+00  2.914142E+05  4.731356E-12 -2.309923E-14  0.000000E+00  0.000000E+00  0.000000E+00  0.000000E+00  0.000000E+00  0.000000E+00
64   4.23340979E-06 -5.125110E+00  2.657719E+05  6.237017E-12 -3.338663E-14  0.000000E+00  0.000000E+00  0.000000E+00  0.000000E+00  0.000000E+00  0.000000E+00
65   4.64179370E-06 -5.619180E+00  2.423902E+05  8.221573E-12 -4.825344E-14  0.000000E+00  0.000000E+00  0.000000E+00  0.000000E+00  0.000000E+00  0.000000E+00
66   5.08952445E-06 -6.160746E+00  2.210690E+05  1.083724E-11 -6.973676E-14  0.000000E+00  0.000000E+00  0.000000E+00  0.000000E+00  0.000000E+00  0.000000E+00
67   5.58038710E-06 -6.754343E+00  2.016245E+05  1.428458E-11 -1.007794E-13  0.000000E+00  0.000000E+00  0.000000E+00  0.000000E+00  0.000000E+00  0.000000E+00
68   6.11852613E-06 -7.404927E+00  1.838909E+05  1.882782E-11 -1.456314E-13  0.000000E+00  0.000000E+00  0.000000E+00  0.000000E+00  0.000000E+00  0.000000E+00
69   6.70848858E-06 -8.117920E+00  1.677201E+05  2.481506E-11 -2.104314E-13  0.000000E+00  0.000000E+00  0.000000E+00  0.000000E+00  0.000000E+00  0.000000E+00
70   7.35525341E-06 -8.899240E+00  1.529733E+05  3.270484E-11 -3.040429E-13  0.000000E+00  0.000000E+00  0.000000E+00  0.000000E+00  0.000000E+00  0.000000E+00
71   8.06427457E-06 -9.755347E+00  1.395236E+05  4.310112E-11 -4.392627E-13  0.000000E+00  0.000000E+00  0.000000E+00  0.000000E+00  0.000000E+00  0.000000E+00
72   8.84153527E-06 -1.069329E+01  1.272589E+05  5.679935E-11 -6.345650E-13  0.000000E+00  0.000000E+00  0.000000E+00  0.000000E+00  0.000000E+00  0.000000E+00
73   9.69358386E-06 -1.172075E+01  1.160742E+05  7.484704E-11 -9.166114E-13  0.000000E+00  0.000000E+00  0.000000E+00  0.000000E+00  0.000000E+00  0.000000E+00
74   1.06275978E-05 -1.284609E+01  1.058735E+05  9.862345E-11 -1.323874E-12  0.000000E+00  0.000000E+00  0.000000E+00  0.000000E+00  0.000000E+00  0.000000E+00
75   1.16514403E-05 -1.407839E+01  9.657086E+04  1.299444E-10 -1.911853E-12  0.000000E+00  0.000000E+00  0.000000E+00  0.000000E+00  0.000000E+00  0.000000E+00
76   1.27737289E-05 -1.542749E+01  8.808759E+04  1.712002E-10 -2.760592E-12  0.000000E+00  0.000000E+00  0.000000E+00  0.000000E+00  0.000000E+00  0.000000E+00
77   1.40038977E-05 -1.690408E+01  8.035094E+04  2.255364E-10 -3.985485E-12  0.000000E+00  0.000000E+00  0.000000E+00  0.000000E+00  0.000000E+00  0.000000E+00
78   1.53522870E-05 -1.851965E+01  7.329557E+04  2.970924E-10 -5.752836E-12  0.000000E+00  0.000000E+00  0.000000E+00  0.000000E+00  0.000000E+00  0.000000E+00
79   1.68302210E-05 -2.028662E+01  6.686189E+04  3.913130E-10 -8.302202E-12  0.000000E+00  0.000000E+00  0.000000E+00  0.000000E+00  0.000000E+00  0.000000E+00
80   1.84501011E-05 -2.221825E+01  6.099506E+04  5.153593E-10 -1.197847E-11  0.000000E+00  0.000000E+00  0.000000E+00  0.000000E+00  0.000000E+00  0.000000E+00
81   2.02255125E-05 -2.432870E+01  5.564554E+04  6.786459E-10 -1.727789E-11  0.000000E+00  0.000000E+00  0.000000E+00  0.000000E+00  0.000000E+00  0.000000E+00
82   2.21713326E-05 -2.663297E+01  5.076833E+04  8.935463E-10 -2.491392E-11  0.000000E+00  0.000000E+00  0.000000E+00  0.000000E+00  0.000000E+00  0.000000E+00
83   2.43038545E-05 -2.914683E+01  4.632236E+04  1.176315E-09 -3.591147E-11  0.000000E+00  0.000000E+00  0.000000E+00  0.000000E+00  0.000000E+00  0.000000E+00
84   2.66409166E-05 -3.188664E+01  4.227041E+04  1.548297E-09 -5.174125E-11  0.000000E+00  0.000000E+00  0.000000E+00  0.000000E+00  0.000000E+00  0.000000E+00
85   2.92020567E-05 -3.486920E+01  3.857886E+04  2.037502E-09 -7.451120E-11  0.000000E+00  0.000000E+00  0.000000E+00  0.000000E+00  0.000000E+00  0.000000E+00
86   3.20086582E-05 -3.811134E+01  3.521724E+04  2.680664E-09 -1.072380E-10  0.000000E+00  0.000000E+00  0.000000E+00  0.000000E+00  0.000000E+00  0.000000E+00
87   3.50841408E-05 -4.162952E+01  3.215836E+04  3.525928E-09 -1.542314E-10  0.000000E+00  0.000000E+00  0.000000E+00  0.000000E+00  0.000000E+00  0.000000E+00
88   3.84541339E-05 -4.543911E+01  2.937792E+04  4.636330E-09 -2.216354E-10  0.000000E+00  0.000000E+00  0.000000E+00  0.000000E+00  0.000000E+00  0.000000E+00
89   4.21466969E-05 -4.955347E+01  2.685450E+04  6.094326E-09 -3.181867E-10  0.000000E+00  0.000000E+00  0.000000E+00  0.000000E+00  0.000000E+00  0.000000E+00
90   4.61925374E-05 -5.398269E+01  2.456973E+04  8.007658E-09 -4.562710E-10  0.000000E+00  0.000000E+00  0.000000E+00  0.000000E+00  0.000000E+00  0.000000E+00
91   5.06252644E-05 -5.873181E+01  2.250802E+04  1.051692E-08 -6.533818E-10  0.000000E+00  0.000000E+00  0.000000E+00  0.000000E+00  0.000000E+00  0.000000E+00
92   5.54816568E-05 -6.379851E+01  2.065711E+04  1.380530E-08 -9.341156E-10  0.000000E+00  0.000000E+00  0.000000E+00  0.000000E+00  0.000000E+00  0.000000E+00
93   6.08019566E-05 -6.916990E+01  1.900835E+04  1.811115E-08 -1.332864E-09  0.000000E+00  0.000000E+00  0.000000E+00  0.000000E+00  0.000000E+00  0.000000E+00
94   6.66301905E-05 -7.481831E+01  1.755692E+04  2.374400E-08 -1.897389E-09  0.000000E+00  0.000000E+00  0.000000E+00  0.000000E+00  0.000000E+00  0.000000E+00
95   7.30145262E-05 -8.069569E+01  1.630296E+04  3.110512E-08 -2.693454E-09  0.000000E+00  0.000000E+00  0.000000E+00  0.000000E+00  0.000000E+00  0.000000E+00
96   8.00076459E-05 -8.672615E+01  1.525245E+04  4.071379E-08 -3.810644E-09  0.000000E+00  0.000000E+00  0.000000E+00  0.000000E+00  0.000000E+00  0.000000E+00
97   8.76671724E-05 -9.279635E+01  1.441828E+04  5.324089E-08 -5.369326E-09  0.000000E+00  0.000000E+00  0.000000E+00  0.000000E+00  0.000000E+00  0.000000E+00
98   9.60561177E-05 -9.874331E+01  1.382075E+04  6.955214E-08 -7.528346E-09  0.000000E+00  0.000000E+00  0.000000E+00  0.000000E+00  0.000000E+00  0.000000E+00
99   1.05243380E-04 -1.043404E+02  1.348165E+04  9.076437E-08 -1.049238E-08  0.000000E+00  0.000000E+00  0.000000E+00  0.000000E+00  0.000000E+00  0.000000E+00
100  1.15304286E-04 -1.092870E+02  1.337208E+04  1.183201E-07 -1.451682E-08  0.000000E+00  0.000000E+00  0.000000E+00  0.000000E+00  0.000000E+00  0.000000E+00
101  1.26321174E-04 -1.132234E+02  1.323612E+04  1.540840E-07 -1.990725E-08  0.000000E+00  0.000000E+00  0.000000E+00  0.000000E+00  0.000000E+00  0.000000E+00
102  1.38384038E-04 -1.158429E+02  1.257575E+04  2.004589E-07 -2.701401E-08  0.000000E+00  0.000000E+00  0.000000E+00  0.000000E+00  0.000000E+00  0.000000E+00
103  1.51591221E-04 -1.171630E+02  1.123629E+04  2.605668E-07 -3.624020E-08  0.000000E+00  0.000000E+00  0.000000E+00  0.000000E+00  0.000000E+00  0.000000E+00
104  1.66050171E-04 -1.176381E+02  9.744591E+03  3.385312E-07 -4.809856E-08  0.000000E+00  0.000000E+00  0.000000E+00  0.000000E+00  0.000000E+00  0.000000E+00
105  1.81878269E-04 -1.177587E+02  8.586747E+03  4.396717E-07 -6.330390E-08  0.000000E+00  0.000000E+00  0.000000E+00  0.000000E+00  0.000000E+00  0.000000E+00
106  1.99203718E-04 -1.177710E+02  7.729690E+03  5.708167E-07 -8.284156E-08  0.000000E+00  0.000000E+00  0.000000E+00  0.000000E+00  0.000000E+00  0.000000E+00
107  2.18166523E-04 -1.177555E+02  7.008541E+03  7.408283E-07 -1.080162E-07  0.000000E+00  0.000000E+00  0.000000E+00  0.000000E+00  0.000000E+00  0.000000E+00
108  2.38919536E-04 -1.177325E+02  6.361021E+03  9.611852E-07 -1.405218E-07  0.000000E+00  0.000000E+00  0.000000E+00  0.000000E+00  0.000000E+00  0.000000E+00
109  2.61629613E-04 -1.177063E+02  5.771850E+03  1.246725E-06 -1.825454E-07  0.000000E+00  0.000000E+00  0.000000E+00  0.000000E+00  0.000000E+00  0.000000E+00
110  2.86478853E-04 -1.176774E+02  5.234752E+03  1.616616E-06 -2.369068E-07  0.000000E+00  0.000000E+00  0.000000E+00  0.000000E+00  0.000000E+00  0.000000E+00
111  3.13665949E-04 -1.176457E+02  4.745097E+03  2.095614E-06 -3.072424E-07  0.000000E+00  0.000000E+00  0.000000E+00  0.000000E+00  0.000000E+00  0.000000E+00
112  3.43407645E-04 -1.176109E+02  4.298763E+03  2.715679E-06 -3.982410E-07  0.000000E+00  0.000000E+00  0.000000E+00  0.000000E+00  0.000000E+00  0.000000E+00
113  3.75940327E-04 -1.175729E+02  3.891988E+03  3.518041E-06 -5.159477E-07  0.000000E+00  0.000000E+00  0.000000E+00  0.000000E+00  0.000000E+00  0.000000E+00
114  4.11521736E-04 -1.175312E+02  3.521334E+03  4.555864E-06 -6.681526E-07  0.000000E+00  0.000000E+00  0.000000E+00  0.000000E+00  0.000000E+00  0.000000E+00
115  4.50432816E-04 -1.174856E+02  3.183665E+03  5.897655E-06 -8.648894E-07  0.000000E+00  0.000000E+00  0.000000E+00  0.000000E+00  0.000000E+00  0.000000E+00
116  4.92979739E-04 -1.174357E+02  2.876122E+03  7.631627E-06 -1.119074E-06  0.000000E+00  0.000000E+00  0.000000E+00  0.000000E+00  0.000000E+00  0.000000E+00
117  5.39496058E-04 -1.173812E+02  2.596096E+03  9.871293E-06 -1.447318E-06  0.000000E+00  0.000000E+00  0.000000E+00  0.000000E+00  0.000000E+00  0.000000E+00
118  5.90345054E-04 -1.173217E+02  2.341207E+03  1.276260E-05 -1.870975E-06  0.000000E+00  0.000000E+00  0.000000E+00  0.000000E+00  0.000000E+00  0.000000E+00
119  6.45922271E-04 -1.172567E+02  2.109281E+03  1.649304E-05 -2.417464E-06  0.000000E+00  0.000000E+00  0.000000E+00  0.000000E+00  0.000000E+00  0.000000E+00
120  7.06658237E-04 -1.171858E+02  1.898335E+03  2.130328E-05 -3.121967E-06  0.000000E+00  0.000000E+00  0.000000E+00  0.000000E+00  0.000000E+00  0.000000E+00
121  7.73021408E-04 -1.171085E+02  1.706558E+03  2.750193E-05 -4.029579E-06  0.000000E+00  0.000000E+00  0.000000E+00  0.000000E+00  0.000000E+00  0.000000E+00
122  8.45521327E-04 -1.170243E+02  1.532295E+03  3.548432E-05 -5.198042E-06  0.000000E+00  0.000000E+00  0.000000E+00  0.000000E+00  0.000000E+00  0.000000E+00
123  9.24712037E-04 -1.169327E+02  1.374033E+03  4.575637E-05 -6.701209E-06  0.000000E+00  0.000000E+00  0.000000E+00  0.000000E+00  0.000000E+00  0.000000E+00
124  1.01119573E-03 -1.168331E+02  1.230388E+03  5.896471E-05 -8.633432E-06  0.000000E+00  0.000000E+00  0.000000E+00  0.000000E+00  0.000000E+00  0.000000E+00
125  1.10562670E-03 -1.167249E+02  1.100094E+03  7.593485E-05 -1.111509E-05  0.000000E+00  0.000000E+00  0.000000E+00  0.000000E+00  0.000000E+00  0.000000E+00
126  1.20871555E-03 -1.166074E+02  9.819921E+02  9.771925E-05 -1.429957E-05  0.000000E+00  0.000000E+00  0.000000E+00  0.000000E+00  0.000000E+00  0.000000E+00
127  1.32123368E-03 -1.164799E+02  8.750203E+02  1.256578E-04 -1.838203E-05  0.000000E+00  0.000000E+00  0.000000E+00  0.000000E+00  0.000000E+00  0.000000E+00
128  1.44401822E-03 -1.163419E+02  7.782048E+02  1.614539E-04 -2.361039E-05  0.000000E+00  0.000000E+00  0.000000E+00  0.000000E+00  0.000000E+00  0.000000E+00
129  1.57797710E-03 -1.161924E+02  6.906523E+02  2.072693E-04 -3.029907E-05  0.000000E+00  0.000000E+00  0.000000E+00  0.000000E+00  0.000000E+00  0.000000E+00
130  1.72409469E-03 -1.160308E+02  6.115431E+02  2.658427E-04 -3.884615E-05  0.000000E+00  0.000000E+00  0.000000E+00  0.000000E+00  0.000000E+00  0.000000E+00
131  1.88343761E-03 -1.158563E+02  5.401246E+02  3.406377E-04 -4.975462E-05  0.000000E+00  0.000000E+00  0.000000E+00  0.000000E+00  0.000000E+00  0.000000E+00
132  2.05716112E-03 -1.156680E+02  4.757055E+02  4.360252E-04 -6.365879E-05  0.000000E+00  0.000000E+00  0.000000E+00  0.000000E+00  0.000000E+00  0.000000E+00
133  2.24651576E-03 -1.154650E+02  4.176510E+02  5.575099E-04 -8.135682E-05  0.000000E+00  0.000000E+00  0.000000E+00  0.000000E+00  0.000000E+00  0.000000E+00
134  2.45285451E-03 -1.152466E+02  3.653781E+02  7.120078E-04 -1.038507E-04  0.000000E+00  0.000000E+00  0.000000E+00  0.000000E+00  0.000000E+00  0.000000E+00
135  2.67764033E-03 -1.150117E+02  3.183515E+02  9.081868E-04 -1.323950E-04  0.000000E+00  0.000000E+00  0.000000E+00  0.000000E+00  0.000000E+00  0.000000E+00
136  2.92245423E-03 -1.147595E+02  2.760801E+02  1.156881E-03 -1.685569E-04  0.000000E+00  0.000000E+00  0.000000E+00  0.000000E+00  0.000000E+00  0.000000E+00
137  3.18900373E-03 -1.144889E+02  2.381137E+02  1.471594E-03 -2.142874E-04  0.000000E+00  0.000000E+00  0.000000E+00  0.000000E+00  0.000000E+00  0.000000E+00
138  3.47913183E-03 -1.141989E+02  2.040401E+02  1.869101E-03 -2.720088E-04  0.000000E+00  0.000000E+00  0.000000E+00  0.000000E+00  0.000000E+00  0.000000E+00
139  3.79482653E-03 -1.138885E+02  1.734822E+02  2.370175E-03 -3.447180E-04  0.000000E+00  0.000000E+00  0.000000E+00  0.000000E+00  0.000000E+00  0.000000E+00
140  4.13823075E-03 -1.135566E+02  1.460958E+02  3.000445E-03 -4.361091E-04  0.000000E+00  0.000000E+00  0.000000E+00  0.000000E+00  0.000000E+00  0.000000E+00
141  4.51165288E-03 -1.132020E+02  1.215670E+02  3.791402E-03 -5.507186E-04  0.000000E+00  0.000000E+00  0.000000E+00  0.000000E+00  0.000000E+00  0.000000E+00
142  4.91757775E-03 -1.128236E+02  9.961068E+01  4.781580E-03 -6.940930E-04  0.000000E+00  0.000000E+00  0.000000E+00  0.000000E+00  0.000000E+00  0.000000E+00
143  5.35867819E-03 -1.124200E+02  7.996760E+01  6.017902E-03 -8.729834E-04  0.000000E+00  0.000000E+00  0.000000E+00  0.000000E+00  0.000000E+00  0.000000E+00
144  5.83782708E-03 -1.119899E+02  6.240310E+01  7.557226E-03 -1.095565E-03  0.000000E+00  0.000000E+00  0.000000E+00  0.000000E+00  0.000000E+00  0.000000E+00
145  6.35810994E-03 -1.115319E+02  4.670515E+01  9.468054E-03 -1.371686E-03  0.000000E+00  0.000000E+00  0.000000E+00  0.000000E+00  0.000000E+00  0.000000E+00
146  6.92283800E-03 -1.110446E+02  3.268253E+01  1.183242E-02 -1.713136E-03  0.000000E+00  0.000000E+00  0.000000E+00  0.000000E+00  0.000000E+00  0.000000E+00
147  7.53556184E-03 -1.105262E+02  2.016330E+01  1.474789E-02 -2.133938E-03  0.000000E+00  0.000000E+00  0.000000E+00  0.000000E+00  0.000000E+00  0.000000E+00
148  8.20008540E-03 -1.099753E+02  8.993079E+00  1.832967E-02 -2.650657E-03  0.000000E+00  0.000000E+00  0.000000E+00  0.000000E+00  0.000000E+00  0.000000E+00
149  8.92048061E-03 -1.093900E+02 -9.663864E-01  2.271261E-02 -3.282697E-03  0.000000E+00  0.000000E+00  0.000000E+00  0.000000E+00  0.000000E+00  0.000000E+00
150  9.70110233E-03 -1.087687E+02 -9.838580E+00  2.805318E-02 -4.052595E-03  0.000000E+00  0.000000E+00  0.000000E+00  0.000000E+00  0.000000E+00  0.000000E+00
151  1.05466038E-02 -1.081096E+02 -1.773372E+01  3.453096E-02 -4.986269E-03  0.000000E+00  0.000000E+00  0.000000E+00  0.000000E+00  0.000000E+00  0.000000E+00
152  1.14619522E-02 -1.074110E+02 -2.474997E+01  4.234967E-02 -6.113195E-03  0.000000E+00  0.000000E+00  0.000000E+00  0.000000E+00  0.000000E+00  0.000000E+00
153  1.24524453E-02 -1.066710E+02 -3.097470E+01  5.173720E-02 -7.466479E-03  0.000000E+00  0.000000E+00  0.000000E+00  0.000000E+00  0.000000E+00  0.000000E+00
154  1.35237272E-02 -1.058881E+02 -3.648562E+01  6.294450E-02 -9.082764E-03  0.000000E+00  0.000000E+00  0.000000E+00  0.000000E+00  0.000000E+00  0.000000E+00
155  1.46818055E-02 -1.050604E+02 -4.135184E+01  7.624255E-02 -1.100193E-02  0.000000E+00  0.000000E+00  0.000000E+00  0.000000E+00  0.000000E+00  0.000000E+00
156  1.59330676E-02 -1.041864E+02 -4.563479E+01  9.191724E-02 -1.326650E-02  0.000000E+00  0.000000E+00  0.000000E+00  0.000000E+00  0.000000E+00  0.000000E+00
157  1.72842982E-02 -1.032646E+02 -4.938914E+01  1.102613E-01 -1.592071E-02  0.000000E+00  0.000000E+00  0.000000E+00  0.000000E+00  0.000000E+00  0.000000E+00
158  1.87426958E-02 -1.022936E+02 -5.266346E+01  1.315627E-01 -1.900915E-02  0.000000E+00  0.000000E+00  0.000000E+00  0.000000E+00  0.000000E+00  0.000000E+00
159  2.03158900E-02 -1.012724E+02 -5.550101E+01  1.560893E-01 -2.257492E-02  0.000000E+00  0.000000E+00  0.000000E+00  0.000000E+00  0.000000E+00  0.000000E+00
160  2.20119577E-02 -1.002001E+02 -5.794035E+01  1.840686E-01 -2.665721E-02  0.000000E+00  0.000000E+00  0.000000E+00  0.000000E+00  0.000000E+00  0.000000E+00
161  2.38394405E-02 -9.907613E+01 -6.001594E+01  2.156625E-01 -3.128831E-02  0.000000E+00  0.000000E+00  0.000000E+00  0.000000E+00  0.000000E+00  0.000000E+00
162  2.58073603E-02 -9.790002E+01 -6.175857E+01  2.509377E-01 -3.649006E-02  0.000000E+00  0.000000E+00  0.000000E+00  0.000000E+00  0.000000E+00  0.000000E+00
163  2.79252358E-02 -9.667147E+01 -6.319572E+01  2.898306E-01 -4.226964E-02  0.000000E+00  0.000000E+00  0.000000E+00  0.000000E+00  0.000000E+00  0.000000E+00
164  3.02030972E-02 -9.539015E+01 -6.435195E+01  3.321089E-01 -4.861496E-02  0.000000E+00  0.000000E+00  0.000000E+00  0.000000E+00  0.000000E+00  0.000000E+00
165  3.26515018E-02 -9.405570E+01 -6.524908E+01  3.773307E-01 -5.548974E-02  0.000000E+00  0.000000E+00  0.000000E+00  0.000000E+00  0.000000E+00  0.000000E+00
166  3.52815476E-02 -9.266759E+01 -6.590653E+01  4.248043E-01 -6.282850E-02  0.000000E+00  0.000000E+00  0.000000E+00  0.000000E+00  0.000000E+00  0.000000E+00
167  3.81048870E-02 -9.122534E+01 -6.634158E+01  4.735506E-01 -7.053193E-02  0.000000E+00  0.000000E+00  0.000000E+00  0.000000E+00  0.000000E+00  0.000000E+00
168  4.11337389E-02 -8.972850E+01 -6.656972E+01  5.222734E-01 -7.846301E-02  0.000000E+00  0.000000E+00  0.000000E+00  0.000000E+00  0.000000E+00  0.000000E+00
169  4.43809006E-02 -8.817692E+01 -6.660503E+01  5.693427E-01 -8.644464E-02  0.000000E+00  0.000000E+00  0.000000E+00  0.000000E+00  0.000000E+00  0.000000E+00
170  4.78597577E-02 -8.657087E+01 -6.646049E+01  6.127953E-01 -9.425907E-02  0.000000E+00  0.000000E+00  0.000000E+00  0.000000E+00  0.000000E+00  0.000000E+00
171  5.15842936E-02 -8.491107E+01 -6.614825E+01  6.503596E-01 -1.016501E-01  0.000000E+00  0.000000E+00  0.000000E+00  0.000000E+00  0.000000E+00  0.000000E+00
172  5.55690974E-02 -8.319883E+01 -6.567995E+01  6.795093E-01 -1.083284E-01  0.000000E+00  0.000000E+00  0.000000E+00  0.000000E+00  0.000000E+00  0.000000E+00
173  5.98293704E-02 -8.143607E+01 -6.506680E+01  6.975491E-01 -1.139799E-01  0.000000E+00  0.000000E+00  0.000000E+00  0.000000E+00  0.000000E+00  0.000000E+00
174  6.43809311E-02 -7.962579E+01 -6.432014E+01  7.017377E-01 -1.182790E-01  0.000000E+00  0.000000E+00  0.000000E+00  0.000000E+00  0.000000E+00  0.000000E+00
175  6.92402193E-02 -7.777170E+01 -6.345121E+01  6.894429E-01 -1.209446E-01  0.000000E+00  0.000000E+00  0.000000E+00  0.000000E+00  0.000000E+00  0.000000E+00
176  7.44242976E-02 -7.587873E+01 -6.247164E+01  6.583280E-01 -1.216480E-01  0.000000E+00  0.000000E+00  0.000000E+00  0.000000E+00  0.000000E+00  0.000000E+00
177  7.99508523E-02 -7.395222E+01 -6.139277E+01  6.065598E-01 -1.201351E-01  0.000000E+00  0.000000E+00  0.000000E+00  0.000000E+00  0.000000E+00  0.000000E+00
178  8.58381920E-02 -7.199754E+01 -6.022541E+01  5.330275E-01 -1.162162E-01  0.000000E+00  0.000000E+00  0.000000E+00  0.000000E+00  0.000000E+00  0.000000E+00
179  9.21052452E-02 -7.001946E+01 -5.897923E+01  4.375549E-01 -1.097864E-01  0.000000E+00  0.000000E+00  0.000000E+00  0.000000E+00  0.000000E+00  0.000000E+00
180  9.87715551E-02 -6.802176E+01 -5.766248E+01  3.210881E-01 -1.008429E-01  0.000000E+00  0.000000E+00  0.000000E+00  0.000000E+00  0.000000E+00  0.000000E+00
181  1.05857274E-01 -6.600685E+01 -5.628163E+01  1.858381E-01 -8.949773E-02  0.000000E+00  0.000000E+00  0.000000E+00  0.000000E+00  0.000000E+00  0.000000E+00
182  1.13383155E-01 -6.397696E+01 -5.484259E+01  3.535393E-02 -7.598532E-02  0.000000E+00  0.000000E+00  0.000000E+00  0.000000E+00  0.000000E+00  0.000000E+00
183  1.21370544E-01 -6.193361E+01 -5.335024E+01 -1.254901E-01 -6.066237E-02  0.000000E+00  0.000000E+00  0.000000E+00  0.000000E+00  0.000000E+00  0.000000E+00
184  1.29841364E-01 -5.987948E+01 -5.181025E+01 -2.906113E-01 -4.399890E-02  0.000000E+00  0.000000E+00  0.000000E+00  0.000000E+00  0.000000E+00  0.000000E+00
185  1.38818110E-01 -5.781785E+01 -5.022866E+01 -4.529438E-01 -2.656008E-02  0.000000E+00  0.000000E+00  0.000000E+00  0.000000E+00  0.000000E+00  0.000000E+00
186  1.48323826E-01 -5.575307E+01 -4.861237E+01 -6.047692E-01 -8.979083E-03  0.000000E+00  0.000000E+00  0.000000E+00  0.000000E+00  0.000000E+00  0.000000E+00
187  1.58382097E-01 -5.369084E+01 -4.696941E+01 -7.381365E-01  8.077610E-03  0.000000E+00  0.000000E+00  0.000000E+00  0.000000E+00  0.000000E+00  0.000000E+00
188  1.69017026E-01 -5.163824E+01 -4.530901E+01 -8.453443E-01  2.394986E-02  0.000000E+00  0.000000E+00  0.000000E+00  0.000000E+00  0.000000E+00  0.000000E+00
189  1.80253219E-01 -4.960393E+01 -4.364177E+01 -9.194477E-01  3.802524E-02  0.000000E+00  0.000000E+00  0.000000E+00  0.000000E+00  0.000000E+00  0.000000E+00
190  1.92115765E-01 -4.759761E+01 -4.197912E+01 -9.547470E-01  4.977815E-02  0.000000E+00  0.000000E+00  0.000000E+00  0.000000E+00  0.000000E+00  0.000000E+00
191  2.04630212E-01 -4.562845E+01 -4.033185E+01 -9.472172E-01  5.880247E-02  0.000000E+00  0.000000E+00  0.000000E+00  0.000000E+00  0.000000E+00  0.000000E+00
192  2.17822550E-01 -4.370406E+01 -3.870903E+01 -8.948391E-01  6.483470E-02  0.000000E+00  0.000000E+00  0.000000E+00  0.000000E+00  0.000000E+00  0.000000E+00
193  2.31719184E-01 -4.182919E+01 -3.711675E+01 -7.978072E-01  6.776593E-02  0.000000E+00  0.000000E+00  0.000000E+00  0.000000E+00  0.000000E+00  0.000000E+00
194  2.46346913E-01 -4.000514E+01 -3.555756E+01 -6.585955E-01  6.764263E-02  0.000000E+00  0.000000E+00  0.000000E+00  0.000000E+00  0.000000E+00  0.000000E+00
195  2.61732907E-01 -3.823045E+01 -3.403119E+01 -4.818742E-01  6.465764E-02  0.000000E+00  0.000000E+00  0.000000E+00  0.000000E+00  0.000000E+00  0.000000E+00
196  2.77904675E-01 -3.650161E+01 -3.253519E+01 -2.742792E-01  5.913293E-02  0.000000E+00  0.000000E+00  0.000000E+00  0.000000E+00  0.000000E+00  0.000000E+00
197  2.94890051E-01 -3.481465E+01 -3.106660E+01 -4.404338E-02  5.149576E-02  0.000000E+00  0.000000E+00  0.000000E+00  0.000000E+00  0.000000E+00  0.000000E+00
198  3.12717157E-01 -3.316634E+01 -2.962314E+01  1.994863E-01  4.224962E-02  0.000000E+00  0.000000E+00  0.000000E+00  0.000000E+00  0.000000E+00  0.000000E+00
199  3.31414384E-01 -3.155444E+01 -2.820343E+01  4.464132E-01  3.194146E-02  0.000000E+00  0.000000E+00  0.000000E+00  0.000000E+00  0.000000E+00  0.000000E+00
200  3.51010366E-01 -2.997793E+01 -2.680726E+01  6.868910E-01  2.112737E-02  0.000000E+00  0.000000E+00  0.000000E+00  0.000000E+00  0.000000E+00  0.000000E+00
201  3.71533949E-01 -2.843674E+01 -2.543537E+01  9.117098E-01  1.033932E-02  0.000000E+00  0.000000E+00  0.000000E+00  0.000000E+00  0.000000E+00  0.000000E+00
202  3.93014171E-01 -2.693212E+01 -2.408971E+01  1.112820E+00  5.559432E-05  0.000000E+00  0.000000E+00  0.000000E+00  0.000000E+00  0.000000E+00  0.000000E+00
203  4.15480230E-01 -2.546627E+01 -2.277318E+01  1.283753E+00 -9.323098E-03  0.000000E+00  0.000000E+00  0.000000E+00  0.000000E+00  0.000000E+00  0.000000E+00
204  4.38961464E-01 -2.404336E+01 -2.149058E+01  1.419899E+00 -1.749024E-02  0.000000E+00  0.000000E+00  0.000000E+00  0.000000E+00  0.000000E+00  0.000000E+00
205  4.63487323E-01 -2.266791E+01 -2.024701E+01  1.518640E+00 -2.424177E-02  0.000000E+00  0.000000E+00  0.000000E+00  0.000000E+00  0.000000E+00  0.000000E+00
206  4.89087345E-01 -2.134472E+01 -1.904781E+01  1.579315E+00 -2.947572E-02  0.000000E+00  0.000000E+00  0.000000E+00  0.000000E+00  0.000000E+00  0.000000E+00
207  5.15791130E-01 -2.007782E+01 -1.789753E+01  1.603064E+00 -3.318408E-02  0.000000E+00  0.000000E+00  0.000000E+00  0.000000E+00  0.000000E+00  0.000000E+00
208  5.43628318E-01 -1.887000E+01 -1.679942E+01  1.592555E+00 -3.543858E-02  0.000000E+00  0.000000E+00  0.000000E+00  0.000000E+00  0.000000E+00  0.000000E+00
209  5.72628568E-01 -1.772253E+01 -1.575520E+01  1.551650E+00 -3.637280E-02  0.000000E+00  0.000000E+00  0.000000E+00  0.000000E+00  0.000000E+00  0.000000E+00
210  6.02821529E-01 -1.663538E+01 -1.476526E+01  1.485038E+00 -3.616303E-02  0.000000E+00  0.000000E+00  0.000000E+00  0.000000E+00  0.000000E+00  0.000000E+00
211  6.34236825E-01 -1.560742E+01 -1.382884E+01  1.397876E+00 -3.500975E-02  0.000000E+00  0.000000E+00  0.000000E+00  0.000000E+00  0.000000E+00  0.000000E+00
212  6.66904031E-01 -1.463651E+01 -1.294415E+01  1.295452E+00 -3.312134E-02  0.000000E+00  0.000000E+00  0.000000E+00  0.000000E+00  0.000000E+00  0.000000E+00
213  7.00852653E-01 -1.372026E+01 -1.210916E+01  1.182901E+00 -3.070067E-02  0.000000E+00  0.000000E+00  0.000000E+00  0.000000E+00  0.000000E+00  0.000000E+00
214  7.36112110E-01 -1.285595E+01 -1.132144E+01  1.064975E+00 -2.793515E-02  0.000000E+00  0.000000E+00  0.000000E+00  0.000000E+00  0.000000E+00  0.000000E+00
215  7.72711714E-01 -1.204076E+01 -1.057849E+01  9.458785E-01 -2.498976E-02  0.000000E+00  0.000000E+00  0.000000E+00  0.000000E+00  0.000000E+00  0.000000E+00
216  8.10680651E-01 -1.127205E+01 -9.877906E+00  8.291565E-01 -2.200319E-02  0.000000E+00  0.000000E+00  0.000000E+00  0.000000E+00  0.000000E+00  0.000000E+00
217  8.50047970E-01 -1.054730E+01 -9.217457E+00  7.176493E-01 -1.908636E-02  0.000000E+00  0.000000E+00  0.000000E+00  0.000000E+00  0.000000E+00  0.000000E+00
218  8.90842562E-01 -9.864217E+00 -8.595072E+00  6.134880E-01 -1.632295E-02  0.000000E+00  0.000000E+00  0.000000E+00  0.000000E+00  0.000000E+00  0.000000E+00
219  9.33093144E-01 -9.220693E+00 -8.008877E+00  5.181316E-01 -1.377136E-02  0.000000E+00  0.000000E+00  0.000000E+00  0.000000E+00  0.000000E+00  0.000000E+00
220  9.76828251E-01 -8.614829E+00 -7.457181E+00  4.324332E-01 -1.146772E-02  0.000000E+00  0.000000E+00  0.000000E+00  0.000000E+00  0.000000E+00  0.000000E+00
221  1.02207622E+00 -8.044892E+00 -6.938446E+00  3.567243E-01 -9.429332E-03  0.000000E+00  0.000000E+00  0.000000E+00  0.000000E+00  0.000000E+00  0.000000E+00
222  1.06886517E+00 -7.509271E+00 -6.451244E+00  2.909097E-01 -7.658474E-03  0.000000E+00  0.000000E+00  0.000000E+00  0.000000E+00  0.000000E+00  0.000000E+00
223  1.11722300E+00 -7.006486E+00 -5.994267E+00  2.345642E-01 -6.145968E-03  0.000000E+00  0.000000E+00  0.000000E+00  0.000000E+00  0.000000E+00  0.000000E+00
224  1.16717739E+00 -6.535066E+00 -5.566203E+00  1.870251E-01 -4.874552E-03  0.000000E+00  0.000000E+00  0.000000E+00  0.000000E+00  0.000000E+00  0.000000E+00
225  1.21875575E+00 -6.093613E+00 -5.165804E+00  1.474757E-01 -3.821805E-03  0.000000E+00  0.000000E+00  0.000000E+00  0.000000E+00  0.000000E+00  0.000000E+00
226  1.27198527E+00 -5.680716E+00 -4.791799E+00  1.150175E-01 -2.962583E-03  0.000000E+00  0.000000E+00  0.000000E+00  0.000000E+00  0.000000E+00  0.000000E+00
227  1.32689285E+00 -5.294978E+00 -4.442921E+00  8.872847E-02 -2.270947E-03  0.000000E+00  0.000000E+00  0.000000E+00  0.000000E+00  0.000000E+00  0.000000E+00
228  1.38350513E+00 -4.934994E+00 -4.117888E+00  6.770870E-02 -1.721602E-03  0.000000E+00  0.000000E+00  0.000000E+00  0.000000E+00  0.000000E+00  0.000000E+00
229  1.44184850E+00 -4.599369E+00 -3.815418E+00  5.111269E-02 -1.290903E-03  0.000000E+00  0.000000E+00  0.000000E+00  0.000000E+00  0.000000E+00  0.000000E+00
230  1.50194903E+00 -4.286716E+00 -3.534230E+00  3.817076E-02 -9.574708E-04  0.000000E+00  0.000000E+00  0.000000E+00  0.000000E+00  0.000000E+00  0.000000E+00
231  1.56383253E+00 -3.995667E+00 -3.273057E+00  2.820074E-02 -7.025174E-04  0.000000E+00  0.000000E+00  0.000000E+00  0.000000E+00  0.000000E+00  0.000000E+00
232  1.62752451E+00 -3.724884E+00 -3.030654E+00  2.061213E-02 -5.099283E-04  0.000000E+00  0.000000E+00  0.000000E+00  0.000000E+00  0.000000E+00  0.000000E+00
233  1.69305019E+00 -3.473068E+00 -2.805809E+00  1.490453E-02 -3.661813E-04  0.000000E+00  0.000000E+00  0.000000E+00  0.000000E+00  0.000000E+00  0.000000E+00
234  1.76043448E+00 -3.238968E+00 -2.597352E+00  1.066213E-02 -2.601515E-04  0.000000E+00  0.000000E+00  0.000000E+00  0.000000E+00  0.000000E+00  0.000000E+00
235  1.82970201E+00 -3.021387E+00 -2.404162E+00  7.545573E-03 -1.828533E-04  0.000000E+00  0.000000E+00  0.000000E+00  0.000000E+00  0.000000E+00  0.000000E+00
236  1.90087709E+00 -2.819185E+00 -2.225172E+00  5.282665E-03 -1.271521E-04  0.000000E+00  0.000000E+00  0.000000E+00  0.000000E+00  0.000000E+00  0.000000E+00
237  1.97398371E+00 -2.631287E+00 -2.059373E+00  3.658583E-03 -8.747453E-05  0.000000E+00  0.000000E+00  0.000000E+00  0.000000E+00  0.000000E+00  0.000000E+00
238  2.04904559E+00 -2.456681E+00 -1.905816E+00  2.506431E-03 -5.953428E-05  0.000000E+00  0.000000E+00  0.000000E+00  0.000000E+00  0.000000E+00  0.000000E+00
239  2.12608610E+00 -2.294422E+00 -1.763613E+00  1.698489E-03 -4.008351E-05  0.000000E+00  0.000000E+00  0.000000E+00  0.000000E+00  0.000000E+00  0.000000E+00
240  2.20512832E+00 -2.143627E+00 -1.631938E+00  1.138449E-03 -2.669687E-05  0.000000E+00  0.000000E+00  0.000000E+00  0.000000E+00  0.000000E+00  0.000000E+00
241  2.28619503E+00 -2.003476E+00 -1.510024E+00  7.547198E-04 -1.758858E-05  0.000000E+00  0.000000E+00  0.000000E+00  0.000000E+00  0.000000E+00  0.000000E+00
242  2.36930869E+00 -1.873213E+00 -1.397159E+00  4.948293E-04 -1.146184E-05  0.000000E+00  0.000000E+00  0.000000E+00  0.000000E+00  0.000000E+00  0.000000E+00
243  2.45449143E+00 -1.752135E+00 -1.292690E+00  3.208474E-04 -7.387628E-06  0.000000E+00  0.000000E+00  0.000000E+00  0.000000E+00  0.000000E+00  0.000000E+00
244  2.54176512E+00 -1.639600E+00 -1.196017E+00  2.057276E-04 -4.709266E-06  0.000000E+00  0.000000E+00  0.000000E+00  0.000000E+00  0.000000E+00  0.000000E+00
245  2.63115127E+00 -1.538712E+00 -1.110283E+00  1.304429E-04 -2.968734E-06  0.000000E+00  0.000000E+00  0.000000E+00  0.000000E+00  0.000000E+00  0.000000E+00
246  2.72267111E+00 -1.451882E+00 -1.037933E+00  8.178397E-05 -1.850736E-06  0.000000E+00  0.000000E+00  0.000000E+00  0.000000E+00  0.000000E+00  0.000000E+00
247  2.81634557E+00 -1.377482E+00 -9.773781E-01  5.070121E-05 -1.140941E-06  0.000000E+00  0.000000E+00  0.000000E+00  0.000000E+00  0.000000E+00  0.000000E+00
248  2.91219527E+00 -1.314017E+00 -9.271561E-01  3.107777E-05 -6.955224E-07  0.000000E+00  0.000000E+00  0.000000E+00  0.000000E+00  0.000000E+00  0.000000E+00
249  3.01024052E+00 -1.260124E+00 -8.859342E-01  1.883383E-05 -4.192453E-07  0.000000E+00  0.000000E+00  0.000000E+00  0.000000E+00  0.000000E+00  0.000000E+00
250  3.11050135E+00 -1.214565E+00 -8.525058E-01  1.128386E-05 -2.498676E-07  0.000000E+00  0.000000E+00  0.000000E+00  0.000000E+00  0.000000E+00  0.000000E+00
251  3.21299748E+00 -1.176227E+00 -8.257849E-01  6.683094E-06 -1.472343E-07  0.000000E+00  0.000000E+00  0.000000E+00  0.000000E+00  0.000000E+00  0.000000E+00
252  3.31774834E+00 -1.144114E+00 -8.048011E-01  3.912615E-06 -8.576988E-08  0.000000E+00  0.000000E+00  0.000000E+00  0.000000E+00  0.000000E+00  0.000000E+00
253  3.42477307E+00 -1.117339E+00 -7.886925E-01  2.264089E-06 -4.939181E-08  0.000000E+00  0.000000E+00  0.000000E+00  0.000000E+00  0.000000E+00  0.000000E+00
254  3.53409052E+00 -1.095119E+00 -7.766988E-01  1.294858E-06 -2.811478E-08  0.000000E+00  0.000000E+00  0.000000E+00  0.000000E+00  0.000000E+00  0.000000E+00
255  3.64571926E+00 -1.076765E+00 -7.681532E-01  7.318424E-07 -1.581750E-08  0.000000E+00  0.000000E+00  0.000000E+00  0.000000E+00  0.000000E+00  0.000000E+00
256  3.75967757E+00 -1.061676E+00 -7.624750E-01  4.087367E-07 -8.794819E-09  0.000000E+00  0.000000E+00  0.000000E+00  0.000000E+00  0.000000E+00  0.000000E+00
257  3.87598346E+00 -1.049330E+00 -7.591618E-01  2.255607E-07 -4.832407E-09  0.000000E+00  0.000000E+00  0.000000E+00  0.000000E+00  0.000000E+00  0.000000E+00
258  3.99465466E+00 -1.039277E+00 -7.577812E-01  1.229815E-07 -2.623665E-09  0.000000E+00  0.000000E+00  0.000000E+00  0.000000E+00  0.000000E+00  0.000000E+00
259  4.11570863E+00 -1.031130E+00 -7.579643E-01  6.624215E-08 -1.407414E-09  0.000000E+00  0.000000E+00  0.000000E+00  0.000000E+00  0.000000E+00  0.000000E+00
260  4.23916256E+00 -1.024559E+00 -7.593979E-01  3.524601E-08 -7.458716E-10  0.000000E+00  0.000000E+00  0.000000E+00  0.000000E+00  0.000000E+00  0.000000E+00
261  4.36503337E+00 -1.019285E+00 -7.618180E-01  1.852374E-08 -3.904762E-10  0.000000E+00  0.000000E+00  0.000000E+00  0.000000E+00  0.000000E+00  0.000000E+00
262  4.49333774E+00 -1.015073E+00 -7.650039E-01  9.615070E-09 -2.019172E-10  0.000000E+00  0.000000E+00  0.000000E+00  0.000000E+00  0.000000E+00  0.000000E+00
263  4.62409207E+00 -1.011726E+00 -7.687721E-01  4.928831E-09 -1.031240E-10  0.000000E+00  0.000000E+00  0.000000E+00  0.000000E+00  0.000000E+00  0.000000E+00
264  4.75731250E+00 -1.009079E+00 -7.729713E-01  2.494972E-09 -5.201334E-11  0.000000E+00  0.000000E+00  0.000000E+00  0.000000E+00  0.000000E+00  0.000000E+00
265  4.89301495E+00 -1.006996E+00 -7.774778E-01  1.247041E-09 -2.590585E-11  0.000000E+00  0.000000E+00  0.000000E+00  0.000000E+00  0.000000E+00  0.000000E+00
266  5.03121507E+00 -1.005365E+00 -7.821914E-01  6.153922E-10 -1.274001E-11  0.000000E+00  0.000000E+00  0.000000E+00  0.000000E+00  0.000000E+00  0.000000E+00
267  5.17192826E+00 -1.004095E+00 -7.870313E-01  2.998081E-10 -6.185737E-12  0.000000E+00  0.000000E+00  0.000000E+00  0.000000E+00  0.000000E+00  0.000000E+00
268  5.31516971E+00 -1.003110E+00 -7.919335E-01  1.441846E-10 -3.041763E-12  0.000000E+00  0.000000E+00  0.000000E+00  0.000000E+00  0.000000E+00  0.000000E+00
269  5.46095435E+00 -1.002351E+00 -7.968475E-01  6.844516E-11 -1.216444E-12  0.000000E+00  0.000000E+00  0.000000E+00  0.000000E+00  0.000000E+00  0.000000E+00
