#      n =  5
#  kappa = -2
# energy = -5.75180434E+02
#zenergy =  0.00000000E+00
#     dn =  4.84630255E+00
# qrnorm =  1.00115634E+00
#SelfEne =  2.72113860E+32
#     vc = -3.14703472E+03
#     vr = -5.85139683E+03
#  ilast =  261
#    ifm =    0
#    cfm =  0.00000000E+00
#    xfm =  0.00000000E+00
#    rfn =  4.11337389E-02
#    pdx =  1.99449229E+00
#   bqp0 = -2.04576239E-05
#   bqp1 =  0.00000000E+00
#    idx = 18
# LEPTON = 0
#   MASS =  1.00000000E+00
# CHARGE =  1.00000000E+00
#  EUNIT =  2.72113860E+01
#  RUNIT =  4.13413733E+16
#  LUNIT =  5.29177211E-01
#    AMU =  1.82288849E+03
#    FSC =  7.29735257E-03


0    1.15648609E-08 -1.400493E-02  9.727812E+07  2.080218E-12 -4.260102E-17  0.000000E+00  0.000000E+00  0.000000E+00  0.000000E+00  0.000000E+00  0.000000E+00
1    1.26829149E-08 -1.535888E-02  8.870266E+07  2.500607E-12 -5.616552E-17  0.000000E+00  0.000000E+00  0.000000E+00  0.000000E+00  0.000000E+00  0.000000E+00
2    1.39090347E-08 -1.684370E-02  8.088330E+07  3.006315E-12 -7.404819E-17  0.000000E+00  0.000000E+00  0.000000E+00  0.000000E+00  0.000000E+00  0.000000E+00
3    1.52536895E-08 -1.847206E-02  7.375324E+07  3.614628E-12 -9.762814E-17  0.000000E+00  0.000000E+00  0.000000E+00  0.000000E+00  0.000000E+00  0.000000E+00
4    1.67283387E-08 -2.025785E-02  6.725171E+07  4.346334E-12 -1.287237E-16  0.000000E+00  0.000000E+00  0.000000E+00  0.000000E+00  0.000000E+00  0.000000E+00
5    1.83455176E-08 -2.221623E-02  6.132341E+07  5.226428E-12 -1.697324E-16  0.000000E+00  0.000000E+00  0.000000E+00  0.000000E+00  0.000000E+00  0.000000E+00
6    2.01190340E-08 -2.436395E-02  5.591770E+07  6.284984E-12 -2.238174E-16  0.000000E+00  0.000000E+00  0.000000E+00  0.000000E+00  0.000000E+00  0.000000E+00
7    2.20640016E-08 -2.671928E-02  5.098851E+07  7.558163E-12 -2.951502E-16  0.000000E+00  0.000000E+00  0.000000E+00  0.000000E+00  0.000000E+00  0.000000E+00
8    2.41969530E-08 -2.930226E-02  4.649391E+07  9.089452E-12 -3.892306E-16  0.000000E+00  0.000000E+00  0.000000E+00  0.000000E+00  0.000000E+00  0.000000E+00
9    2.65360992E-08 -3.213495E-02  4.239551E+07  1.093116E-11 -5.133163E-16  0.000000E+00  0.000000E+00  0.000000E+00  0.000000E+00  0.000000E+00  0.000000E+00
10   2.91013226E-08 -3.524140E-02  3.865845E+07  1.314619E-11 -6.769743E-16  0.000000E+00  0.000000E+00  0.000000E+00  0.000000E+00  0.000000E+00  0.000000E+00
11   3.19145796E-08 -3.864823E-02  3.525074E+07  1.581022E-11 -8.928333E-16  0.000000E+00  0.000000E+00  0.000000E+00  0.000000E+00  0.000000E+00  0.000000E+00
12   3.49996755E-08 -4.238425E-02  3.214353E+07  1.901420E-11 -1.177528E-15  0.000000E+00  0.000000E+00  0.000000E+00  0.000000E+00  0.000000E+00  0.000000E+00
13   3.83829993E-08 -4.648142E-02  2.931021E+07  2.286757E-11 -1.553022E-15  0.000000E+00  0.000000E+00  0.000000E+00  0.000000E+00  0.000000E+00  0.000000E+00
14   4.20933798E-08 -5.097465E-02  2.672663E+07  2.750194E-11 -2.048274E-15  0.000000E+00  0.000000E+00  0.000000E+00  0.000000E+00  0.000000E+00  0.000000E+00
15   4.61623525E-08 -5.590214E-02  2.437083E+07  3.307557E-11 -2.701467E-15  0.000000E+00  0.000000E+00  0.000000E+00  0.000000E+00  0.000000E+00  0.000000E+00
16   5.06246539E-08 -6.130594E-02  2.222268E+07  3.977880E-11 -3.562983E-15  0.000000E+00  0.000000E+00  0.000000E+00  0.000000E+00  0.000000E+00  0.000000E+00
17   5.55182089E-08 -6.723198E-02  2.026392E+07  4.784052E-11 -4.699238E-15  0.000000E+00  0.000000E+00  0.000000E+00  0.000000E+00  0.000000E+00  0.000000E+00
18   6.08846860E-08 -7.373073E-02  1.847783E+07  5.753599E-11 -6.197843E-15  0.000000E+00  0.000000E+00  0.000000E+00  0.000000E+00  0.000000E+00  0.000000E+00
19   6.67698952E-08 -8.085766E-02  1.684918E+07  6.919634E-11 -8.174381E-15  0.000000E+00  0.000000E+00  0.000000E+00  0.000000E+00  0.000000E+00  0.000000E+00
20   7.32238506E-08 -8.867333E-02  1.536410E+07  8.321966E-11 -1.078122E-14  0.000000E+00  0.000000E+00  0.000000E+00  0.000000E+00  0.000000E+00  0.000000E+00
21   8.03015034E-08 -9.724429E-02  1.400994E+07  1.000847E-10 -1.421933E-14  0.000000E+00  0.000000E+00  0.000000E+00  0.000000E+00  0.000000E+00  0.000000E+00
22   8.80632663E-08 -1.066437E-01  1.277514E+07  1.203675E-10 -1.875387E-14  0.000000E+00  0.000000E+00  0.000000E+00  0.000000E+00  0.000000E+00  0.000000E+00
23   9.65750958E-08 -1.169514E-01  1.164919E+07  1.447603E-10 -2.473437E-14  0.000000E+00  0.000000E+00  0.000000E+00  0.000000E+00  0.000000E+00  0.000000E+00
24   1.05909459E-07 -1.282553E-01  1.062249E+07  1.740958E-10 -3.262187E-14  0.000000E+00  0.000000E+00  0.000000E+00  0.000000E+00  0.000000E+00  0.000000E+00
25   1.16145823E-07 -1.406514E-01  9.686299E+06  2.093757E-10 -4.302440E-14  0.000000E+00  0.000000E+00  0.000000E+00  0.000000E+00  0.000000E+00  0.000000E+00
26   1.27371553E-07 -1.542456E-01  8.832617E+06  2.518043E-10 -5.674412E-14  0.000000E+00  0.000000E+00  0.000000E+00  0.000000E+00  0.000000E+00  0.000000E+00
27   1.39681787E-07 -1.691532E-01  8.054202E+06  3.028296E-10 -7.483807E-14  0.000000E+00  0.000000E+00  0.000000E+00  0.000000E+00  0.000000E+00  0.000000E+00
28   1.53181782E-07 -1.855015E-01  7.344388E+06  3.641938E-10 -9.870164E-14  0.000000E+00  0.000000E+00  0.000000E+00  0.000000E+00  0.000000E+00  0.000000E+00
29   1.67986236E-07 -2.034295E-01  6.697142E+06  4.379910E-10 -1.301739E-13  0.000000E+00  0.000000E+00  0.000000E+00  0.000000E+00  0.000000E+00  0.000000E+00
30   1.84220845E-07 -2.230894E-01  6.106958E+06  5.267396E-10 -1.716796E-13  0.000000E+00  0.000000E+00  0.000000E+00  0.000000E+00  0.000000E+00  0.000000E+00
31   2.02024407E-07 -2.446493E-01  5.568784E+06  6.334693E-10 -2.264195E-13  0.000000E+00  0.000000E+00  0.000000E+00  0.000000E+00  0.000000E+00  0.000000E+00
32   2.21547779E-07 -2.682919E-01  5.078054E+06  7.618212E-10 -2.986100E-13  0.000000E+00  0.000000E+00  0.000000E+00  0.000000E+00  0.000000E+00  0.000000E+00
33   2.42957441E-07 -2.942187E-01  4.630577E+06  9.161758E-10 -3.938155E-13  0.000000E+00  0.000000E+00  0.000000E+00  0.000000E+00  0.000000E+00  0.000000E+00
34   2.66435600E-07 -3.226504E-01  4.222538E+06  1.101800E-09 -5.193725E-13  0.000000E+00  0.000000E+00  0.000000E+00  0.000000E+00  0.000000E+00  0.000000E+00
35   2.92182060E-07 -3.538290E-01  3.850463E+06  1.325028E-09 -6.849559E-13  0.000000E+00  0.000000E+00  0.000000E+00  0.000000E+00  0.000000E+00  0.000000E+00
36   3.20415362E-07 -3.880191E-01  3.511186E+06  1.593473E-09 -9.033203E-13  0.000000E+00  0.000000E+00  0.000000E+00  0.000000E+00  0.000000E+00  0.000000E+00
37   3.51376213E-07 -4.255122E-01  3.201809E+06  1.916296E-09 -1.191293E-12  0.000000E+00  0.000000E+00  0.000000E+00  0.000000E+00  0.000000E+00  0.000000E+00
38   3.85327385E-07 -4.666264E-01  2.919703E+06  2.304506E-09 -1.571054E-12  0.000000E+00  0.000000E+00  0.000000E+00  0.000000E+00  0.000000E+00  0.000000E+00
39   4.22558300E-07 -5.117123E-01  2.662457E+06  2.771347E-09 -2.071864E-12  0.000000E+00  0.000000E+00  0.000000E+00  0.000000E+00  0.000000E+00  0.000000E+00
40   4.63384910E-07 -5.611524E-01  2.427885E+06  3.332740E-09 -2.732289E-12  0.000000E+00  0.000000E+00  0.000000E+00  0.000000E+00  0.000000E+00  0.000000E+00
41   5.08154326E-07 -6.153671E-01  2.213988E+06  4.007829E-09 -3.603194E-12  0.000000E+00  0.000000E+00  0.000000E+00  0.000000E+00  0.000000E+00  0.000000E+00
42   5.57247151E-07 -6.748172E-01  2.018942E+06  4.819635E-09 -4.751647E-12  0.000000E+00  0.000000E+00  0.000000E+00  0.000000E+00  0.000000E+00  0.000000E+00
43   6.11081774E-07 -7.400093E-01  1.841082E+06  5.795841E-09 -6.266114E-12  0.000000E+00  0.000000E+00  0.000000E+00  0.000000E+00  0.000000E+00  0.000000E+00
44   6.70114929E-07 -8.114964E-01  1.678897E+06  6.969727E-09 -8.263188E-12  0.000000E+00  0.000000E+00  0.000000E+00  0.000000E+00  0.000000E+00  0.000000E+00
45   7.34847110E-07 -8.898845E-01  1.531008E+06  8.381303E-09 -1.089658E-11  0.000000E+00  0.000000E+00  0.000000E+00  0.000000E+00  0.000000E+00  0.000000E+00
46   8.05830929E-07 -9.758427E-01  1.396148E+06  1.007870E-08 -1.436912E-11  0.000000E+00  0.000000E+00  0.000000E+00  0.000000E+00  0.000000E+00  0.000000E+00
47   8.83666941E-07 -1.070098E+00  1.273174E+06  1.211975E-08 -1.894799E-11  0.000000E+00  0.000000E+00  0.000000E+00  0.000000E+00  0.000000E+00  0.000000E+00
48   9.69016155E-07 -1.173451E+00  1.161038E+06  1.457400E-08 -2.498557E-11  0.000000E+00  0.000000E+00  0.000000E+00  0.000000E+00  0.000000E+00  0.000000E+00
49   1.06260700E-06 -1.286782E+00  1.058780E+06  1.752510E-08 -3.294678E-11  0.000000E+00  0.000000E+00  0.000000E+00  0.000000E+00  0.000000E+00  0.000000E+00
50   1.16522956E-06 -1.411050E+00  9.655356E+05  2.107355E-08 -4.344379E-11  0.000000E+00  0.000000E+00  0.000000E+00  0.000000E+00  0.000000E+00  0.000000E+00
51   1.27775746E-06 -1.547310E+00  8.805065E+05  2.534025E-08 -5.728442E-11  0.000000E+00  0.000000E+00  0.000000E+00  0.000000E+00  0.000000E+00  0.000000E+00
52   1.40114503E-06 -1.696718E+00  8.029697E+05  3.047049E-08 -7.553326E-11  0.000000E+00  0.000000E+00  0.000000E+00  0.000000E+00  0.000000E+00  0.000000E+00
53   1.53644094E-06 -1.860542E+00  7.322640E+05  3.663898E-08 -9.959412E-11  0.000000E+00  0.000000E+00  0.000000E+00  0.000000E+00  0.000000E+00  0.000000E+00
54   1.68479088E-06 -2.040170E+00  6.677884E+05  4.405571E-08 -1.313169E-10  0.000000E+00  0.000000E+00  0.000000E+00  0.000000E+00  0.000000E+00  0.000000E+00
55   1.84745501E-06 -2.237124E+00  6.089931E+05  5.297315E-08 -1.731410E-10  0.000000E+00  0.000000E+00  0.000000E+00  0.000000E+00  0.000000E+00  0.000000E+00
56   2.02581180E-06 -2.453072E+00  5.553779E+05  6.369477E-08 -2.282813E-10  0.000000E+00  0.000000E+00  0.000000E+00  0.000000E+00  0.000000E+00  0.000000E+00
57   2.22137202E-06 -2.689841E+00  5.064864E+05  7.658534E-08 -3.009752E-10  0.000000E+00  0.000000E+00  0.000000E+00  0.000000E+00  0.000000E+00  0.000000E+00
58   2.43579621E-06 -2.949438E+00  4.619018E+05  9.208341E-08 -3.968096E-10  0.000000E+00  0.000000E+00  0.000000E+00  0.000000E+00  0.000000E+00  0.000000E+00
59   2.67089855E-06 -3.234053E+00  4.212449E+05  1.107160E-07 -5.231455E-10  0.000000E+00  0.000000E+00  0.000000E+00  0.000000E+00  0.000000E+00  0.000000E+00
60   2.92867252E-06 -3.546094E+00  3.841694E+05  1.331166E-07 -6.896868E-10  0.000000E+00  0.000000E+00  0.000000E+00  0.000000E+00  0.000000E+00  0.000000E+00
61   3.21130106E-06 -3.888196E+00  3.503596E+05  1.600467E-07 -9.092210E-10  0.000000E+00  0.000000E+00  0.000000E+00  0.000000E+00  0.000000E+00  0.000000E+00
62   3.52117680E-06 -4.263243E+00  3.195279E+05  1.924212E-07 -1.198600E-09  0.000000E+00  0.000000E+00  0.000000E+00  0.000000E+00  0.000000E+00  0.000000E+00
63   3.86092223E-06 -4.674395E+00  2.914142E+05  2.313399E-07 -1.580028E-09  0.000000E+00  0.000000E+00  0.000000E+00  0.000000E+00  0.000000E+00  0.000000E+00
64   4.23340979E-06 -5.125110E+00  2.657719E+05  2.781242E-07 -2.082762E-09  0.000000E+00  0.000000E+00  0.000000E+00  0.000000E+00  0.000000E+00  0.000000E+00
65   4.64179370E-06 -5.619180E+00  2.423902E+05  3.343622E-07 -2.745358E-09  0.000000E+00  0.000000E+00  0.000000E+00  0.000000E+00  0.000000E+00  0.000000E+00
66   5.08952445E-06 -6.160746E+00  2.210690E+05  4.019618E-07 -3.618596E-09  0.000000E+00  0.000000E+00  0.000000E+00  0.000000E+00  0.000000E+00  0.000000E+00
67   5.58038710E-06 -6.754343E+00  2.016245E+05  4.832153E-07 -4.769378E-09  0.000000E+00  0.000000E+00  0.000000E+00  0.000000E+00  0.000000E+00  0.000000E+00
68   6.11852613E-06 -7.404927E+00  1.838909E+05  5.808766E-07 -6.285814E-09  0.000000E+00  0.000000E+00  0.000000E+00  0.000000E+00  0.000000E+00  0.000000E+00
69   6.70848858E-06 -8.117920E+00  1.677201E+05  6.982536E-07 -8.283955E-09  0.000000E+00  0.000000E+00  0.000000E+00  0.000000E+00  0.000000E+00  0.000000E+00
70   7.35525341E-06 -8.899240E+00  1.529733E+05  8.393195E-07 -1.091661E-08  0.000000E+00  0.000000E+00  0.000000E+00  0.000000E+00  0.000000E+00  0.000000E+00
71   8.06427457E-06 -9.755347E+00  1.395236E+05  1.008845E-06 -1.438493E-08  0.000000E+00  0.000000E+00  0.000000E+00  0.000000E+00  0.000000E+00  0.000000E+00
72   8.84153527E-06 -1.069329E+01  1.272589E+05  1.212561E-06 -1.895375E-08  0.000000E+00  0.000000E+00  0.000000E+00  0.000000E+00  0.000000E+00  0.000000E+00
73   9.69358386E-06 -1.172075E+01  1.160742E+05  1.457343E-06 -2.497155E-08  0.000000E+00  0.000000E+00  0.000000E+00  0.000000E+00  0.000000E+00  0.000000E+00
74   1.06275978E-05 -1.284609E+01  1.058735E+05  1.751448E-06 -3.289681E-08  0.000000E+00  0.000000E+00  0.000000E+00  0.000000E+00  0.000000E+00  0.000000E+00
75   1.16514403E-05 -1.407839E+01  9.657086E+04  2.104780E-06 -4.333255E-08  0.000000E+00  0.000000E+00  0.000000E+00  0.000000E+00  0.000000E+00  0.000000E+00
76   1.27737289E-05 -1.542749E+01  8.808759E+04  2.529225E-06 -5.707167E-08  0.000000E+00  0.000000E+00  0.000000E+00  0.000000E+00  0.000000E+00  0.000000E+00
77   1.40038977E-05 -1.690408E+01  8.035094E+04  3.039033E-06 -7.515612E-08  0.000000E+00  0.000000E+00  0.000000E+00  0.000000E+00  0.000000E+00  0.000000E+00
78   1.53522870E-05 -1.851965E+01  7.329557E+04  3.651288E-06 -9.895472E-08  0.000000E+00  0.000000E+00  0.000000E+00  0.000000E+00  0.000000E+00  0.000000E+00
79   1.68302210E-05 -2.028662E+01  6.686189E+04  4.386462E-06 -1.302644E-07  0.000000E+00  0.000000E+00  0.000000E+00  0.000000E+00  0.000000E+00  0.000000E+00
80   1.84501011E-05 -2.221825E+01  6.099506E+04  5.269070E-06 -1.714427E-07  0.000000E+00  0.000000E+00  0.000000E+00  0.000000E+00  0.000000E+00  0.000000E+00
81   2.02255125E-05 -2.432870E+01  5.564554E+04  6.328455E-06 -2.255798E-07  0.000000E+00  0.000000E+00  0.000000E+00  0.000000E+00  0.000000E+00  0.000000E+00
82   2.21713326E-05 -2.663297E+01  5.076833E+04  7.599711E-06 -2.967229E-07  0.000000E+00  0.000000E+00  0.000000E+00  0.000000E+00  0.000000E+00  0.000000E+00
83   2.43038545E-05 -2.914683E+01  4.632236E+04  9.124771E-06 -3.901655E-07  0.000000E+00  0.000000E+00  0.000000E+00  0.000000E+00  0.000000E+00  0.000000E+00
84   2.66409166E-05 -3.188664E+01  4.227041E+04  1.095369E-05 -5.128227E-07  0.000000E+00  0.000000E+00  0.000000E+00  0.000000E+00  0.000000E+00  0.000000E+00
85   2.92020567E-05 -3.486920E+01  3.857886E+04  1.314615E-05 -6.737123E-07  0.000000E+00  0.000000E+00  0.000000E+00  0.000000E+00  0.000000E+00  0.000000E+00
86   3.20086582E-05 -3.811134E+01  3.521724E+04  1.577322E-05 -8.845703E-07  0.000000E+00  0.000000E+00  0.000000E+00  0.000000E+00  0.000000E+00  0.000000E+00
87   3.50841408E-05 -4.162952E+01  3.215836E+04  1.891934E-05 -1.160635E-06  0.000000E+00  0.000000E+00  0.000000E+00  0.000000E+00  0.000000E+00  0.000000E+00
88   3.84541339E-05 -4.543911E+01  2.937792E+04  2.268471E-05 -1.521635E-06  0.000000E+00  0.000000E+00  0.000000E+00  0.000000E+00  0.000000E+00  0.000000E+00
89   4.21466969E-05 -4.955347E+01  2.685450E+04  2.718792E-05 -1.993018E-06  0.000000E+00  0.000000E+00  0.000000E+00  0.000000E+00  0.000000E+00  0.000000E+00
90   4.61925374E-05 -5.398269E+01  2.456973E+04  3.256896E-05 -2.607476E-06  0.000000E+00  0.000000E+00  0.000000E+00  0.000000E+00  0.000000E+00  0.000000E+00
91   5.06252644E-05 -5.873181E+01  2.250802E+04  3.899262E-05 -3.406785E-06  0.000000E+00  0.000000E+00  0.000000E+00  0.000000E+00  0.000000E+00  0.000000E+00
92   5.54816568E-05 -6.379851E+01  2.065711E+04  4.665217E-05 -4.443981E-06  0.000000E+00  0.000000E+00  0.000000E+00  0.000000E+00  0.000000E+00  0.000000E+00
93   6.08019566E-05 -6.916990E+01  1.900835E+04  5.577346E-05 -5.785865E-06  0.000000E+00  0.000000E+00  0.000000E+00  0.000000E+00  0.000000E+00  0.000000E+00
94   6.66301905E-05 -7.481831E+01  1.755692E+04  6.661935E-05 -7.515729E-06  0.000000E+00  0.000000E+00  0.000000E+00  0.000000E+00  0.000000E+00  0.000000E+00
95   7.30145262E-05 -8.069569E+01  1.630296E+04  7.949452E-05 -9.736110E-06  0.000000E+00  0.000000E+00  0.000000E+00  0.000000E+00  0.000000E+00  0.000000E+00
96   8.00076459E-05 -8.672615E+01  1.525245E+04  9.475067E-05 -1.257116E-05  0.000000E+00  0.000000E+00  0.000000E+00  0.000000E+00  0.000000E+00  0.000000E+00
97   8.76671724E-05 -9.279635E+01  1.441828E+04  1.127926E-04 -1.616792E-05  0.000000E+00  0.000000E+00  0.000000E+00  0.000000E+00  0.000000E+00  0.000000E+00
98   9.60561177E-05 -9.874331E+01  1.382075E+04  1.340856E-04 -2.069536E-05  0.000000E+00  0.000000E+00  0.000000E+00  0.000000E+00  0.000000E+00  0.000000E+00
99   1.05243380E-04 -1.043404E+02  1.348165E+04  1.591662E-04 -2.633942E-05  0.000000E+00  0.000000E+00  0.000000E+00  0.000000E+00  0.000000E+00  0.000000E+00
100  1.15304286E-04 -1.092870E+02  1.337208E+04  1.886581E-04 -3.329173E-05  0.000000E+00  0.000000E+00  0.000000E+00  0.000000E+00  0.000000E+00  0.000000E+00
101  1.26321174E-04 -1.132234E+02  1.323612E+04  2.232926E-04 -4.173066E-05  0.000000E+00  0.000000E+00  0.000000E+00  0.000000E+00  0.000000E+00  0.000000E+00
102  1.38384038E-04 -1.158429E+02  1.257575E+04  2.639187E-04 -5.179988E-05  0.000000E+00  0.000000E+00  0.000000E+00  0.000000E+00  0.000000E+00  0.000000E+00
103  1.51591221E-04 -1.171630E+02  1.123629E+04  3.115587E-04 -6.361151E-05  0.000000E+00  0.000000E+00  0.000000E+00  0.000000E+00  0.000000E+00  0.000000E+00
104  1.66050171E-04 -1.176381E+02  9.744591E+03  3.675120E-04 -7.730585E-05  0.000000E+00  0.000000E+00  0.000000E+00  0.000000E+00  0.000000E+00  0.000000E+00
105  1.81878269E-04 -1.177587E+02  8.586747E+03  4.332716E-04 -9.312577E-05  0.000000E+00  0.000000E+00  0.000000E+00  0.000000E+00  0.000000E+00  0.000000E+00
106  1.99203718E-04 -1.177710E+02  7.729690E+03  5.105235E-04 -1.114328E-04  0.000000E+00  0.000000E+00  0.000000E+00  0.000000E+00  0.000000E+00  0.000000E+00
107  2.18166523E-04 -1.177555E+02  7.008541E+03  6.012672E-04 -1.326868E-04  0.000000E+00  0.000000E+00  0.000000E+00  0.000000E+00  0.000000E+00  0.000000E+00
108  2.38919536E-04 -1.177325E+02  6.361021E+03  7.078568E-04 -1.574354E-04  0.000000E+00  0.000000E+00  0.000000E+00  0.000000E+00  0.000000E+00  0.000000E+00
109  2.61629613E-04 -1.177063E+02  5.771850E+03  8.330413E-04 -1.863185E-04  0.000000E+00  0.000000E+00  0.000000E+00  0.000000E+00  0.000000E+00  0.000000E+00
110  2.86478853E-04 -1.176774E+02  5.234752E+03  9.800300E-04 -2.200799E-04  0.000000E+00  0.000000E+00  0.000000E+00  0.000000E+00  0.000000E+00  0.000000E+00
111  3.13665949E-04 -1.176457E+02  4.745097E+03  1.152569E-03 -2.595840E-04  0.000000E+00  0.000000E+00  0.000000E+00  0.000000E+00  0.000000E+00  0.000000E+00
112  3.43407645E-04 -1.176109E+02  4.298763E+03  1.355029E-03 -3.058365E-04  0.000000E+00  0.000000E+00  0.000000E+00  0.000000E+00  0.000000E+00  0.000000E+00
113  3.75940327E-04 -1.175729E+02  3.891988E+03  1.592505E-03 -3.600067E-04  0.000000E+00  0.000000E+00  0.000000E+00  0.000000E+00  0.000000E+00  0.000000E+00
114  4.11521736E-04 -1.175312E+02  3.521334E+03  1.870933E-03 -4.234552E-04  0.000000E+00  0.000000E+00  0.000000E+00  0.000000E+00  0.000000E+00  0.000000E+00
115  4.50432816E-04 -1.174856E+02  3.183665E+03  2.197219E-03 -4.977635E-04  0.000000E+00  0.000000E+00  0.000000E+00  0.000000E+00  0.000000E+00  0.000000E+00
116  4.92979739E-04 -1.174357E+02  2.876122E+03  2.579392E-03 -5.847698E-04  0.000000E+00  0.000000E+00  0.000000E+00  0.000000E+00  0.000000E+00  0.000000E+00
117  5.39496058E-04 -1.173812E+02  2.596096E+03  3.026771E-03 -6.866081E-04  0.000000E+00  0.000000E+00  0.000000E+00  0.000000E+00  0.000000E+00  0.000000E+00
118  5.90345054E-04 -1.173217E+02  2.341207E+03  3.550165E-03 -8.057540E-04  0.000000E+00  0.000000E+00  0.000000E+00  0.000000E+00  0.000000E+00  0.000000E+00
119  6.45922271E-04 -1.172567E+02  2.109281E+03  4.162088E-03 -9.450755E-04  0.000000E+00  0.000000E+00  0.000000E+00  0.000000E+00  0.000000E+00  0.000000E+00
120  7.06658237E-04 -1.171858E+02  1.898335E+03  4.877005E-03 -1.107891E-03  0.000000E+00  0.000000E+00  0.000000E+00  0.000000E+00  0.000000E+00  0.000000E+00
121  7.73021408E-04 -1.171085E+02  1.706558E+03  5.711616E-03 -1.298036E-03  0.000000E+00  0.000000E+00  0.000000E+00  0.000000E+00  0.000000E+00  0.000000E+00
122  8.45521327E-04 -1.170243E+02  1.532295E+03  6.685155E-03 -1.519934E-03  0.000000E+00  0.000000E+00  0.000000E+00  0.000000E+00  0.000000E+00  0.000000E+00
123  9.24712037E-04 -1.169327E+02  1.374033E+03  7.819740E-03 -1.778677E-03  0.000000E+00  0.000000E+00  0.000000E+00  0.000000E+00  0.000000E+00  0.000000E+00
124  1.01119573E-03 -1.168331E+02  1.230388E+03  9.140742E-03 -2.080120E-03  0.000000E+00  0.000000E+00  0.000000E+00  0.000000E+00  0.000000E+00  0.000000E+00
125  1.10562670E-03 -1.167249E+02  1.100094E+03  1.067720E-02 -2.430977E-03  0.000000E+00  0.000000E+00  0.000000E+00  0.000000E+00  0.000000E+00  0.000000E+00
126  1.20871555E-03 -1.166074E+02  9.819921E+02  1.246226E-02 -2.838928E-03  0.000000E+00  0.000000E+00  0.000000E+00  0.000000E+00  0.000000E+00  0.000000E+00
127  1.32123368E-03 -1.164799E+02  8.750203E+02  1.453363E-02 -3.312738E-03  0.000000E+00  0.000000E+00  0.000000E+00  0.000000E+00  0.000000E+00  0.000000E+00
128  1.44401822E-03 -1.163419E+02  7.782048E+02  1.693411E-02 -3.862384E-03  0.000000E+00  0.000000E+00  0.000000E+00  0.000000E+00  0.000000E+00  0.000000E+00
129  1.57797710E-03 -1.161924E+02  6.906523E+02  1.971206E-02 -4.499180E-03  0.000000E+00  0.000000E+00  0.000000E+00  0.000000E+00  0.000000E+00  0.000000E+00
130  1.72409469E-03 -1.160308E+02  6.115431E+02  2.292193E-02 -5.235920E-03  0.000000E+00  0.000000E+00  0.000000E+00  0.000000E+00  0.000000E+00  0.000000E+00
131  1.88343761E-03 -1.158563E+02  5.401246E+02  2.662474E-02 -6.087013E-03  0.000000E+00  0.000000E+00  0.000000E+00  0.000000E+00  0.000000E+00  0.000000E+00
132  2.05716112E-03 -1.156680E+02  4.757055E+02  3.088853E-02 -7.068619E-03  0.000000E+00  0.000000E+00  0.000000E+00  0.000000E+00  0.000000E+00  0.000000E+00
133  2.24651576E-03 -1.154650E+02  4.176510E+02  3.578877E-02 -8.198778E-03  0.000000E+00  0.000000E+00  0.000000E+00  0.000000E+00  0.000000E+00  0.000000E+00
134  2.45285451E-03 -1.152466E+02  3.653781E+02  4.140856E-02 -9.497522E-03  0.000000E+00  0.000000E+00  0.000000E+00  0.000000E+00  0.000000E+00  0.000000E+00
135  2.67764033E-03 -1.150117E+02  3.183515E+02  4.783881E-02 -1.098697E-02  0.000000E+00  0.000000E+00  0.000000E+00  0.000000E+00  0.000000E+00  0.000000E+00
136  2.92245423E-03 -1.147595E+02  2.760801E+02  5.517805E-02 -1.269136E-02  0.000000E+00  0.000000E+00  0.000000E+00  0.000000E+00  0.000000E+00  0.000000E+00
137  3.18900373E-03 -1.144889E+02  2.381137E+02  6.353202E-02 -1.463709E-02  0.000000E+00  0.000000E+00  0.000000E+00  0.000000E+00  0.000000E+00  0.000000E+00
138  3.47913183E-03 -1.141989E+02  2.040401E+02  7.301289E-02 -1.685262E-02  0.000000E+00  0.000000E+00  0.000000E+00  0.000000E+00  0.000000E+00  0.000000E+00
139  3.79482653E-03 -1.138885E+02  1.734822E+02  8.373784E-02 -1.936834E-02  0.000000E+00  0.000000E+00  0.000000E+00  0.000000E+00  0.000000E+00  0.000000E+00
140  4.13823075E-03 -1.135566E+02  1.460958E+02  9.582720E-02 -2.221629E-02  0.000000E+00  0.000000E+00  0.000000E+00  0.000000E+00  0.000000E+00  0.000000E+00
141  4.51165288E-03 -1.132020E+02  1.215670E+02  1.094016E-01 -2.542979E-02  0.000000E+00  0.000000E+00  0.000000E+00  0.000000E+00  0.000000E+00  0.000000E+00
142  4.91757775E-03 -1.128236E+02  9.961068E+01  1.245786E-01 -2.904281E-02  0.000000E+00  0.000000E+00  0.000000E+00  0.000000E+00  0.000000E+00  0.000000E+00
143  5.35867819E-03 -1.124200E+02  7.996760E+01  1.414674E-01 -3.308925E-02  0.000000E+00  0.000000E+00  0.000000E+00  0.000000E+00  0.000000E+00  0.000000E+00
144  5.83782708E-03 -1.119899E+02  6.240310E+01  1.601634E-01 -3.760189E-02  0.000000E+00  0.000000E+00  0.000000E+00  0.000000E+00  0.000000E+00  0.000000E+00
145  6.35810994E-03 -1.115319E+02  4.670515E+01  1.807406E-01 -4.261109E-02  0.000000E+00  0.000000E+00  0.000000E+00  0.000000E+00  0.000000E+00  0.000000E+00
146  6.92283800E-03 -1.110446E+02  3.268253E+01  2.032425E-01 -4.814320E-02  0.000000E+00  0.000000E+00  0.000000E+00  0.000000E+00  0.000000E+00  0.000000E+00
147  7.53556184E-03 -1.105262E+02  2.016330E+01  2.276715E-01 -5.421863E-02  0.000000E+00  0.000000E+00  0.000000E+00  0.000000E+00  0.000000E+00  0.000000E+00
148  8.20008540E-03 -1.099753E+02  8.993079E+00  2.539768E-01 -6.084948E-02  0.000000E+00  0.000000E+00  0.000000E+00  0.000000E+00  0.000000E+00  0.000000E+00
149  8.92048061E-03 -1.093900E+02 -9.663864E-01  2.820403E-01 -6.803697E-02  0.000000E+00  0.000000E+00  0.000000E+00  0.000000E+00  0.000000E+00  0.000000E+00
150  9.70110233E-03 -1.087687E+02 -9.838580E+00  3.116613E-01 -7.576836E-02  0.000000E+00  0.000000E+00  0.000000E+00  0.000000E+00  0.000000E+00  0.000000E+00
151  1.05466038E-02 -1.081096E+02 -1.773372E+01  3.425398E-01 -8.401365E-02  0.000000E+00  0.000000E+00  0.000000E+00  0.000000E+00  0.000000E+00  0.000000E+00
152  1.14619522E-02 -1.074110E+02 -2.474997E+01  3.742600E-01 -9.272206E-02  0.000000E+00  0.000000E+00  0.000000E+00  0.000000E+00  0.000000E+00  0.000000E+00
153  1.24524453E-02 -1.066710E+02 -3.097470E+01  4.062736E-01 -1.018184E-01  0.000000E+00  0.000000E+00  0.000000E+00  0.000000E+00  0.000000E+00  0.000000E+00
154  1.35237272E-02 -1.058881E+02 -3.648562E+01  4.378849E-01 -1.111994E-01  0.000000E+00  0.000000E+00  0.000000E+00  0.000000E+00  0.000000E+00  0.000000E+00
155  1.46818055E-02 -1.050604E+02 -4.135184E+01  4.682385E-01 -1.207306E-01  0.000000E+00  0.000000E+00  0.000000E+00  0.000000E+00  0.000000E+00  0.000000E+00
156  1.59330676E-02 -1.041864E+02 -4.563479E+01  4.963126E-01 -1.302435E-01  0.000000E+00  0.000000E+00  0.000000E+00  0.000000E+00  0.000000E+00  0.000000E+00
157  1.72842982E-02 -1.032646E+02 -4.938914E+01  5.209190E-01 -1.395340E-01  0.000000E+00  0.000000E+00  0.000000E+00  0.000000E+00  0.000000E+00  0.000000E+00
158  1.87426958E-02 -1.022936E+02 -5.266346E+01  5.407123E-01 -1.483618E-01  0.000000E+00  0.000000E+00  0.000000E+00  0.000000E+00  0.000000E+00  0.000000E+00
159  2.03158900E-02 -1.012724E+02 -5.550101E+01  5.542114E-01 -1.564522E-01  0.000000E+00  0.000000E+00  0.000000E+00  0.000000E+00  0.000000E+00  0.000000E+00
160  2.20119577E-02 -1.002001E+02 -5.794035E+01  5.598368E-01 -1.634991E-01  0.000000E+00  0.000000E+00  0.000000E+00  0.000000E+00  0.000000E+00  0.000000E+00
161  2.38394405E-02 -9.907613E+01 -6.001594E+01  5.559631E-01 -1.691933E-01  0.000000E+00  0.000000E+00  0.000000E+00  0.000000E+00  0.000000E+00  0.000000E+00
162  2.58073603E-02 -9.790002E+01 -6.175857E+01  5.409917E-01 -1.731734E-01  0.000000E+00  0.000000E+00  0.000000E+00  0.000000E+00  0.000000E+00  0.000000E+00
163  2.79252358E-02 -9.667147E+01 -6.319572E+01  5.134427E-01 -1.750911E-01  0.000000E+00  0.000000E+00  0.000000E+00  0.000000E+00  0.000000E+00  0.000000E+00
164  3.02030972E-02 -9.539015E+01 -6.435195E+01  4.720661E-01 -1.746115E-01  0.000000E+00  0.000000E+00  0.000000E+00  0.000000E+00  0.000000E+00  0.000000E+00
165  3.26515018E-02 -9.405570E+01 -6.524908E+01  4.159693E-01 -1.714312E-01  0.000000E+00  0.000000E+00  0.000000E+00  0.000000E+00  0.000000E+00  0.000000E+00
166  3.52815476E-02 -9.266759E+01 -6.590653E+01  3.447567E-01 -1.652999E-01  0.000000E+00  0.000000E+00  0.000000E+00  0.000000E+00  0.000000E+00  0.000000E+00
167  3.81048870E-02 -9.122534E+01 -6.634158E+01  2.586724E-01 -1.560442E-01  0.000000E+00  0.000000E+00  0.000000E+00  0.000000E+00  0.000000E+00  0.000000E+00
168  4.11337389E-02 -8.972850E+01 -6.656972E+01  1.587376E-01 -1.435904E-01  0.000000E+00  0.000000E+00  0.000000E+00  0.000000E+00  0.000000E+00  0.000000E+00
169  4.43809006E-02 -8.817692E+01 -6.660503E+01  4.686705E-02 -1.279875E-01  0.000000E+00  0.000000E+00  0.000000E+00  0.000000E+00  0.000000E+00  0.000000E+00
170  4.78597577E-02 -8.657087E+01 -6.646049E+01 -7.404951E-02 -1.094263E-01  0.000000E+00  0.000000E+00  0.000000E+00  0.000000E+00  0.000000E+00  0.000000E+00
171  5.15842936E-02 -8.491107E+01 -6.614825E+01 -2.001177E-01 -8.825229E-02  0.000000E+00  0.000000E+00  0.000000E+00  0.000000E+00  0.000000E+00  0.000000E+00
172  5.55690974E-02 -8.319883E+01 -6.567995E+01 -3.264781E-01 -6.497167E-02  0.000000E+00  0.000000E+00  0.000000E+00  0.000000E+00  0.000000E+00  0.000000E+00
173  5.98293704E-02 -8.143607E+01 -6.506680E+01 -4.474275E-01 -4.024595E-02  0.000000E+00  0.000000E+00  0.000000E+00  0.000000E+00  0.000000E+00  0.000000E+00
174  6.43809311E-02 -7.962579E+01 -6.432014E+01 -5.566335E-01 -1.487535E-02  0.000000E+00  0.000000E+00  0.000000E+00  0.000000E+00  0.000000E+00  0.000000E+00
175  6.92402193E-02 -7.777170E+01 -6.345121E+01 -6.474426E-01  1.023069E-02  0.000000E+00  0.000000E+00  0.000000E+00  0.000000E+00  0.000000E+00  0.000000E+00
176  7.44242976E-02 -7.587873E+01 -6.247164E+01 -7.132769E-01  3.409539E-02  0.000000E+00  0.000000E+00  0.000000E+00  0.000000E+00  0.000000E+00  0.000000E+00
177  7.99508523E-02 -7.395222E+01 -6.139277E+01 -7.481020E-01  5.572706E-02  0.000000E+00  0.000000E+00  0.000000E+00  0.000000E+00  0.000000E+00  0.000000E+00
178  8.58381920E-02 -7.199754E+01 -6.022541E+01 -7.469372E-01  7.417907E-02  0.000000E+00  0.000000E+00  0.000000E+00  0.000000E+00  0.000000E+00  0.000000E+00
179  9.21052452E-02 -7.001946E+01 -5.897923E+01 -7.063720E-01  8.861294E-02  0.000000E+00  0.000000E+00  0.000000E+00  0.000000E+00  0.000000E+00  0.000000E+00
180  9.87715551E-02 -6.802176E+01 -5.766248E+01 -6.250413E-01  9.836010E-02  0.000000E+00  0.000000E+00  0.000000E+00  0.000000E+00  0.000000E+00  0.000000E+00
181  1.05857274E-01 -6.600685E+01 -5.628163E+01 -5.040103E-01  1.029766E-01  0.000000E+00  0.000000E+00  0.000000E+00  0.000000E+00  0.000000E+00  0.000000E+00
182  1.13383155E-01 -6.397696E+01 -5.484259E+01 -3.470167E-01  1.022865E-01  0.000000E+00  0.000000E+00  0.000000E+00  0.000000E+00  0.000000E+00  0.000000E+00
183  1.21370544E-01 -6.193361E+01 -5.335024E+01 -1.605261E-01  9.640798E-02  0.000000E+00  0.000000E+00  0.000000E+00  0.000000E+00  0.000000E+00  0.000000E+00
184  1.29841364E-01 -5.987948E+01 -5.181025E+01  4.643451E-02  8.575907E-02  0.000000E+00  0.000000E+00  0.000000E+00  0.000000E+00  0.000000E+00  0.000000E+00
185  1.38818110E-01 -5.781785E+01 -5.022866E+01  2.626777E-01  7.104010E-02  0.000000E+00  0.000000E+00  0.000000E+00  0.000000E+00  0.000000E+00  0.000000E+00
186  1.48323826E-01 -5.575307E+01 -4.861237E+01  4.754818E-01  5.319210E-02  0.000000E+00  0.000000E+00  0.000000E+00  0.000000E+00  0.000000E+00  0.000000E+00
187  1.58382097E-01 -5.369084E+01 -4.696941E+01  6.714053E-01  3.333410E-02  0.000000E+00  0.000000E+00  0.000000E+00  0.000000E+00  0.000000E+00  0.000000E+00
188  1.69017026E-01 -5.163824E+01 -4.530901E+01  8.372268E-01  1.268399E-02  0.000000E+00  0.000000E+00  0.000000E+00  0.000000E+00  0.000000E+00  0.000000E+00
189  1.80253219E-01 -4.960393E+01 -4.364177E+01  9.609300E-01 -7.529808E-03  0.000000E+00  0.000000E+00  0.000000E+00  0.000000E+00  0.000000E+00  0.000000E+00
190  1.92115765E-01 -4.759761E+01 -4.197912E+01  1.032640E+00 -2.615721E-02  0.000000E+00  0.000000E+00  0.000000E+00  0.000000E+00  0.000000E+00  0.000000E+00
191  2.04630212E-01 -4.562845E+01 -4.033185E+01  1.045419E+00 -4.220636E-02  0.000000E+00  0.000000E+00  0.000000E+00  0.000000E+00  0.000000E+00  0.000000E+00
192  2.17822550E-01 -4.370406E+01 -3.870903E+01  9.958506E-01 -5.490690E-02  0.000000E+00  0.000000E+00  0.000000E+00  0.000000E+00  0.000000E+00  0.000000E+00
193  2.31719184E-01 -4.182919E+01 -3.711675E+01  8.843489E-01 -6.375118E-02  0.000000E+00  0.000000E+00  0.000000E+00  0.000000E+00  0.000000E+00  0.000000E+00
194  2.46346913E-01 -4.000514E+01 -3.555756E+01  7.151742E-01 -6.851187E-02  0.000000E+00  0.000000E+00  0.000000E+00  0.000000E+00  0.000000E+00  0.000000E+00
195  2.61732907E-01 -3.823045E+01 -3.403119E+01  4.961511E-01 -6.923690E-02  0.000000E+00  0.000000E+00  0.000000E+00  0.000000E+00  0.000000E+00  0.000000E+00
196  2.77904675E-01 -3.650161E+01 -3.253519E+01  2.381112E-01 -6.622469E-02  0.000000E+00  0.000000E+00  0.000000E+00  0.000000E+00  0.000000E+00  0.000000E+00
197  2.94890051E-01 -3.481465E+01 -3.106660E+01 -4.589262E-02 -5.998325E-02  0.000000E+00  0.000000E+00  0.000000E+00  0.000000E+00  0.000000E+00  0.000000E+00
198  3.12717157E-01 -3.316634E+01 -2.962314E+01 -3.415351E-01 -5.117712E-02  0.000000E+00  0.000000E+00  0.000000E+00  0.000000E+00  0.000000E+00  0.000000E+00
199  3.31414384E-01 -3.155444E+01 -2.820343E+01 -6.342471E-01 -4.056659E-02  0.000000E+00  0.000000E+00  0.000000E+00  0.000000E+00  0.000000E+00  0.000000E+00
200  3.51010366E-01 -2.997793E+01 -2.680726E+01 -9.102299E-01 -2.894457E-02  0.000000E+00  0.000000E+00  0.000000E+00  0.000000E+00  0.000000E+00  0.000000E+00
201  3.71533949E-01 -2.843674E+01 -2.543537E+01 -1.157364E+00 -1.707655E-02  0.000000E+00  0.000000E+00  0.000000E+00  0.000000E+00  0.000000E+00  0.000000E+00
202  3.93014171E-01 -2.693212E+01 -2.408971E+01 -1.365936E+00 -5.648717E-03  0.000000E+00  0.000000E+00  0.000000E+00  0.000000E+00  0.000000E+00  0.000000E+00
203  4.15480230E-01 -2.546627E+01 -2.277318E+01 -1.529119E+00  4.771741E-03  0.000000E+00  0.000000E+00  0.000000E+00  0.000000E+00  0.000000E+00  0.000000E+00
204  4.38961464E-01 -2.404336E+01 -2.149058E+01 -1.643197E+00  1.376229E-02  0.000000E+00  0.000000E+00  0.000000E+00  0.000000E+00  0.000000E+00  0.000000E+00
205  4.63487323E-01 -2.266791E+01 -2.024701E+01 -1.707499E+00  2.105523E-02  0.000000E+00  0.000000E+00  0.000000E+00  0.000000E+00  0.000000E+00  0.000000E+00
206  4.89087345E-01 -2.134472E+01 -1.904781E+01 -1.724115E+00  2.653317E-02  0.000000E+00  0.000000E+00  0.000000E+00  0.000000E+00  0.000000E+00  0.000000E+00
207  5.15791130E-01 -2.007782E+01 -1.789753E+01 -1.697419E+00  3.021225E-02  0.000000E+00  0.000000E+00  0.000000E+00  0.000000E+00  0.000000E+00  0.000000E+00
208  5.43628318E-01 -1.887000E+01 -1.679942E+01 -1.633479E+00  3.221672E-02  0.000000E+00  0.000000E+00  0.000000E+00  0.000000E+00  0.000000E+00  0.000000E+00
209  5.72628568E-01 -1.772253E+01 -1.575520E+01 -1.539430E+00  3.274906E-02  0.000000E+00  0.000000E+00  0.000000E+00  0.000000E+00  0.000000E+00  0.000000E+00
210  6.02821529E-01 -1.663538E+01 -1.476526E+01 -1.422864E+00  3.205974E-02  0.000000E+00  0.000000E+00  0.000000E+00  0.000000E+00  0.000000E+00  0.000000E+00
211  6.34236825E-01 -1.560742E+01 -1.382884E+01 -1.291297E+00  3.041958E-02  0.000000E+00  0.000000E+00  0.000000E+00  0.000000E+00  0.000000E+00  0.000000E+00
212  6.66904031E-01 -1.463651E+01 -1.294415E+01 -1.151728E+00  2.809668E-02  0.000000E+00  0.000000E+00  0.000000E+00  0.000000E+00  0.000000E+00  0.000000E+00
213  7.00852653E-01 -1.372026E+01 -1.210916E+01 -1.010323E+00  2.533912E-02  0.000000E+00  0.000000E+00  0.000000E+00  0.000000E+00  0.000000E+00  0.000000E+00
214  7.36112110E-01 -1.285595E+01 -1.132144E+01 -8.722138E-01  2.236320E-02  0.000000E+00  0.000000E+00  0.000000E+00  0.000000E+00  0.000000E+00  0.000000E+00
215  7.72711714E-01 -1.204076E+01 -1.057849E+01 -7.414079E-01  1.934703E-02  0.000000E+00  0.000000E+00  0.000000E+00  0.000000E+00  0.000000E+00  0.000000E+00
216  8.10680651E-01 -1.127205E+01 -9.877906E+00 -6.207889E-01  1.642843E-02  0.000000E+00  0.000000E+00  0.000000E+00  0.000000E+00  0.000000E+00  0.000000E+00
217  8.50047970E-01 -1.054730E+01 -9.217457E+00 -5.121926E-01  1.370631E-02  0.000000E+00  0.000000E+00  0.000000E+00  0.000000E+00  0.000000E+00  0.000000E+00
218  8.90842562E-01 -9.864217E+00 -8.595072E+00 -4.165340E-01  1.124447E-02  0.000000E+00  0.000000E+00  0.000000E+00  0.000000E+00  0.000000E+00  0.000000E+00
219  9.33093144E-01 -9.220693E+00 -8.008877E+00 -3.339641E-01  9.076822E-03  0.000000E+00  0.000000E+00  0.000000E+00  0.000000E+00  0.000000E+00  0.000000E+00
220  9.76828251E-01 -8.614829E+00 -7.457181E+00 -2.640391E-01  7.213308E-03  0.000000E+00  0.000000E+00  0.000000E+00  0.000000E+00  0.000000E+00  0.000000E+00
221  1.02207622E+00 -8.044892E+00 -6.938446E+00 -2.058866E-01  5.645840E-03  0.000000E+00  0.000000E+00  0.000000E+00  0.000000E+00  0.000000E+00  0.000000E+00
222  1.06886517E+00 -7.509271E+00 -6.451244E+00 -1.583577E-01  4.353818E-03  0.000000E+00  0.000000E+00  0.000000E+00  0.000000E+00  0.000000E+00  0.000000E+00
223  1.11722300E+00 -7.006486E+00 -5.994267E+00 -1.201573E-01  3.308924E-03  0.000000E+00  0.000000E+00  0.000000E+00  0.000000E+00  0.000000E+00  0.000000E+00
224  1.16717739E+00 -6.535066E+00 -5.566203E+00 -8.994981E-02  2.479038E-03  0.000000E+00  0.000000E+00  0.000000E+00  0.000000E+00  0.000000E+00  0.000000E+00
225  1.21875575E+00 -6.093613E+00 -5.165804E+00 -6.643861E-02  1.831242E-03  0.000000E+00  0.000000E+00  0.000000E+00  0.000000E+00  0.000000E+00  0.000000E+00
226  1.27198527E+00 -5.680716E+00 -4.791799E+00 -4.842102E-02  1.333965E-03  0.000000E+00  0.000000E+00  0.000000E+00  0.000000E+00  0.000000E+00  0.000000E+00
227  1.32689285E+00 -5.294978E+00 -4.442921E+00 -3.482224E-02  9.583772E-04  0.000000E+00  0.000000E+00  0.000000E+00  0.000000E+00  0.000000E+00  0.000000E+00
228  1.38350513E+00 -4.934994E+00 -4.117888E+00 -2.471148E-02  6.791506E-04  0.000000E+00  0.000000E+00  0.000000E+00  0.000000E+00  0.000000E+00  0.000000E+00
229  1.44184850E+00 -4.599369E+00 -3.815418E+00 -1.730471E-02  4.747526E-04  0.000000E+00  0.000000E+00  0.000000E+00  0.000000E+00  0.000000E+00  0.000000E+00
230  1.50194903E+00 -4.286716E+00 -3.534230E+00 -1.195781E-02  3.273896E-04  0.000000E+00  0.000000E+00  0.000000E+00  0.000000E+00  0.000000E+00  0.000000E+00
231  1.56383253E+00 -3.995667E+00 -3.273057E+00 -8.153703E-03  2.227280E-04  0.000000E+00  0.000000E+00  0.000000E+00  0.000000E+00  0.000000E+00  0.000000E+00
232  1.62752451E+00 -3.724884E+00 -3.030654E+00 -5.486095E-03  1.494878E-04  0.000000E+00  0.000000E+00  0.000000E+00  0.000000E+00  0.000000E+00  0.000000E+00
233  1.69305019E+00 -3.473068E+00 -2.805809E+00 -3.642186E-03  9.898273E-05  0.000000E+00  0.000000E+00  0.000000E+00  0.000000E+00  0.000000E+00  0.000000E+00
234  1.76043448E+00 -3.238968E+00 -2.597352E+00 -2.385794E-03  6.465939E-05  0.000000E+00  0.000000E+00  0.000000E+00  0.000000E+00  0.000000E+00  0.000000E+00
235  1.82970201E+00 -3.021387E+00 -2.404162E+00 -1.541890E-03  4.166895E-05  0.000000E+00  0.000000E+00  0.000000E+00  0.000000E+00  0.000000E+00  0.000000E+00
236  1.90087709E+00 -2.819185E+00 -2.225172E+00 -9.831030E-04  2.649035E-05  0.000000E+00  0.000000E+00  0.000000E+00  0.000000E+00  0.000000E+00  0.000000E+00
237  1.97398371E+00 -2.631287E+00 -2.059373E+00 -6.183605E-04  1.661261E-05  0.000000E+00  0.000000E+00  0.000000E+00  0.000000E+00  0.000000E+00  0.000000E+00
238  2.04904559E+00 -2.456681E+00 -1.905816E+00 -3.836642E-04  1.027638E-05  0.000000E+00  0.000000E+00  0.000000E+00  0.000000E+00  0.000000E+00  0.000000E+00
239  2.12608610E+00 -2.294422E+00 -1.763613E+00 -2.347985E-04  6.270018E-06  0.000000E+00  0.000000E+00  0.000000E+00  0.000000E+00  0.000000E+00  0.000000E+00
240  2.20512832E+00 -2.143627E+00 -1.631938E+00 -1.417227E-04  3.773062E-06  0.000000E+00  0.000000E+00  0.000000E+00  0.000000E+00  0.000000E+00  0.000000E+00
241  2.28619503E+00 -2.003476E+00 -1.510024E+00 -8.436213E-05  2.239152E-06  0.000000E+00  0.000000E+00  0.000000E+00  0.000000E+00  0.000000E+00  0.000000E+00
242  2.36930869E+00 -1.873213E+00 -1.397159E+00 -4.952020E-05  1.310398E-06  0.000000E+00  0.000000E+00  0.000000E+00  0.000000E+00  0.000000E+00  0.000000E+00
243  2.45449143E+00 -1.752135E+00 -1.292690E+00 -2.866196E-05  7.561640E-07  0.000000E+00  0.000000E+00  0.000000E+00  0.000000E+00  0.000000E+00  0.000000E+00
244  2.54176512E+00 -1.639600E+00 -1.196017E+00 -1.635615E-05  4.302104E-07  0.000000E+00  0.000000E+00  0.000000E+00  0.000000E+00  0.000000E+00  0.000000E+00
245  2.63115127E+00 -1.538712E+00 -1.110283E+00 -9.201861E-06  2.413004E-07  0.000000E+00  0.000000E+00  0.000000E+00  0.000000E+00  0.000000E+00  0.000000E+00
246  2.72267111E+00 -1.451882E+00 -1.037933E+00 -5.103408E-06  1.334191E-07  0.000000E+00  0.000000E+00  0.000000E+00  0.000000E+00  0.000000E+00  0.000000E+00
247  2.81634557E+00 -1.377482E+00 -9.773781E-01 -2.789994E-06  7.271697E-08  0.000000E+00  0.000000E+00  0.000000E+00  0.000000E+00  0.000000E+00  0.000000E+00
248  2.91219527E+00 -1.314017E+00 -9.271561E-01 -1.503384E-06  3.906438E-08  0.000000E+00  0.000000E+00  0.000000E+00  0.000000E+00  0.000000E+00  0.000000E+00
249  3.01024052E+00 -1.260124E+00 -8.859342E-01 -7.984038E-07  2.068328E-08  0.000000E+00  0.000000E+00  0.000000E+00  0.000000E+00  0.000000E+00  0.000000E+00
250  3.11050135E+00 -1.214565E+00 -8.525058E-01 -4.178517E-07  1.079229E-08  0.000000E+00  0.000000E+00  0.000000E+00  0.000000E+00  0.000000E+00  0.000000E+00
251  3.21299748E+00 -1.176227E+00 -8.257849E-01 -2.154899E-07  5.549114E-09  0.000000E+00  0.000000E+00  0.000000E+00  0.000000E+00  0.000000E+00  0.000000E+00
252  3.31774834E+00 -1.144114E+00 -8.048011E-01 -1.094949E-07  2.811300E-09  0.000000E+00  0.000000E+00  0.000000E+00  0.000000E+00  0.000000E+00  0.000000E+00
253  3.42477307E+00 -1.117339E+00 -7.886925E-01 -5.481242E-08  1.403201E-09  0.000000E+00  0.000000E+00  0.000000E+00  0.000000E+00  0.000000E+00  0.000000E+00
254  3.53409052E+00 -1.095119E+00 -7.766988E-01 -2.702940E-08  6.899468E-10  0.000000E+00  0.000000E+00  0.000000E+00  0.000000E+00  0.000000E+00  0.000000E+00
255  3.64571926E+00 -1.076765E+00 -7.681532E-01 -1.312865E-08  3.341546E-10  0.000000E+00  0.000000E+00  0.000000E+00  0.000000E+00  0.000000E+00  0.000000E+00
256  3.75967757E+00 -1.061676E+00 -7.624750E-01 -6.280339E-09  1.593922E-10  0.000000E+00  0.000000E+00  0.000000E+00  0.000000E+00  0.000000E+00  0.000000E+00
257  3.87598346E+00 -1.049330E+00 -7.591618E-01 -2.958545E-09  7.487299E-11  0.000000E+00  0.000000E+00  0.000000E+00  0.000000E+00  0.000000E+00  0.000000E+00
258  3.99465466E+00 -1.039277E+00 -7.577812E-01 -1.372327E-09  3.463158E-11  0.000000E+00  0.000000E+00  0.000000E+00  0.000000E+00  0.000000E+00  0.000000E+00
259  4.11570863E+00 -1.031130E+00 -7.579643E-01 -6.267200E-10  1.577097E-11  0.000000E+00  0.000000E+00  0.000000E+00  0.000000E+00  0.000000E+00  0.000000E+00
260  4.23916256E+00 -1.024559E+00 -7.593979E-01 -2.817593E-10  7.352450E-12  0.000000E+00  0.000000E+00  0.000000E+00  0.000000E+00  0.000000E+00  0.000000E+00
261  4.36503337E+00 -1.019285E+00 -7.618180E-01 -1.246877E-10  2.427518E-12  0.000000E+00  0.000000E+00  0.000000E+00  0.000000E+00  0.000000E+00  0.000000E+00
