#      n =  4
#  kappa = -3
# energy = -1.74065762E+03
#zenergy =  0.00000000E+00
#     dn =  3.91178894E+00
# qrnorm =  1.00275031E+00
#SelfEne =  2.72113860E+32
#     vc = -7.54196896E+03
#     vr = -8.97737628E+03
#  ilast =  243
#    ifm =    0
#    cfm =  0.00000000E+00
#    xfm =  0.00000000E+00
#    rfn =  1.13085057E-01
#    pdx =  2.97203389E+00
#   bqp0 = -1.44906246E-05
#   bqp1 =  0.00000000E+00
#    idx = 13
# LEPTON = 0
#   MASS =  1.00000000E+00
# CHARGE =  1.00000000E+00
#  EUNIT =  2.72113860E+01
#  RUNIT =  4.13413733E+16
#  LUNIT =  5.29177211E-01
#    AMU =  1.82288849E+03
#    FSC =  7.29735257E-03


0    1.15230557E-08 -1.388876E-02  9.763101E+07  2.254177E-19 -3.273177E-24  0.000000E+00  0.000000E+00  0.000000E+00  0.000000E+00  0.000000E+00  0.000000E+00
1    1.26370682E-08 -1.523149E-02  8.902444E+07  2.965536E-19 -4.729613E-24  0.000000E+00  0.000000E+00  0.000000E+00  0.000000E+00  0.000000E+00  0.000000E+00
2    1.38587558E-08 -1.670399E-02  8.117672E+07  3.905084E-19 -6.830568E-24  0.000000E+00  0.000000E+00  0.000000E+00  0.000000E+00  0.000000E+00  0.000000E+00
3    1.51985763E-08 -1.831888E-02  7.402066E+07  5.145393E-19 -9.866007E-24  0.000000E+00  0.000000E+00  0.000000E+00  0.000000E+00  0.000000E+00  0.000000E+00
4    1.66678974E-08 -2.008985E-02  6.749556E+07  6.782202E-19 -1.425451E-23  0.000000E+00  0.000000E+00  0.000000E+00  0.000000E+00  0.000000E+00  0.000000E+00
5    1.82792333E-08 -2.203200E-02  6.154577E+07  8.941823E-19 -2.060122E-23  0.000000E+00  0.000000E+00  0.000000E+00  0.000000E+00  0.000000E+00  0.000000E+00
6    2.00463766E-08 -2.416194E-02  5.612036E+07  1.179090E-18 -2.978143E-23  0.000000E+00  0.000000E+00  0.000000E+00  0.000000E+00  0.000000E+00  0.000000E+00
7    2.19842820E-08 -2.649770E-02  5.117339E+07  1.554919E-18 -4.306002E-23  0.000000E+00  0.000000E+00  0.000000E+00  0.000000E+00  0.000000E+00  0.000000E+00
8    2.41095688E-08 -2.905932E-02  4.666242E+07  2.050663E-18 -6.226797E-23  0.000000E+00  0.000000E+00  0.000000E+00  0.000000E+00  0.000000E+00  0.000000E+00
9    2.64402674E-08 -3.186851E-02  4.254916E+07  2.704558E-18 -9.005176E-23  0.000000E+00  0.000000E+00  0.000000E+00  0.000000E+00  0.000000E+00  0.000000E+00
10   2.89962773E-08 -3.494928E-02  3.879849E+07  3.567039E-18 -1.302407E-22  0.000000E+00  0.000000E+00  0.000000E+00  0.000000E+00  0.000000E+00  0.000000E+00
11   3.17993241E-08 -3.832779E-02  3.537850E+07  4.704623E-18 -1.883721E-22  0.000000E+00  0.000000E+00  0.000000E+00  0.000000E+00  0.000000E+00  0.000000E+00
12   3.48733392E-08 -4.203291E-02  3.225997E+07  6.205046E-18 -2.724572E-22  0.000000E+00  0.000000E+00  0.000000E+00  0.000000E+00  0.000000E+00  0.000000E+00
13   3.82444504E-08 -4.609612E-02  2.941638E+07  8.184018E-18 -3.940804E-22  0.000000E+00  0.000000E+00  0.000000E+00  0.000000E+00  0.000000E+00  0.000000E+00
14   4.19414378E-08 -5.055210E-02  2.682345E+07  1.079416E-17 -5.700020E-22  0.000000E+00  0.000000E+00  0.000000E+00  0.000000E+00  0.000000E+00  0.000000E+00
15   4.59958029E-08 -5.543884E-02  2.445907E+07  1.423676E-17 -8.244619E-22  0.000000E+00  0.000000E+00  0.000000E+00  0.000000E+00  0.000000E+00  0.000000E+00
16   5.04419171E-08 -6.079775E-02  2.230318E+07  1.877726E-17 -1.192507E-21  0.000000E+00  0.000000E+00  0.000000E+00  0.000000E+00  0.000000E+00  0.000000E+00
17   5.53179043E-08 -6.667479E-02  2.033729E+07  2.476585E-17 -1.724868E-21  0.000000E+00  0.000000E+00  0.000000E+00  0.000000E+00  0.000000E+00  0.000000E+00
18   6.06650196E-08 -7.311967E-02  1.854474E+07  3.266423E-17 -2.494856E-21  0.000000E+00  0.000000E+00  0.000000E+00  0.000000E+00  0.000000E+00  0.000000E+00
19   6.65289955E-08 -8.018754E-02  1.691018E+07  4.308149E-17 -3.608577E-21  0.000000E+00  0.000000E+00  0.000000E+00  0.000000E+00  0.000000E+00  0.000000E+00
20   7.29597925E-08 -8.793859E-02  1.541970E+07  5.682086E-17 -5.219470E-21  0.000000E+00  0.000000E+00  0.000000E+00  0.000000E+00  0.000000E+00  0.000000E+00
21   8.00119221E-08 -9.643853E-02  1.406065E+07  7.494159E-17 -7.549376E-21  0.000000E+00  0.000000E+00  0.000000E+00  0.000000E+00  0.000000E+00  0.000000E+00
22   8.77456947E-08 -1.057601E-01  1.282137E+07  9.884090E-17 -1.091933E-20  0.000000E+00  0.000000E+00  0.000000E+00  0.000000E+00  0.000000E+00  0.000000E+00
23   9.62269964E-08 -1.159826E-01  1.169132E+07  1.303614E-16 -1.579359E-20  0.000000E+00  0.000000E+00  0.000000E+00  0.000000E+00  0.000000E+00  0.000000E+00
24   1.05527715E-07 -1.271928E-01  1.066092E+07  1.719330E-16 -2.284333E-20  0.000000E+00  0.000000E+00  0.000000E+00  0.000000E+00  0.000000E+00  0.000000E+00
25   1.15727384E-07 -1.394864E-01  9.721321E+06  2.267608E-16 -3.303986E-20  0.000000E+00  0.000000E+00  0.000000E+00  0.000000E+00  0.000000E+00  0.000000E+00
26   1.26912450E-07 -1.529678E-01  8.864569E+06  2.990709E-16 -4.778716E-20  0.000000E+00  0.000000E+00  0.000000E+00  0.000000E+00  0.000000E+00  0.000000E+00
27   1.39178554E-07 -1.677522E-01  8.083323E+06  3.944379E-16 -6.911692E-20  0.000000E+00  0.000000E+00  0.000000E+00  0.000000E+00  0.000000E+00  0.000000E+00
28   1.52629913E-07 -1.839651E-01  7.370943E+06  5.202128E-16 -9.996646E-20  0.000000E+00  0.000000E+00  0.000000E+00  0.000000E+00  0.000000E+00  0.000000E+00
29   1.67381030E-07 -2.017446E-01  6.721357E+06  6.860901E-16 -1.445843E-19  0.000000E+00  0.000000E+00  0.000000E+00  0.000000E+00  0.000000E+00  0.000000E+00
30   1.83557470E-07 -2.212421E-01  6.129028E+06  9.048549E-16 -2.091148E-19  0.000000E+00  0.000000E+00  0.000000E+00  0.000000E+00  0.000000E+00  0.000000E+00
31   2.01296571E-07 -2.426230E-01  5.588919E+06  1.193367E-15 -3.024425E-19  0.000000E+00  0.000000E+00  0.000000E+00  0.000000E+00  0.000000E+00  0.000000E+00
32   2.20749990E-07 -2.660702E-01  5.096407E+06  1.573862E-15 -4.374222E-19  0.000000E+00  0.000000E+00  0.000000E+00  0.000000E+00  0.000000E+00  0.000000E+00
33   2.42082557E-07 -2.917823E-01  4.647312E+06  2.075661E-15 -6.326343E-19  0.000000E+00  0.000000E+00  0.000000E+00  0.000000E+00  0.000000E+00  0.000000E+00
34   2.65476634E-07 -3.199792E-01  4.237792E+06  2.737436E-15 -9.149648E-19  0.000000E+00  0.000000E+00  0.000000E+00  0.000000E+00  0.000000E+00  0.000000E+00
35   2.91129920E-07 -3.508990E-01  3.864379E+06  3.610171E-15 -1.323266E-18  0.000000E+00  0.000000E+00  0.000000E+00  0.000000E+00  0.000000E+00  0.000000E+00
36   3.19262109E-07 -3.848067E-01  3.523869E+06  4.761119E-15 -1.913770E-18  0.000000E+00  0.000000E+00  0.000000E+00  0.000000E+00  0.000000E+00  0.000000E+00
37   3.50111524E-07 -4.219893E-01  3.213375E+06  6.278946E-15 -2.767746E-18  0.000000E+00  0.000000E+00  0.000000E+00  0.000000E+00  0.000000E+00  0.000000E+00
38   3.83941165E-07 -4.627640E-01  2.930245E+06  8.280590E-15 -4.002759E-18  0.000000E+00  0.000000E+00  0.000000E+00  0.000000E+00  0.000000E+00  0.000000E+00
39   4.21038142E-07 -5.074767E-01  2.672070E+06  1.092024E-14 -5.788774E-18  0.000000E+00  0.000000E+00  0.000000E+00  0.000000E+00  0.000000E+00  0.000000E+00
40   4.61717878E-07 -5.565076E-01  2.436651E+06  1.440121E-14 -8.371590E-18  0.000000E+00  0.000000E+00  0.000000E+00  0.000000E+00  0.000000E+00  0.000000E+00
41   5.06326236E-07 -6.102735E-01  2.221981E+06  1.899161E-14 -1.210664E-17  0.000000E+00  0.000000E+00  0.000000E+00  0.000000E+00  0.000000E+00  0.000000E+00
42   5.55243414E-07 -6.692327E-01  2.026228E+06  2.504500E-14 -1.750799E-17  0.000000E+00  0.000000E+00  0.000000E+00  0.000000E+00  0.000000E+00  0.000000E+00
43   6.08884460E-07 -7.338853E-01  1.847726E+06  3.302750E-14 -2.531875E-17  0.000000E+00  0.000000E+00  0.000000E+00  0.000000E+00  0.000000E+00  0.000000E+00
44   6.67705345E-07 -8.047808E-01  1.684956E+06  4.355378E-14 -3.661358E-17  0.000000E+00  0.000000E+00  0.000000E+00  0.000000E+00  0.000000E+00  0.000000E+00
45   7.32206037E-07 -8.825217E-01  1.536530E+06  5.743430E-14 -5.294632E-17  0.000000E+00  0.000000E+00  0.000000E+00  0.000000E+00  0.000000E+00  0.000000E+00
46   8.02934737E-07 -9.677687E-01  1.401183E+06  7.573767E-14 -7.656374E-17  0.000000E+00  0.000000E+00  0.000000E+00  0.000000E+00  0.000000E+00  0.000000E+00
47   8.80491003E-07 -1.061244E+00  1.277766E+06  9.987276E-14 -1.107137E-16  0.000000E+00  0.000000E+00  0.000000E+00  0.000000E+00  0.000000E+00  0.000000E+00
48   9.65535147E-07 -1.163744E+00  1.165223E+06  1.316973E-13 -1.600935E-16  0.000000E+00  0.000000E+00  0.000000E+00  0.000000E+00  0.000000E+00  0.000000E+00
49   1.05878978E-06 -1.276138E+00  1.062596E+06  1.736605E-13 -2.314938E-16  0.000000E+00  0.000000E+00  0.000000E+00  0.000000E+00  0.000000E+00  0.000000E+00
50   1.16104470E-06 -1.399379E+00  9.690139E+05  2.289913E-13 -3.347301E-16  0.000000E+00  0.000000E+00  0.000000E+00  0.000000E+00  0.000000E+00  0.000000E+00
51   1.27316957E-06 -1.534513E+00  8.836803E+05  3.019470E-13 -4.839969E-16  0.000000E+00  0.000000E+00  0.000000E+00  0.000000E+00  0.000000E+00  0.000000E+00
52   1.39611533E-06 -1.682687E+00  8.058637E+05  3.981400E-13 -6.998112E-16  0.000000E+00  0.000000E+00  0.000000E+00  0.000000E+00  0.000000E+00  0.000000E+00
53   1.53092556E-06 -1.845156E+00  7.349030E+05  5.249694E-13 -1.011835E-15  0.000000E+00  0.000000E+00  0.000000E+00  0.000000E+00  0.000000E+00  0.000000E+00
54   1.67874443E-06 -2.023300E+00  6.701940E+05  6.921893E-13 -1.462948E-15  0.000000E+00  0.000000E+00  0.000000E+00  0.000000E+00  0.000000E+00  0.000000E+00
55   1.84082478E-06 -2.218626E+00  6.111840E+05  9.126579E-13 -2.115129E-15  0.000000E+00  0.000000E+00  0.000000E+00  0.000000E+00  0.000000E+00  0.000000E+00
56   2.01854323E-06 -2.432791E+00  5.573817E+05  1.203326E-12 -3.057980E-15  0.000000E+00  0.000000E+00  0.000000E+00  0.000000E+00  0.000000E+00  0.000000E+00
57   2.21340371E-06 -2.667604E+00  5.083130E+05  1.586536E-12 -4.420988E-15  0.000000E+00  0.000000E+00  0.000000E+00  0.000000E+00  0.000000E+00  0.000000E+00
58   2.42705979E-06 -2.925056E+00  4.635646E+05  2.091739E-12 -6.391339E-15  0.000000E+00  0.000000E+00  0.000000E+00  0.000000E+00  0.000000E+00  0.000000E+00
59   2.66132121E-06 -3.207321E+00  4.227625E+05  2.757755E-12 -9.239551E-15  0.000000E+00  0.000000E+00  0.000000E+00  0.000000E+00  0.000000E+00  0.000000E+00
60   2.91817339E-06 -3.516786E+00  3.855558E+05  3.635750E-12 -1.335660E-14  0.000000E+00  0.000000E+00  0.000000E+00  0.000000E+00  0.000000E+00  0.000000E+00
61   3.19979011E-06 -3.856062E+00  3.516220E+05  4.793159E-12 -1.930746E-14  0.000000E+00  0.000000E+00  0.000000E+00  0.000000E+00  0.000000E+00  0.000000E+00
62   3.50855663E-06 -4.228011E+00  3.206788E+05  6.318856E-12 -2.790862E-14  0.000000E+00  0.000000E+00  0.000000E+00  0.000000E+00  0.000000E+00  0.000000E+00
63   3.84708773E-06 -4.635770E+00  2.924638E+05  8.329969E-12 -4.033989E-14  0.000000E+00  0.000000E+00  0.000000E+00  0.000000E+00  0.000000E+00  0.000000E+00
64   4.21824425E-06 -5.082765E+00  2.667307E+05  1.098085E-11 -5.830575E-14  0.000000E+00  0.000000E+00  0.000000E+00  0.000000E+00  0.000000E+00  0.000000E+00
65   4.62516922E-06 -5.572757E+00  2.432659E+05  1.447488E-11 -8.426914E-14  0.000000E+00  0.000000E+00  0.000000E+00  0.000000E+00  0.000000E+00  0.000000E+00
66   5.07129974E-06 -6.109852E+00  2.218665E+05  1.908007E-11 -1.217877E-13  0.000000E+00  0.000000E+00  0.000000E+00  0.000000E+00  0.000000E+00  0.000000E+00
67   5.56040831E-06 -6.698549E+00  2.023517E+05  2.514953E-11 -1.760007E-13  0.000000E+00  0.000000E+00  0.000000E+00  0.000000E+00  0.000000E+00  0.000000E+00
68   6.09662734E-06 -7.343767E+00  1.845563E+05  3.314850E-11 -2.543314E-13  0.000000E+00  0.000000E+00  0.000000E+00  0.000000E+00  0.000000E+00  0.000000E+00
69   6.68448262E-06 -8.050875E+00  1.683270E+05  4.368984E-11 -3.674995E-13  0.000000E+00  0.000000E+00  0.000000E+00  0.000000E+00  0.000000E+00  0.000000E+00
70   7.32893941E-06 -8.825749E+00  1.535273E+05  5.758092E-11 -5.309858E-13  0.000000E+00  0.000000E+00  0.000000E+00  0.000000E+00  0.000000E+00  0.000000E+00
71   8.03543099E-06 -9.674793E+00  1.400300E+05  7.588514E-11 -7.671391E-13  0.000000E+00  0.000000E+00  0.000000E+00  0.000000E+00  0.000000E+00  0.000000E+00
72   8.80991931E-06 -1.060500E+01  1.277216E+05  1.000031E-10 -1.108225E-12  0.000000E+00  0.000000E+00  0.000000E+00  0.000000E+00  0.000000E+00  0.000000E+00
73   9.65892950E-06 -1.162399E+01  1.164971E+05  1.317791E-10 -1.600807E-12  0.000000E+00  0.000000E+00  0.000000E+00  0.000000E+00  0.000000E+00  0.000000E+00
74   1.05896147E-05 -1.274004E+01  1.062605E+05  1.736417E-10 -2.312078E-12  0.000000E+00  0.000000E+00  0.000000E+00  0.000000E+00  0.000000E+00  0.000000E+00
75   1.16098094E-05 -1.396217E+01  9.692503E+04  2.287882E-10 -3.338972E-12  0.000000E+00  0.000000E+00  0.000000E+00  0.000000E+00  0.000000E+00  0.000000E+00
76   1.27281005E-05 -1.530015E+01  8.841199E+04  3.014273E-10 -4.821286E-12  0.000000E+00  0.000000E+00  0.000000E+00  0.000000E+00  0.000000E+00  0.000000E+00
77   1.39538902E-05 -1.676456E+01  8.064849E+04  3.970980E-10 -6.960566E-12  0.000000E+00  0.000000E+00  0.000000E+00  0.000000E+00  0.000000E+00  0.000000E+00
78   1.52974794E-05 -1.836681E+01  7.356853E+04  5.230888E-10 -1.004727E-11  0.000000E+00  0.000000E+00  0.000000E+00  0.000000E+00  0.000000E+00  0.000000E+00
79   1.67701554E-05 -2.011921E+01  6.711274E+04  6.889878E-10 -1.449982E-11  0.000000E+00  0.000000E+00  0.000000E+00  0.000000E+00  0.000000E+00  0.000000E+00
80   1.83842748E-05 -2.203490E+01  6.122596E+04  9.074049E-10 -2.092061E-11  0.000000E+00  0.000000E+00  0.000000E+00  0.000000E+00  0.000000E+00  0.000000E+00
81   2.01533739E-05 -2.412794E+01  5.585831E+04  1.194919E-09 -3.017639E-11  0.000000E+00  0.000000E+00  0.000000E+00  0.000000E+00  0.000000E+00  0.000000E+00
82   2.20922802E-05 -2.641320E+01  5.096490E+04  1.573321E-09 -4.351340E-11  0.000000E+00  0.000000E+00  0.000000E+00  0.000000E+00  0.000000E+00  0.000000E+00
83   2.42172274E-05 -2.890631E+01  4.650439E+04  2.071236E-09 -6.272184E-11  0.000000E+00  0.000000E+00  0.000000E+00  0.000000E+00  0.000000E+00  0.000000E+00
84   2.65459927E-05 -3.162351E+01  4.243938E+04  2.726254E-09 -9.037075E-11  0.000000E+00  0.000000E+00  0.000000E+00  0.000000E+00  0.000000E+00  0.000000E+00
85   2.90980437E-05 -3.458143E+01  3.873619E+04  3.587711E-09 -1.301423E-10  0.000000E+00  0.000000E+00  0.000000E+00  0.000000E+00  0.000000E+00  0.000000E+00
86   3.18946918E-05 -3.779678E+01  3.536430E+04  4.720310E-09 -1.873063E-10  0.000000E+00  0.000000E+00  0.000000E+00  0.000000E+00  0.000000E+00  0.000000E+00
87   3.49592718E-05 -4.128587E+01  3.229637E+04  6.208855E-09 -2.693918E-10  0.000000E+00  0.000000E+00  0.000000E+00  0.000000E+00  0.000000E+00  0.000000E+00
88   3.83173248E-05 -4.506391E+01  2.950799E+04  8.164395E-09 -3.871324E-10  0.000000E+00  0.000000E+00  0.000000E+00  0.000000E+00  0.000000E+00  0.000000E+00
89   4.19968112E-05 -4.914417E+01  2.697770E+04  1.073220E-08 -5.557924E-10  0.000000E+00  0.000000E+00  0.000000E+00  0.000000E+00  0.000000E+00  0.000000E+00
90   4.60283336E-05 -5.353662E+01  2.468707E+04  1.410213E-08 -7.970127E-10  0.000000E+00  0.000000E+00  0.000000E+00  0.000000E+00  0.000000E+00  0.000000E+00
91   5.04453829E-05 -5.824623E+01  2.262044E+04  1.852192E-08 -1.141361E-09  0.000000E+00  0.000000E+00  0.000000E+00  0.000000E+00  0.000000E+00  0.000000E+00
92   5.52846082E-05 -6.327066E+01  2.076548E+04  2.431449E-08 -1.631819E-09  0.000000E+00  0.000000E+00  0.000000E+00  0.000000E+00  0.000000E+00  0.000000E+00
93   6.05861129E-05 -6.859709E+01  1.911348E+04  3.189999E-08 -2.328494E-09  0.000000E+00  0.000000E+00  0.000000E+00  0.000000E+00  0.000000E+00  0.000000E+00
94   6.63937725E-05 -7.419801E+01  1.765957E+04  4.182422E-08 -3.314867E-09  0.000000E+00  0.000000E+00  0.000000E+00  0.000000E+00  0.000000E+00  0.000000E+00
95   7.27555839E-05 -8.002567E+01  1.640383E+04  5.479491E-08 -4.705901E-09  0.000000E+00  0.000000E+00  0.000000E+00  0.000000E+00  0.000000E+00  0.000000E+00
96   7.97240513E-05 -8.600471E+01  1.535220E+04  7.172815E-08 -6.658226E-09  0.000000E+00  0.000000E+00  0.000000E+00  0.000000E+00  0.000000E+00  0.000000E+00
97   8.73565943E-05 -9.202259E+01  1.451745E+04  9.380788E-08 -9.382323E-09  0.000000E+00  0.000000E+00  0.000000E+00  0.000000E+00  0.000000E+00  0.000000E+00
98   9.57160101E-05 -9.791752E+01  1.391972E+04  1.225624E-07 -1.315602E-08  0.000000E+00  0.000000E+00  0.000000E+00  0.000000E+00  0.000000E+00  0.000000E+00
99   1.04870958E-04 -1.034646E+02  1.358026E+04  1.599638E-07 -1.833737E-08  0.000000E+00  0.000000E+00  0.000000E+00  0.000000E+00  0.000000E+00  0.000000E+00
100  1.14896506E-04 -1.083658E+02  1.346861E+04  2.085603E-07 -2.537330E-08  0.000000E+00  0.000000E+00  0.000000E+00  0.000000E+00  0.000000E+00  0.000000E+00
101  1.25874712E-04 -1.122651E+02  1.332700E+04  2.716469E-07 -3.479878E-08  0.000000E+00  0.000000E+00  0.000000E+00  0.000000E+00  0.000000E+00  0.000000E+00
102  1.37895258E-04 -1.148601E+02  1.265882E+04  3.534700E-07 -4.722755E-08  0.000000E+00  0.000000E+00  0.000000E+00  0.000000E+00  0.000000E+00  0.000000E+00
103  1.51056150E-04 -1.161696E+02  1.131293E+04  4.595492E-07 -6.336660E-08  0.000000E+00  0.000000E+00  0.000000E+00  0.000000E+00  0.000000E+00  0.000000E+00
104  1.65464473E-04 -1.166427E+02  9.815831E+03  5.971729E-07 -8.411548E-08  0.000000E+00  0.000000E+00  0.000000E+00  0.000000E+00  0.000000E+00  0.000000E+00
105  1.81237204E-04 -1.167639E+02  8.651623E+03  7.757472E-07 -1.107276E-07  0.000000E+00  0.000000E+00  0.000000E+00  0.000000E+00  0.000000E+00  0.000000E+00
106  1.98502114E-04 -1.167769E+02  7.788130E+03  1.007349E-06 -1.449303E-07  0.000000E+00  0.000000E+00  0.000000E+00  0.000000E+00  0.000000E+00  0.000000E+00
107  2.17398726E-04 -1.167619E+02  7.061434E+03  1.307657E-06 -1.890113E-07  0.000000E+00  0.000000E+00  0.000000E+00  0.000000E+00  0.000000E+00  0.000000E+00
108  2.38079383E-04 -1.167396E+02  6.409071E+03  1.696982E-06 -2.459415E-07  0.000000E+00  0.000000E+00  0.000000E+00  0.000000E+00  0.000000E+00  0.000000E+00
109  2.60710374E-04 -1.167141E+02  5.815542E+03  2.201584E-06 -3.195575E-07  0.000000E+00  0.000000E+00  0.000000E+00  0.000000E+00  0.000000E+00  0.000000E+00
110  2.85473187E-04 -1.166860E+02  5.274484E+03  2.855398E-06 -4.148076E-07  0.000000E+00  0.000000E+00  0.000000E+00  0.000000E+00  0.000000E+00  0.000000E+00
111  3.12565842E-04 -1.166551E+02  4.781223E+03  3.702263E-06 -5.380740E-07  0.000000E+00  0.000000E+00  0.000000E+00  0.000000E+00  0.000000E+00  0.000000E+00
112  3.42204361E-04 -1.166213E+02  4.331607E+03  4.798781E-06 -6.975883E-07  0.000000E+00  0.000000E+00  0.000000E+00  0.000000E+00  0.000000E+00  0.000000E+00
113  3.74624340E-04 -1.165842E+02  3.921844E+03  6.218002E-06 -9.039652E-07  0.000000E+00  0.000000E+00  0.000000E+00  0.000000E+00  0.000000E+00  0.000000E+00
114  4.10082660E-04 -1.165436E+02  3.548473E+03  8.054137E-06 -1.170887E-06  0.000000E+00  0.000000E+00  0.000000E+00  0.000000E+00  0.000000E+00  0.000000E+00
115  4.48859339E-04 -1.164991E+02  3.208333E+03  1.042862E-05 -1.515981E-06  0.000000E+00  0.000000E+00  0.000000E+00  0.000000E+00  0.000000E+00  0.000000E+00
116  4.91259529E-04 -1.164505E+02  2.898544E+03  1.349785E-05 -1.961942E-06  0.000000E+00  0.000000E+00  0.000000E+00  0.000000E+00  0.000000E+00  0.000000E+00
117  5.37615685E-04 -1.163974E+02  2.616477E+03  1.746315E-05 -2.537969E-06  0.000000E+00  0.000000E+00  0.000000E+00  0.000000E+00  0.000000E+00  0.000000E+00
118  5.88289898E-04 -1.163393E+02  2.359735E+03  2.258343E-05 -3.281599E-06  0.000000E+00  0.000000E+00  0.000000E+00  0.000000E+00  0.000000E+00  0.000000E+00
119  6.43676415E-04 -1.162759E+02  2.126127E+03  2.919141E-05 -4.241051E-06  0.000000E+00  0.000000E+00  0.000000E+00  0.000000E+00  0.000000E+00  0.000000E+00
120  7.04204362E-04 -1.162067E+02  1.913656E+03  3.771427E-05 -5.478205E-06  0.000000E+00  0.000000E+00  0.000000E+00  0.000000E+00  0.000000E+00  0.000000E+00
121  7.70340672E-04 -1.161313E+02  1.720496E+03  4.869996E-05 -7.072398E-06  0.000000E+00  0.000000E+00  0.000000E+00  0.000000E+00  0.000000E+00  0.000000E+00
122  8.42593245E-04 -1.160491E+02  1.544981E+03  6.285067E-05 -9.125243E-06  0.000000E+00  0.000000E+00  0.000000E+00  0.000000E+00  0.000000E+00  0.000000E+00
123  9.21514337E-04 -1.159596E+02  1.385584E+03  8.106522E-05 -1.176674E-05  0.000000E+00  0.000000E+00  0.000000E+00  0.000000E+00  0.000000E+00  0.000000E+00
124  1.00770422E-03 -1.158622E+02  1.240913E+03  1.044929E-04 -1.516301E-05  0.000000E+00  0.000000E+00  0.000000E+00  0.000000E+00  0.000000E+00  0.000000E+00
125  1.10181509E-03 -1.157564E+02  1.109692E+03  1.346013E-04 -1.952607E-05  0.000000E+00  0.000000E+00  0.000000E+00  0.000000E+00  0.000000E+00  0.000000E+00
126  1.20455530E-03 -1.156415E+02  9.907526E+02  1.732623E-04 -2.512611E-05  0.000000E+00  0.000000E+00  0.000000E+00  0.000000E+00  0.000000E+00  0.000000E+00
127  1.31669383E-03 -1.155169E+02  8.830242E+02  2.228598E-04 -3.230704E-05  0.000000E+00  0.000000E+00  0.000000E+00  0.000000E+00  0.000000E+00  0.000000E+00
128  1.43906516E-03 -1.153817E+02  7.855257E+02  2.864255E-04 -4.150583E-05  0.000000E+00  0.000000E+00  0.000000E+00  0.000000E+00  0.000000E+00  0.000000E+00
129  1.57257442E-03 -1.152354E+02  6.973571E+02  3.678086E-04 -5.327683E-05  0.000000E+00  0.000000E+00  0.000000E+00  0.000000E+00  0.000000E+00  0.000000E+00
130  1.71820289E-03 -1.150771E+02  6.176923E+02  4.718878E-04 -6.832209E-05  0.000000E+00  0.000000E+00  0.000000E+00  0.000000E+00  0.000000E+00  0.000000E+00
131  1.87701395E-03 -1.149060E+02  5.457728E+02  6.048354E-04 -8.752895E-05  0.000000E+00  0.000000E+00  0.000000E+00  0.000000E+00  0.000000E+00  0.000000E+00
132  2.05015929E-03 -1.147214E+02  4.809019E+02  7.744449E-04 -1.120167E-04  0.000000E+00  0.000000E+00  0.000000E+00  0.000000E+00  0.000000E+00  0.000000E+00
133  2.23888565E-03 -1.145223E+02  4.224401E+02  9.905356E-04 -1.431943E-04  0.000000E+00  0.000000E+00  0.000000E+00  0.000000E+00  0.000000E+00  0.000000E+00
134  2.44454194E-03 -1.143079E+02  3.697997E+02  1.265451E-03 -1.828310E-04  0.000000E+00  0.000000E+00  0.000000E+00  0.000000E+00  0.000000E+00  0.000000E+00
135  2.66858673E-03 -1.140772E+02  3.224415E+02  1.614672E-03 -2.331428E-04  0.000000E+00  0.000000E+00  0.000000E+00  0.000000E+00  0.000000E+00  0.000000E+00
136  2.91259634E-03 -1.138294E+02  2.798707E+02  2.057556E-03 -2.968985E-04  0.000000E+00  0.000000E+00  0.000000E+00  0.000000E+00  0.000000E+00  0.000000E+00
137  3.17827323E-03 -1.135634E+02  2.416337E+02  2.618247E-03 -3.775470E-04  0.000000E+00  0.000000E+00  0.000000E+00  0.000000E+00  0.000000E+00  0.000000E+00
138  3.46745504E-03 -1.132783E+02  2.073153E+02  3.326765E-03 -4.793710E-04  0.000000E+00  0.000000E+00  0.000000E+00  0.000000E+00  0.000000E+00  0.000000E+00
139  3.78212399E-03 -1.129729E+02  1.765357E+02  4.220305E-03 -6.076714E-04  0.000000E+00  0.000000E+00  0.000000E+00  0.000000E+00  0.000000E+00  0.000000E+00
140  4.12441685E-03 -1.126463E+02  1.489482E+02  5.344798E-03 -7.689855E-04  0.000000E+00  0.000000E+00  0.000000E+00  0.000000E+00  0.000000E+00  0.000000E+00
141  4.49663544E-03 -1.122972E+02  1.242369E+02  6.756731E-03 -9.713438E-04  0.000000E+00  0.000000E+00  0.000000E+00  0.000000E+00  0.000000E+00  0.000000E+00
142  4.90125758E-03 -1.119245E+02  1.021146E+02  8.525292E-03 -1.224570E-03  0.000000E+00  0.000000E+00  0.000000E+00  0.000000E+00  0.000000E+00  0.000000E+00
143  5.34094866E-03 -1.115269E+02  8.232034E+01  1.073483E-02 -1.540626E-03  0.000000E+00  0.000000E+00  0.000000E+00  0.000000E+00  0.000000E+00  0.000000E+00
144  5.81857363E-03 -1.111031E+02  6.461795E+01  1.348766E-02 -1.934006E-03  0.000000E+00  0.000000E+00  0.000000E+00  0.000000E+00  0.000000E+00  0.000000E+00
145  6.33720957E-03 -1.106516E+02  4.879401E+01  1.690723E-02 -2.422178E-03  0.000000E+00  0.000000E+00  0.000000E+00  0.000000E+00  0.000000E+00  0.000000E+00
146  6.90015882E-03 -1.101712E+02  3.465608E+01  2.114161E-02 -3.026069E-03  0.000000E+00  0.000000E+00  0.000000E+00  0.000000E+00  0.000000E+00  0.000000E+00
147  7.51096245E-03 -1.096600E+02  2.203108E+01  2.636718E-02 -3.770588E-03  0.000000E+00  0.000000E+00  0.000000E+00  0.000000E+00  0.000000E+00  0.000000E+00
148  8.17341442E-03 -1.091167E+02  1.076369E+01  3.279262E-02 -4.685176E-03  0.000000E+00  0.000000E+00  0.000000E+00  0.000000E+00  0.000000E+00  0.000000E+00
149  8.89157608E-03 -1.085394E+02  7.147489E-01  4.066280E-02 -5.804357E-03  0.000000E+00  0.000000E+00  0.000000E+00  0.000000E+00  0.000000E+00  0.000000E+00
150  9.66979112E-03 -1.079264E+02 -8.240053E+00  5.026249E-02 -7.168266E-03  0.000000E+00  0.000000E+00  0.000000E+00  0.000000E+00  0.000000E+00  0.000000E+00
151  1.05127010E-02 -1.072761E+02 -1.621160E+01  6.191961E-02 -8.823112E-03  0.000000E+00  0.000000E+00  0.000000E+00  0.000000E+00  0.000000E+00  0.000000E+00
152  1.14252606E-02 -1.065867E+02 -2.329873E+01  7.600748E-02 -1.082152E-02  0.000000E+00  0.000000E+00  0.000000E+00  0.000000E+00  0.000000E+00  0.000000E+00
153  1.24127546E-02 -1.058565E+02 -2.958935E+01  9.294562E-02 -1.322269E-02  0.000000E+00  0.000000E+00  0.000000E+00  0.000000E+00  0.000000E+00  0.000000E+00
154  1.34808136E-02 -1.050837E+02 -3.516166E+01  1.131985E-01 -1.609228E-02  0.000000E+00  0.000000E+00  0.000000E+00  0.000000E+00  0.000000E+00  0.000000E+00
155  1.46354308E-02 -1.042666E+02 -4.008523E+01  1.372710E-01 -1.950192E-02  0.000000E+00  0.000000E+00  0.000000E+00  0.000000E+00  0.000000E+00  0.000000E+00
156  1.58829787E-02 -1.034038E+02 -4.442187E+01  1.657009E-01 -2.352824E-02  0.000000E+00  0.000000E+00  0.000000E+00  0.000000E+00  0.000000E+00  0.000000E+00
157  1.72302266E-02 -1.024935E+02 -4.822659E+01  1.990452E-01 -2.825129E-02  0.000000E+00  0.000000E+00  0.000000E+00  0.000000E+00  0.000000E+00  0.000000E+00
158  1.86843567E-02 -1.015346E+02 -5.154831E+01  2.378617E-01 -3.375223E-02  0.000000E+00  0.000000E+00  0.000000E+00  0.000000E+00  0.000000E+00  0.000000E+00
159  2.02529815E-02 -1.005258E+02 -5.443054E+01  2.826826E-01 -4.011018E-02  0.000000E+00  0.000000E+00  0.000000E+00  0.000000E+00  0.000000E+00  0.000000E+00
160  2.19441608E-02 -9.946633E+01 -5.691210E+01  3.339812E-01 -4.739806E-02  0.000000E+00  0.000000E+00  0.000000E+00  0.000000E+00  0.000000E+00  0.000000E+00
161  2.37664178E-02 -9.835546E+01 -5.902767E+01  3.921285E-01 -5.567750E-02  0.000000E+00  0.000000E+00  0.000000E+00  0.000000E+00  0.000000E+00  0.000000E+00
162  2.57287559E-02 -9.719282E+01 -6.080824E+01  4.573423E-01 -6.499265E-02  0.000000E+00  0.000000E+00  0.000000E+00  0.000000E+00  0.000000E+00  0.000000E+00
163  2.78406741E-02 -9.597808E+01 -6.228155E+01  5.296272E-01 -7.536302E-02  0.000000E+00  0.000000E+00  0.000000E+00  0.000000E+00  0.000000E+00  0.000000E+00
164  3.01121830E-02 -9.471099E+01 -6.347235E+01  6.087071E-01 -8.677550E-02  0.000000E+00  0.000000E+00  0.000000E+00  0.000000E+00  0.000000E+00  0.000000E+00
165  3.25538193E-02 -9.339120E+01 -6.440269E+01  6.939537E-01 -9.917590E-02  0.000000E+00  0.000000E+00  0.000000E+00  0.000000E+00  0.000000E+00  0.000000E+00
166  3.51766601E-02 -9.201830E+01 -6.509220E+01  7.843136E-01 -1.124603E-01  0.000000E+00  0.000000E+00  0.000000E+00  0.000000E+00  0.000000E+00  0.000000E+00
167  3.79923361E-02 -9.059179E+01 -6.555833E+01  8.782403E-01 -1.264670E-01  0.000000E+00  0.000000E+00  0.000000E+00  0.000000E+00  0.000000E+00  0.000000E+00
168  4.10130445E-02 -8.911131E+01 -6.581675E+01  9.736367E-01 -1.409700E-01  0.000000E+00  0.000000E+00  0.000000E+00  0.000000E+00  0.000000E+00  0.000000E+00
169  4.42515601E-02 -8.757660E+01 -6.588159E+01  1.067818E+00 -1.556744E-01  0.000000E+00  0.000000E+00  0.000000E+00  0.000000E+00  0.000000E+00  0.000000E+00
170  4.77212457E-02 -8.598792E+01 -6.576595E+01  1.157501E+00 -1.702155E-01  0.000000E+00  0.000000E+00  0.000000E+00  0.000000E+00  0.000000E+00  0.000000E+00
171  5.14360618E-02 -8.434593E+01 -6.548196E+01  1.238836E+00 -1.841623E-01  0.000000E+00  0.000000E+00  0.000000E+00  0.000000E+00  0.000000E+00  0.000000E+00
172  5.54105740E-02 -8.265183E+01 -6.504125E+01  1.307475E+00 -1.970264E-01  0.000000E+00  0.000000E+00  0.000000E+00  0.000000E+00  0.000000E+00  0.000000E+00
173  5.96599602E-02 -8.090740E+01 -6.445499E+01  1.358703E+00 -2.082757E-01  0.000000E+00  0.000000E+00  0.000000E+00  0.000000E+00  0.000000E+00  0.000000E+00
174  6.42000152E-02 -7.911535E+01 -6.373429E+01  1.387623E+00 -2.173562E-01  0.000000E+00  0.000000E+00  0.000000E+00  0.000000E+00  0.000000E+00  0.000000E+00
175  6.90471548E-02 -7.727928E+01 -6.289036E+01  1.389388E+00 -2.237175E-01  0.000000E+00  0.000000E+00  0.000000E+00  0.000000E+00  0.000000E+00  0.000000E+00
176  7.42184178E-02 -7.540375E+01 -6.193455E+01  1.359492E+00 -2.269318E-01  0.000000E+00  0.000000E+00  0.000000E+00  0.000000E+00  0.000000E+00  0.000000E+00
177  7.97314666E-02 -7.349411E+01 -6.087829E+01  1.294092E+00 -2.264879E-01  0.000000E+00  0.000000E+00  0.000000E+00  0.000000E+00  0.000000E+00  0.000000E+00
178  8.56045862E-02 -7.155574E+01 -5.973241E+01  1.190344E+00 -2.220455E-01  0.000000E+00  0.000000E+00  0.000000E+00  0.000000E+00  0.000000E+00  0.000000E+00
179  9.18566813E-02 -6.959359E+01 -5.850686E+01  1.046734E+00 -2.133998E-01  0.000000E+00  0.000000E+00  0.000000E+00  0.000000E+00  0.000000E+00  0.000000E+00
180  9.85072717E-02 -6.761169E+01 -5.721014E+01  8.633703E-01 -2.005082E-01  0.000000E+00  0.000000E+00  0.000000E+00  0.000000E+00  0.000000E+00  0.000000E+00
181  1.05576487E-01 -6.561275E+01 -5.584908E+01  6.422126E-01 -1.835098E-01  0.000000E+00  0.000000E+00  0.000000E+00  0.000000E+00  0.000000E+00  0.000000E+00
182  1.13085057E-01 -6.359899E+01 -5.442962E+01  3.871960E-01 -1.627358E-01  0.000000E+00  0.000000E+00  0.000000E+00  0.000000E+00  0.000000E+00  0.000000E+00
183  1.21054304E-01 -6.157202E+01 -5.295676E+01  1.042328E-01 -1.387069E-01  0.000000E+00  0.000000E+00  0.000000E+00  0.000000E+00  0.000000E+00  0.000000E+00
184  1.29506132E-01 -5.953425E+01 -5.143595E+01 -1.989336E-01 -1.121184E-01  0.000000E+00  0.000000E+00  0.000000E+00  0.000000E+00  0.000000E+00  0.000000E+00
185  1.38463011E-01 -5.748880E+01 -4.987308E+01 -5.130286E-01 -8.381092E-02  0.000000E+00  0.000000E+00  0.000000E+00  0.000000E+00  0.000000E+00  0.000000E+00
186  1.47947968E-01 -5.543973E+01 -4.827479E+01 -8.276910E-01 -5.472733E-02  0.000000E+00  0.000000E+00  0.000000E+00  0.000000E+00  0.000000E+00  0.000000E+00
187  1.57984565E-01 -5.339225E+01 -4.664864E+01 -1.132036E+00 -2.585999E-02  0.000000E+00  0.000000E+00  0.000000E+00  0.000000E+00  0.000000E+00  0.000000E+00
188  1.68596886E-01 -5.135321E+01 -4.500363E+01 -1.415294E+00  1.809141E-03  0.000000E+00  0.000000E+00  0.000000E+00  0.000000E+00  0.000000E+00  0.000000E+00
189  1.79809520E-01 -4.933048E+01 -4.334964E+01 -1.667475E+00  2.736941E-02  0.000000E+00  0.000000E+00  0.000000E+00  0.000000E+00  0.000000E+00  0.000000E+00
190  1.91647534E-01 -4.733381E+01 -4.169815E+01 -1.879989E+00  5.003817E-02  0.000000E+00  0.000000E+00  0.000000E+00  0.000000E+00  0.000000E+00  0.000000E+00
191  2.04136463E-01 -4.537235E+01 -4.005995E+01 -2.046169E+00  6.920668E-02  0.000000E+00  0.000000E+00  0.000000E+00  0.000000E+00  0.000000E+00  0.000000E+00
192  2.17302279E-01 -4.345427E+01 -3.844467E+01 -2.161648E+00  8.447029E-02  0.000000E+00  0.000000E+00  0.000000E+00  0.000000E+00  0.000000E+00  0.000000E+00
193  2.31171371E-01 -4.158505E+01 -3.685918E+01 -2.224561E+00  9.564060E-02  0.000000E+00  0.000000E+00  0.000000E+00  0.000000E+00  0.000000E+00  0.000000E+00
194  2.45770526E-01 -3.976690E+01 -3.530694E+01 -2.235562E+00  1.027395E-01  0.000000E+00  0.000000E+00  0.000000E+00  0.000000E+00  0.000000E+00  0.000000E+00
195  2.61126896E-01 -3.799884E+01 -3.378814E+01 -2.197672E+00  1.059784E-01  0.000000E+00  0.000000E+00  0.000000E+00  0.000000E+00  0.000000E+00  0.000000E+00
196  2.77267982E-01 -3.627803E+01 -3.230104E+01 -2.115968E+00  1.057261E-01  0.000000E+00  0.000000E+00  0.000000E+00  0.000000E+00  0.000000E+00  0.000000E+00
197  2.94221602E-01 -3.460017E+01 -3.084235E+01 -1.997160E+00  1.024708E-01  0.000000E+00  0.000000E+00  0.000000E+00  0.000000E+00  0.000000E+00  0.000000E+00
198  3.12015871E-01 -3.296204E+01 -2.940979E+01 -1.849080E+00  9.677894E-02  0.000000E+00  0.000000E+00  0.000000E+00  0.000000E+00  0.000000E+00  0.000000E+00
199  3.30679170E-01 -3.136098E+01 -2.800159E+01 -1.680127E+00  8.925355E-02  0.000000E+00  0.000000E+00  0.000000E+00  0.000000E+00  0.000000E+00  0.000000E+00
200  3.50240122E-01 -2.979570E+01 -2.661728E+01 -1.498723E+00  8.049533E-02  0.000000E+00  0.000000E+00  0.000000E+00  0.000000E+00  0.000000E+00  0.000000E+00
201  3.70727567E-01 -2.826578E+01 -2.525721E+01 -1.312807E+00  7.106813E-02  0.000000E+00  0.000000E+00  0.000000E+00  0.000000E+00  0.000000E+00  0.000000E+00
202  3.92170536E-01 -2.677193E+01 -2.392284E+01 -1.129429E+00  6.147143E-02  0.000000E+00  0.000000E+00  0.000000E+00  0.000000E+00  0.000000E+00  0.000000E+00
203  4.14598221E-01 -2.531596E+01 -2.261666E+01 -9.544482E-01  5.212121E-02  0.000000E+00  0.000000E+00  0.000000E+00  0.000000E+00  0.000000E+00  0.000000E+00
204  4.38039957E-01 -2.390124E+01 -2.134268E+01 -7.923610E-01  4.333979E-02  0.000000E+00  0.000000E+00  0.000000E+00  0.000000E+00  0.000000E+00  0.000000E+00
205  4.62525189E-01 -2.253225E+01 -2.010595E+01 -6.462530E-01  3.535387E-02  0.000000E+00  0.000000E+00  0.000000E+00  0.000000E+00  0.000000E+00  0.000000E+00
206  4.88083451E-01 -2.121360E+01 -1.891166E+01 -5.178619E-01  2.829980E-02  0.000000E+00  0.000000E+00  0.000000E+00  0.000000E+00  0.000000E+00  0.000000E+00
207  5.14744344E-01 -1.994958E+01 -1.776459E+01 -4.077305E-01  2.223428E-02  0.000000E+00  0.000000E+00  0.000000E+00  0.000000E+00  0.000000E+00  0.000000E+00
208  5.42537505E-01 -1.874334E+01 -1.666837E+01 -3.154198E-01  1.714888E-02  0.000000E+00  0.000000E+00  0.000000E+00  0.000000E+00  0.000000E+00  0.000000E+00
209  5.71492593E-01 -1.759664E+01 -1.562520E+01 -2.397519E-01  1.298632E-02  0.000000E+00  0.000000E+00  0.000000E+00  0.000000E+00  0.000000E+00  0.000000E+00
210  6.01639258E-01 -1.650977E+01 -1.463580E+01 -1.790544E-01  9.656568E-03  0.000000E+00  0.000000E+00  0.000000E+00  0.000000E+00  0.000000E+00  0.000000E+00
211  6.33007126E-01 -1.548205E+01 -1.369986E+01 -1.313838E-01  7.051476E-03  0.000000E+00  0.000000E+00  0.000000E+00  0.000000E+00  0.000000E+00  0.000000E+00
212  6.65625774E-01 -1.451163E+01 -1.281589E+01 -9.471260E-02  5.056811E-03  0.000000E+00  0.000000E+00  0.000000E+00  0.000000E+00  0.000000E+00  0.000000E+00
213  6.99524712E-01 -1.359620E+01 -1.198192E+01 -6.707331E-02  3.561375E-03  0.000000E+00  0.000000E+00  0.000000E+00  0.000000E+00  0.000000E+00  0.000000E+00
214  7.34733362E-01 -1.273324E+01 -1.119575E+01 -4.665809E-02  2.463168E-03  0.000000E+00  0.000000E+00  0.000000E+00  0.000000E+00  0.000000E+00  0.000000E+00
215  7.71281039E-01 -1.191993E+01 -1.045485E+01 -3.187801E-02  1.672957E-03  0.000000E+00  0.000000E+00  0.000000E+00  0.000000E+00  0.000000E+00  0.000000E+00
216  8.09196937E-01 -1.115361E+01 -9.756833E+00 -2.138888E-02  1.115727E-03  0.000000E+00  0.000000E+00  0.000000E+00  0.000000E+00  0.000000E+00  0.000000E+00
217  8.48510110E-01 -1.043176E+01 -9.099431E+00 -1.409150E-02  7.305866E-04  0.000000E+00  0.000000E+00  0.000000E+00  0.000000E+00  0.000000E+00  0.000000E+00
218  8.89249453E-01 -9.752003E+00 -8.480524E+00 -9.114514E-03  4.696521E-04  0.000000E+00  0.000000E+00  0.000000E+00  0.000000E+00  0.000000E+00  0.000000E+00
219  9.31443694E-01 -9.112194E+00 -7.898180E+00 -5.786918E-03  2.963563E-04  0.000000E+00  0.000000E+00  0.000000E+00  0.000000E+00  0.000000E+00  0.000000E+00
220  9.75121372E-01 -8.510367E+00 -7.350647E+00 -3.605998E-03  1.835363E-04  0.000000E+00  0.000000E+00  0.000000E+00  0.000000E+00  0.000000E+00  0.000000E+00
221  1.02031083E+00 -7.944734E+00 -6.836335E+00 -2.204913E-03  1.115400E-04  0.000000E+00  0.000000E+00  0.000000E+00  0.000000E+00  0.000000E+00  0.000000E+00
222  1.06704020E+00 -7.413639E+00 -6.353769E+00 -1.322714E-03  6.650702E-05  0.000000E+00  0.000000E+00  0.000000E+00  0.000000E+00  0.000000E+00  0.000000E+00
223  1.11533740E+00 -6.915560E+00 -5.901601E+00 -7.783356E-04  3.890045E-05  0.000000E+00  0.000000E+00  0.000000E+00  0.000000E+00  0.000000E+00  0.000000E+00
224  1.16523010E+00 -6.449013E+00 -5.478506E+00 -4.491696E-04  2.231575E-05  0.000000E+00  0.000000E+00  0.000000E+00  0.000000E+00  0.000000E+00  0.000000E+00
225  1.21674573E+00 -6.012567E+00 -5.083204E+00 -2.541617E-04  1.255320E-05  0.000000E+00  0.000000E+00  0.000000E+00  0.000000E+00  0.000000E+00  0.000000E+00
226  1.26991147E+00 -5.604807E+00 -4.714421E+00 -1.409866E-04  6.923038E-06  0.000000E+00  0.000000E+00  0.000000E+00  0.000000E+00  0.000000E+00  0.000000E+00
227  1.32475426E+00 -5.224315E+00 -4.370868E+00 -7.665208E-05  3.742389E-06  0.000000E+00  0.000000E+00  0.000000E+00  0.000000E+00  0.000000E+00  0.000000E+00
228  1.38130075E+00 -4.869675E+00 -4.051253E+00 -4.083725E-05  1.982529E-06  0.000000E+00  0.000000E+00  0.000000E+00  0.000000E+00  0.000000E+00  0.000000E+00
229  1.43957731E+00 -4.539469E+00 -3.754270E+00 -2.131485E-05  1.028997E-06  0.000000E+00  0.000000E+00  0.000000E+00  0.000000E+00  0.000000E+00  0.000000E+00
230  1.49961004E+00 -4.232284E+00 -3.478616E+00 -1.089699E-05  5.231626E-07  0.000000E+00  0.000000E+00  0.000000E+00  0.000000E+00  0.000000E+00  0.000000E+00
231  1.56142477E+00 -3.946723E+00 -3.222992E+00 -5.455477E-06  2.604885E-07  0.000000E+00  0.000000E+00  0.000000E+00  0.000000E+00  0.000000E+00  0.000000E+00
232  1.62504701E+00 -3.681415E+00 -2.986120E+00 -2.674013E-06  1.269899E-07  0.000000E+00  0.000000E+00  0.000000E+00  0.000000E+00  0.000000E+00  0.000000E+00
233  1.69050199E+00 -3.435023E+00 -2.766753E+00 -1.282921E-06  6.060051E-08  0.000000E+00  0.000000E+00  0.000000E+00  0.000000E+00  0.000000E+00  0.000000E+00
234  1.75781464E+00 -3.206257E+00 -2.563680E+00 -6.023409E-07  2.830125E-08  0.000000E+00  0.000000E+00  0.000000E+00  0.000000E+00  0.000000E+00  0.000000E+00
235  1.82700960E+00 -2.993881E+00 -2.375743E+00 -2.766875E-07  1.293157E-08  0.000000E+00  0.000000E+00  0.000000E+00  0.000000E+00  0.000000E+00  0.000000E+00
236  1.89811117E+00 -2.796720E+00 -2.201838E+00 -1.243196E-07  5.779709E-09  0.000000E+00  0.000000E+00  0.000000E+00  0.000000E+00  0.000000E+00  0.000000E+00
237  1.97114339E+00 -2.613664E+00 -2.040923E+00 -5.462486E-08  2.526159E-09  0.000000E+00  0.000000E+00  0.000000E+00  0.000000E+00  0.000000E+00  0.000000E+00
238  2.04612996E+00 -2.443674E+00 -1.892020E+00 -2.346595E-08  1.079456E-09  0.000000E+00  0.000000E+00  0.000000E+00  0.000000E+00  0.000000E+00  0.000000E+00
239  2.12309428E+00 -2.285777E+00 -1.754218E+00 -9.853250E-09  4.508453E-10  0.000000E+00  0.000000E+00  0.000000E+00  0.000000E+00  0.000000E+00  0.000000E+00
240  2.20205944E+00 -2.139074E+00 -1.626670E+00 -4.043058E-09  1.839990E-10  0.000000E+00  0.000000E+00  0.000000E+00  0.000000E+00  0.000000E+00  0.000000E+00
241  2.28304822E+00 -2.002733E+00 -1.508597E+00 -1.620783E-09  7.335922E-11  0.000000E+00  0.000000E+00  0.000000E+00  0.000000E+00  0.000000E+00  0.000000E+00
242  2.36608309E+00 -1.875986E+00 -1.399281E+00 -6.346279E-10  3.081896E-11  0.000000E+00  0.000000E+00  0.000000E+00  0.000000E+00  0.000000E+00  0.000000E+00
243  2.45118622E+00 -1.758132E+00 -1.298065E+00 -2.426541E-10  5.245988E-12  0.000000E+00  0.000000E+00  0.000000E+00  0.000000E+00  0.000000E+00  0.000000E+00
