#      n =  4
#  kappa =  2
# energy = -1.88945549E+03
#zenergy =  0.00000000E+00
#     dn =  3.91535104E+00
# qrnorm =  1.00293135E+00
#SelfEne =  2.72113860E+32
#     vc = -8.41671046E+03
#     vr = -9.24711482E+03
#  ilast =  243
#    ifm =    0
#    cfm =  0.00000000E+00
#    xfm =  0.00000000E+00
#    rfn =  1.05576487E-01
#    pdx =  2.97203426E+00
#   bqp0 =  4.78047763E+04
#   bqp1 =  0.00000000E+00
#    idx = 12
# LEPTON = 0
#   MASS =  1.00000000E+00
# CHARGE =  1.00000000E+00
#  EUNIT =  2.72113860E+01
#  RUNIT =  4.13413733E+16
#  LUNIT =  5.29177211E-01
#    AMU =  1.82288849E+03
#    FSC =  7.29735257E-03


0    1.15230557E-08 -1.388876E-02  9.763101E+07  1.177363E-17  5.593901E-13  0.000000E+00  0.000000E+00  0.000000E+00  0.000000E+00  0.000000E+00  0.000000E+00
1    1.26370682E-08 -1.523149E-02  8.902444E+07  1.548908E-17  6.727736E-13  0.000000E+00  0.000000E+00  0.000000E+00  0.000000E+00  0.000000E+00  0.000000E+00
2    1.38587558E-08 -1.670399E-02  8.117672E+07  2.039636E-17  8.091468E-13  0.000000E+00  0.000000E+00  0.000000E+00  0.000000E+00  0.000000E+00  0.000000E+00
3    1.51985763E-08 -1.831888E-02  7.402066E+07  2.687452E-17  9.731532E-13  0.000000E+00  0.000000E+00  0.000000E+00  0.000000E+00  0.000000E+00  0.000000E+00
4    1.66678974E-08 -2.008985E-02  6.749556E+07  3.542362E-17  1.170419E-12  0.000000E+00  0.000000E+00  0.000000E+00  0.000000E+00  0.000000E+00  0.000000E+00
5    1.82792333E-08 -2.203200E-02  6.154577E+07  4.670337E-17  1.407650E-12  0.000000E+00  0.000000E+00  0.000000E+00  0.000000E+00  0.000000E+00  0.000000E+00
6    2.00463766E-08 -2.416194E-02  5.612036E+07  6.158416E-17  1.692975E-12  0.000000E+00  0.000000E+00  0.000000E+00  0.000000E+00  0.000000E+00  0.000000E+00
7    2.19842820E-08 -2.649770E-02  5.117339E+07  8.121379E-17  2.036134E-12  0.000000E+00  0.000000E+00  0.000000E+00  0.000000E+00  0.000000E+00  0.000000E+00
8    2.41095688E-08 -2.905932E-02  4.666242E+07  1.071066E-16  2.448826E-12  0.000000E+00  0.000000E+00  0.000000E+00  0.000000E+00  0.000000E+00  0.000000E+00
9    2.64402674E-08 -3.186851E-02  4.254916E+07  1.412597E-16  2.945183E-12  0.000000E+00  0.000000E+00  0.000000E+00  0.000000E+00  0.000000E+00  0.000000E+00
10   2.89962773E-08 -3.494928E-02  3.879849E+07  1.863073E-16  3.542138E-12  0.000000E+00  0.000000E+00  0.000000E+00  0.000000E+00  0.000000E+00  0.000000E+00
11   3.17993241E-08 -3.832779E-02  3.537850E+07  2.457235E-16  4.260083E-12  0.000000E+00  0.000000E+00  0.000000E+00  0.000000E+00  0.000000E+00  0.000000E+00
12   3.48733392E-08 -4.203291E-02  3.225997E+07  3.240909E-16  5.123536E-12  0.000000E+00  0.000000E+00  0.000000E+00  0.000000E+00  0.000000E+00  0.000000E+00
13   3.82444504E-08 -4.609612E-02  2.941638E+07  4.274530E-16  6.161993E-12  0.000000E+00  0.000000E+00  0.000000E+00  0.000000E+00  0.000000E+00  0.000000E+00
14   4.19414378E-08 -5.055210E-02  2.682345E+07  5.637812E-16  7.410854E-12  0.000000E+00  0.000000E+00  0.000000E+00  0.000000E+00  0.000000E+00  0.000000E+00
15   4.59958029E-08 -5.543884E-02  2.445907E+07  7.435887E-16  8.912925E-12  0.000000E+00  0.000000E+00  0.000000E+00  0.000000E+00  0.000000E+00  0.000000E+00
16   5.04419171E-08 -6.079775E-02  2.230318E+07  9.807401E-16  1.071935E-11  0.000000E+00  0.000000E+00  0.000000E+00  0.000000E+00  0.000000E+00  0.000000E+00
17   5.53179043E-08 -6.667479E-02  2.033729E+07  1.293525E-15  1.289185E-11  0.000000E+00  0.000000E+00  0.000000E+00  0.000000E+00  0.000000E+00  0.000000E+00
18   6.06650196E-08 -7.311967E-02  1.854474E+07  1.706059E-15  1.550475E-11  0.000000E+00  0.000000E+00  0.000000E+00  0.000000E+00  0.000000E+00  0.000000E+00
19   6.65289955E-08 -8.018754E-02  1.691018E+07  2.250153E-15  1.864690E-11  0.000000E+00  0.000000E+00  0.000000E+00  0.000000E+00  0.000000E+00  0.000000E+00
20   7.29597925E-08 -8.793859E-02  1.541970E+07  2.967762E-15  2.242608E-11  0.000000E+00  0.000000E+00  0.000000E+00  0.000000E+00  0.000000E+00  0.000000E+00
21   8.00119221E-08 -9.643853E-02  1.406065E+07  3.914211E-15  2.697114E-11  0.000000E+00  0.000000E+00  0.000000E+00  0.000000E+00  0.000000E+00  0.000000E+00
22   8.77456947E-08 -1.057601E-01  1.282137E+07  5.162474E-15  3.243677E-11  0.000000E+00  0.000000E+00  0.000000E+00  0.000000E+00  0.000000E+00  0.000000E+00
23   9.62269964E-08 -1.159826E-01  1.169132E+07  6.808795E-15  3.901041E-11  0.000000E+00  0.000000E+00  0.000000E+00  0.000000E+00  0.000000E+00  0.000000E+00
24   1.05527715E-07 -1.271928E-01  1.066092E+07  8.980083E-15  4.691609E-11  0.000000E+00  0.000000E+00  0.000000E+00  0.000000E+00  0.000000E+00  0.000000E+00
25   1.15727384E-07 -1.394864E-01  9.721321E+06  1.184374E-14  5.642368E-11  0.000000E+00  0.000000E+00  0.000000E+00  0.000000E+00  0.000000E+00  0.000000E+00
26   1.26912450E-07 -1.529678E-01  8.864569E+06  1.562050E-14  6.785788E-11  0.000000E+00  0.000000E+00  0.000000E+00  0.000000E+00  0.000000E+00  0.000000E+00
27   1.39178554E-07 -1.677522E-01  8.083323E+06  2.060153E-14  8.160829E-11  0.000000E+00  0.000000E+00  0.000000E+00  0.000000E+00  0.000000E+00  0.000000E+00
28   1.52629913E-07 -1.839651E-01  7.370943E+06  2.717076E-14  9.814534E-11  0.000000E+00  0.000000E+00  0.000000E+00  0.000000E+00  0.000000E+00  0.000000E+00
29   1.67381030E-07 -2.017446E-01  6.721357E+06  3.583454E-14  1.180328E-10  0.000000E+00  0.000000E+00  0.000000E+00  0.000000E+00  0.000000E+00  0.000000E+00
30   1.83557470E-07 -2.212421E-01  6.129028E+06  4.726063E-14  1.419505E-10  0.000000E+00  0.000000E+00  0.000000E+00  0.000000E+00  0.000000E+00  0.000000E+00
31   2.01296571E-07 -2.426230E-01  5.588919E+06  6.232960E-14  1.707131E-10  0.000000E+00  0.000000E+00  0.000000E+00  0.000000E+00  0.000000E+00  0.000000E+00
32   2.20749990E-07 -2.660702E-01  5.096407E+06  8.220288E-14  2.053027E-10  0.000000E+00  0.000000E+00  0.000000E+00  0.000000E+00  0.000000E+00  0.000000E+00
33   2.42082557E-07 -2.917823E-01  4.647312E+06  1.084118E-13  2.468995E-10  0.000000E+00  0.000000E+00  0.000000E+00  0.000000E+00  0.000000E+00  0.000000E+00
34   2.65476634E-07 -3.199792E-01  4.237792E+06  1.429763E-13  2.969245E-10  0.000000E+00  0.000000E+00  0.000000E+00  0.000000E+00  0.000000E+00  0.000000E+00
35   2.91129920E-07 -3.508990E-01  3.864379E+06  1.885592E-13  3.570838E-10  0.000000E+00  0.000000E+00  0.000000E+00  0.000000E+00  0.000000E+00  0.000000E+00
36   3.19262109E-07 -3.848067E-01  3.523869E+06  2.486730E-13  4.294261E-10  0.000000E+00  0.000000E+00  0.000000E+00  0.000000E+00  0.000000E+00  0.000000E+00
37   3.50111524E-07 -4.219893E-01  3.213375E+06  3.279490E-13  5.164253E-10  0.000000E+00  0.000000E+00  0.000000E+00  0.000000E+00  0.000000E+00  0.000000E+00
38   3.83941165E-07 -4.627640E-01  2.930245E+06  4.324945E-13  6.210452E-10  0.000000E+00  0.000000E+00  0.000000E+00  0.000000E+00  0.000000E+00  0.000000E+00
39   4.21038142E-07 -5.074767E-01  2.672070E+06  5.703627E-13  7.468597E-10  0.000000E+00  0.000000E+00  0.000000E+00  0.000000E+00  0.000000E+00  0.000000E+00
40   4.61717878E-07 -5.565076E-01  2.436651E+06  7.521731E-13  8.981568E-10  0.000000E+00  0.000000E+00  0.000000E+00  0.000000E+00  0.000000E+00  0.000000E+00
41   5.06326236E-07 -6.102735E-01  2.221981E+06  9.919285E-13  1.080089E-09  0.000000E+00  0.000000E+00  0.000000E+00  0.000000E+00  0.000000E+00  0.000000E+00
42   5.55243414E-07 -6.692327E-01  2.026228E+06  1.308094E-12  1.298865E-09  0.000000E+00  0.000000E+00  0.000000E+00  0.000000E+00  0.000000E+00  0.000000E+00
43   6.08884460E-07 -7.338853E-01  1.847726E+06  1.725017E-12  1.561952E-09  0.000000E+00  0.000000E+00  0.000000E+00  0.000000E+00  0.000000E+00  0.000000E+00
44   6.67705345E-07 -8.047808E-01  1.684956E+06  2.274799E-12  1.878311E-09  0.000000E+00  0.000000E+00  0.000000E+00  0.000000E+00  0.000000E+00  0.000000E+00
45   7.32206037E-07 -8.825217E-01  1.536530E+06  2.999771E-12  2.258726E-09  0.000000E+00  0.000000E+00  0.000000E+00  0.000000E+00  0.000000E+00  0.000000E+00
46   8.02934737E-07 -9.677687E-01  1.401183E+06  3.955742E-12  2.716179E-09  0.000000E+00  0.000000E+00  0.000000E+00  0.000000E+00  0.000000E+00  0.000000E+00
47   8.80491003E-07 -1.061244E+00  1.277766E+06  5.216297E-12  3.266252E-09  0.000000E+00  0.000000E+00  0.000000E+00  0.000000E+00  0.000000E+00  0.000000E+00
48   9.65535147E-07 -1.163744E+00  1.165223E+06  6.878460E-12  3.927657E-09  0.000000E+00  0.000000E+00  0.000000E+00  0.000000E+00  0.000000E+00  0.000000E+00
49   1.05878978E-06 -1.276138E+00  1.062596E+06  9.070149E-12  4.722983E-09  0.000000E+00  0.000000E+00  0.000000E+00  0.000000E+00  0.000000E+00  0.000000E+00
50   1.16104470E-06 -1.399379E+00  9.690139E+05  1.196000E-11  5.679315E-09  0.000000E+00  0.000000E+00  0.000000E+00  0.000000E+00  0.000000E+00  0.000000E+00
51   1.27316957E-06 -1.534513E+00  8.836803E+05  1.577036E-11  6.829197E-09  0.000000E+00  0.000000E+00  0.000000E+00  0.000000E+00  0.000000E+00  0.000000E+00
52   1.39611533E-06 -1.682687E+00  8.058637E+05  2.079433E-11  8.211826E-09  0.000000E+00  0.000000E+00  0.000000E+00  0.000000E+00  0.000000E+00  0.000000E+00
53   1.53092556E-06 -1.845156E+00  7.349030E+05  2.741833E-11  9.874251E-09  0.000000E+00  0.000000E+00  0.000000E+00  0.000000E+00  0.000000E+00  0.000000E+00
54   1.67874443E-06 -2.023300E+00  6.701940E+05  3.615176E-11  1.187311E-08  0.000000E+00  0.000000E+00  0.000000E+00  0.000000E+00  0.000000E+00  0.000000E+00
55   1.84082478E-06 -2.218626E+00  6.111840E+05  4.766610E-11  1.427638E-08  0.000000E+00  0.000000E+00  0.000000E+00  0.000000E+00  0.000000E+00  0.000000E+00
56   2.01854323E-06 -2.432791E+00  5.573817E+05  6.284653E-11  1.716592E-08  0.000000E+00  0.000000E+00  0.000000E+00  0.000000E+00  0.000000E+00  0.000000E+00
57   2.21340371E-06 -2.667604E+00  5.083130E+05  8.285977E-11  2.064006E-08  0.000000E+00  0.000000E+00  0.000000E+00  0.000000E+00  0.000000E+00  0.000000E+00
58   2.42705979E-06 -2.925056E+00  4.635646E+05  1.092437E-10  2.481689E-08  0.000000E+00  0.000000E+00  0.000000E+00  0.000000E+00  0.000000E+00  0.000000E+00
59   2.66132121E-06 -3.207321E+00  4.227625E+05  1.440252E-10  2.983852E-08  0.000000E+00  0.000000E+00  0.000000E+00  0.000000E+00  0.000000E+00  0.000000E+00
60   2.91817339E-06 -3.516786E+00  3.855558E+05  1.898758E-10  3.587571E-08  0.000000E+00  0.000000E+00  0.000000E+00  0.000000E+00  0.000000E+00  0.000000E+00
61   3.19979011E-06 -3.856062E+00  3.516220E+05  2.503161E-10  4.313368E-08  0.000000E+00  0.000000E+00  0.000000E+00  0.000000E+00  0.000000E+00  0.000000E+00
62   3.50855663E-06 -4.228011E+00  3.206788E+05  3.299856E-10  5.185888E-08  0.000000E+00  0.000000E+00  0.000000E+00  0.000000E+00  0.000000E+00  0.000000E+00
63   3.84708773E-06 -4.635770E+00  2.924638E+05  4.349982E-10  6.234795E-08  0.000000E+00  0.000000E+00  0.000000E+00  0.000000E+00  0.000000E+00  0.000000E+00
64   4.21824425E-06 -5.082765E+00  2.667307E+05  5.734095E-10  7.495696E-08  0.000000E+00  0.000000E+00  0.000000E+00  0.000000E+00  0.000000E+00  0.000000E+00
65   4.62516922E-06 -5.572757E+00  2.432659E+05  7.558334E-10  9.011382E-08  0.000000E+00  0.000000E+00  0.000000E+00  0.000000E+00  0.000000E+00  0.000000E+00
66   5.07129974E-06 -6.109852E+00  2.218665E+05  9.962527E-10  1.083330E-07  0.000000E+00  0.000000E+00  0.000000E+00  0.000000E+00  0.000000E+00  0.000000E+00
67   5.56040831E-06 -6.698549E+00  2.023517E+05  1.313087E-09  1.302320E-07  0.000000E+00  0.000000E+00  0.000000E+00  0.000000E+00  0.000000E+00  0.000000E+00
68   6.09662734E-06 -7.343767E+00  1.845563E+05  1.730598E-09  1.565534E-07  0.000000E+00  0.000000E+00  0.000000E+00  0.000000E+00  0.000000E+00  0.000000E+00
69   6.68448262E-06 -8.050875E+00  1.683270E+05  2.280739E-09  1.881887E-07  0.000000E+00  0.000000E+00  0.000000E+00  0.000000E+00  0.000000E+00  0.000000E+00
70   7.32893941E-06 -8.825749E+00  1.535273E+05  3.005582E-09  2.262087E-07  0.000000E+00  0.000000E+00  0.000000E+00  0.000000E+00  0.000000E+00  0.000000E+00
71   8.03543099E-06 -9.674793E+00  1.400300E+05  3.960524E-09  2.718997E-07  0.000000E+00  0.000000E+00  0.000000E+00  0.000000E+00  0.000000E+00  0.000000E+00
72   8.80991931E-06 -1.060500E+01  1.277216E+05  5.218483E-09  3.268054E-07  0.000000E+00  0.000000E+00  0.000000E+00  0.000000E+00  0.000000E+00  0.000000E+00
73   9.65892950E-06 -1.162399E+01  1.164971E+05  6.875420E-09  3.927804E-07  0.000000E+00  0.000000E+00  0.000000E+00  0.000000E+00  0.000000E+00  0.000000E+00
74   1.05896147E-05 -1.274004E+01  1.062605E+05  9.057596E-09  4.720496E-07  0.000000E+00  0.000000E+00  0.000000E+00  0.000000E+00  0.000000E+00  0.000000E+00
75   1.16098094E-05 -1.396217E+01  9.692503E+04  1.193108E-08  5.672831E-07  0.000000E+00  0.000000E+00  0.000000E+00  0.000000E+00  0.000000E+00  0.000000E+00
76   1.27281005E-05 -1.530015E+01  8.841199E+04  1.571423E-08  6.816842E-07  0.000000E+00  0.000000E+00  0.000000E+00  0.000000E+00  0.000000E+00  0.000000E+00
77   1.39538902E-05 -1.676456E+01  8.064849E+04  2.069404E-08  8.190956E-07  0.000000E+00  0.000000E+00  0.000000E+00  0.000000E+00  0.000000E+00  0.000000E+00
78   1.52974794E-05 -1.836681E+01  7.356853E+04  2.724752E-08  9.841218E-07  0.000000E+00  0.000000E+00  0.000000E+00  0.000000E+00  0.000000E+00  0.000000E+00
79   1.67701554E-05 -2.011921E+01  6.711274E+04  3.586968E-08  1.182282E-06  0.000000E+00  0.000000E+00  0.000000E+00  0.000000E+00  0.000000E+00  0.000000E+00
80   1.83842748E-05 -2.203490E+01  6.122596E+04  4.720999E-08  1.420187E-06  0.000000E+00  0.000000E+00  0.000000E+00  0.000000E+00  0.000000E+00  0.000000E+00
81   2.01533739E-05 -2.412794E+01  5.585831E+04  6.211989E-08  1.705748E-06  0.000000E+00  0.000000E+00  0.000000E+00  0.000000E+00  0.000000E+00  0.000000E+00
82   2.20922802E-05 -2.641320E+01  5.096490E+04  8.171462E-08  2.048426E-06  0.000000E+00  0.000000E+00  0.000000E+00  0.000000E+00  0.000000E+00  0.000000E+00
83   2.42172274E-05 -2.890631E+01  4.650439E+04  1.074532E-07  2.459531E-06  0.000000E+00  0.000000E+00  0.000000E+00  0.000000E+00  0.000000E+00  0.000000E+00
84   2.65459927E-05 -3.162351E+01  4.243938E+04  1.412418E-07  2.952564E-06  0.000000E+00  0.000000E+00  0.000000E+00  0.000000E+00  0.000000E+00  0.000000E+00
85   2.90980437E-05 -3.458143E+01  3.873619E+04  1.855671E-07  3.543621E-06  0.000000E+00  0.000000E+00  0.000000E+00  0.000000E+00  0.000000E+00  0.000000E+00
86   3.18946918E-05 -3.779678E+01  3.536430E+04  2.436663E-07  4.251872E-06  0.000000E+00  0.000000E+00  0.000000E+00  0.000000E+00  0.000000E+00  0.000000E+00
87   3.49592718E-05 -4.128587E+01  3.229637E+04  3.197439E-07  5.100106E-06  0.000000E+00  0.000000E+00  0.000000E+00  0.000000E+00  0.000000E+00  0.000000E+00
88   3.83173248E-05 -4.506391E+01  2.950799E+04  4.192458E-07  6.115364E-06  0.000000E+00  0.000000E+00  0.000000E+00  0.000000E+00  0.000000E+00  0.000000E+00
89   4.19968112E-05 -4.914417E+01  2.697770E+04  5.492014E-07  7.329656E-06  0.000000E+00  0.000000E+00  0.000000E+00  0.000000E+00  0.000000E+00  0.000000E+00
90   4.60283336E-05 -5.353662E+01  2.468707E+04  7.186465E-07  8.780788E-06  0.000000E+00  0.000000E+00  0.000000E+00  0.000000E+00  0.000000E+00  0.000000E+00
91   5.04453829E-05 -5.824623E+01  2.262044E+04  9.391373E-07  1.051327E-05  0.000000E+00  0.000000E+00  0.000000E+00  0.000000E+00  0.000000E+00  0.000000E+00
92   5.52846082E-05 -6.327066E+01  2.076548E+04  1.225361E-06  1.257934E-05  0.000000E+00  0.000000E+00  0.000000E+00  0.000000E+00  0.000000E+00  0.000000E+00
93   6.05861129E-05 -6.859709E+01  1.911348E+04  1.595842E-06  1.504006E-05  0.000000E+00  0.000000E+00  0.000000E+00  0.000000E+00  0.000000E+00  0.000000E+00
94   6.63937725E-05 -7.419801E+01  1.765957E+04  2.073718E-06  1.796657E-05  0.000000E+00  0.000000E+00  0.000000E+00  0.000000E+00  0.000000E+00  0.000000E+00
95   7.27555839E-05 -8.002567E+01  1.640383E+04  2.687533E-06  2.144136E-05  0.000000E+00  0.000000E+00  0.000000E+00  0.000000E+00  0.000000E+00  0.000000E+00
96   7.97240513E-05 -8.600471E+01  1.535220E+04  3.471958E-06  2.555977E-05  0.000000E+00  0.000000E+00  0.000000E+00  0.000000E+00  0.000000E+00  0.000000E+00
97   8.73565943E-05 -9.202259E+01  1.451745E+04  4.468225E-06  3.043162E-05  0.000000E+00  0.000000E+00  0.000000E+00  0.000000E+00  0.000000E+00  0.000000E+00
98   9.57160101E-05 -9.791752E+01  1.391972E+04  5.723998E-06  3.618344E-05  0.000000E+00  0.000000E+00  0.000000E+00  0.000000E+00  0.000000E+00  0.000000E+00
99   1.04870958E-04 -1.034646E+02  1.358026E+04  7.292213E-06  4.296157E-05  0.000000E+00  0.000000E+00  0.000000E+00  0.000000E+00  0.000000E+00  0.000000E+00
100  1.14896506E-04 -1.083658E+02  1.346861E+04  9.228281E-06  5.093548E-05  0.000000E+00  0.000000E+00  0.000000E+00  0.000000E+00  0.000000E+00  0.000000E+00
101  1.25874712E-04 -1.122651E+02  1.332700E+04  1.158498E-05  6.029565E-05  0.000000E+00  0.000000E+00  0.000000E+00  0.000000E+00  0.000000E+00  0.000000E+00
102  1.37895258E-04 -1.148601E+02  1.265882E+04  1.440592E-05  7.127243E-05  0.000000E+00  0.000000E+00  0.000000E+00  0.000000E+00  0.000000E+00  0.000000E+00
103  1.51056150E-04 -1.161696E+02  1.131293E+04  1.772845E-05  8.418315E-05  0.000000E+00  0.000000E+00  0.000000E+00  0.000000E+00  0.000000E+00  0.000000E+00
104  1.65464473E-04 -1.166427E+02  9.815831E+03  2.160486E-05  9.937889E-05  0.000000E+00  0.000000E+00  0.000000E+00  0.000000E+00  0.000000E+00  0.000000E+00
105  1.81237204E-04 -1.167639E+02  8.651623E+03  2.611692E-05  1.172163E-04  0.000000E+00  0.000000E+00  0.000000E+00  0.000000E+00  0.000000E+00  0.000000E+00
106  1.98502114E-04 -1.167769E+02  7.788130E+03  3.137909E-05  1.381626E-04  0.000000E+00  0.000000E+00  0.000000E+00  0.000000E+00  0.000000E+00  0.000000E+00
107  2.17398726E-04 -1.167619E+02  7.061434E+03  3.753864E-05  1.627959E-04  0.000000E+00  0.000000E+00  0.000000E+00  0.000000E+00  0.000000E+00  0.000000E+00
108  2.38079383E-04 -1.167396E+02  6.409071E+03  4.477370E-05  1.917639E-04  0.000000E+00  0.000000E+00  0.000000E+00  0.000000E+00  0.000000E+00  0.000000E+00
109  2.60710374E-04 -1.167141E+02  5.815542E+03  5.329551E-05  2.258170E-04  0.000000E+00  0.000000E+00  0.000000E+00  0.000000E+00  0.000000E+00  0.000000E+00
110  2.85473187E-04 -1.166860E+02  5.274484E+03  6.335433E-05  2.658367E-04  0.000000E+00  0.000000E+00  0.000000E+00  0.000000E+00  0.000000E+00  0.000000E+00
111  3.12565842E-04 -1.166551E+02  4.781223E+03  7.524727E-05  3.128558E-04  0.000000E+00  0.000000E+00  0.000000E+00  0.000000E+00  0.000000E+00  0.000000E+00
112  3.42204361E-04 -1.166213E+02  4.331607E+03  8.932783E-05  3.680821E-04  0.000000E+00  0.000000E+00  0.000000E+00  0.000000E+00  0.000000E+00  0.000000E+00
113  3.74624340E-04 -1.165842E+02  3.921844E+03  1.060173E-04  4.329266E-04  0.000000E+00  0.000000E+00  0.000000E+00  0.000000E+00  0.000000E+00  0.000000E+00
114  4.10082660E-04 -1.165436E+02  3.548473E+03  1.258186E-04  5.090364E-04  0.000000E+00  0.000000E+00  0.000000E+00  0.000000E+00  0.000000E+00  0.000000E+00
115  4.48859339E-04 -1.164991E+02  3.208333E+03  1.493328E-04  5.983326E-04  0.000000E+00  0.000000E+00  0.000000E+00  0.000000E+00  0.000000E+00  0.000000E+00
116  4.91259529E-04 -1.164505E+02  2.898544E+03  1.772792E-04  7.030541E-04  0.000000E+00  0.000000E+00  0.000000E+00  0.000000E+00  0.000000E+00  0.000000E+00
117  5.37615685E-04 -1.163974E+02  2.616477E+03  2.105199E-04  8.258072E-04  0.000000E+00  0.000000E+00  0.000000E+00  0.000000E+00  0.000000E+00  0.000000E+00
118  5.88289898E-04 -1.163393E+02  2.359735E+03  2.500886E-04  9.696233E-04  0.000000E+00  0.000000E+00  0.000000E+00  0.000000E+00  0.000000E+00  0.000000E+00
119  6.43676415E-04 -1.162759E+02  2.126127E+03  2.972270E-04  1.138024E-03  0.000000E+00  0.000000E+00  0.000000E+00  0.000000E+00  0.000000E+00  0.000000E+00
120  7.04204362E-04 -1.162067E+02  1.913656E+03  3.534276E-04  1.335096E-03  0.000000E+00  0.000000E+00  0.000000E+00  0.000000E+00  0.000000E+00  0.000000E+00
121  7.70340672E-04 -1.161313E+02  1.720496E+03  4.204867E-04  1.565573E-03  0.000000E+00  0.000000E+00  0.000000E+00  0.000000E+00  0.000000E+00  0.000000E+00
122  8.42593245E-04 -1.160491E+02  1.544981E+03  5.005676E-04  1.834934E-03  0.000000E+00  0.000000E+00  0.000000E+00  0.000000E+00  0.000000E+00  0.000000E+00
123  9.21514337E-04 -1.159596E+02  1.385584E+03  5.962791E-04  2.149510E-03  0.000000E+00  0.000000E+00  0.000000E+00  0.000000E+00  0.000000E+00  0.000000E+00
124  1.00770422E-03 -1.158622E+02  1.240913E+03  7.107692E-04  2.516600E-03  0.000000E+00  0.000000E+00  0.000000E+00  0.000000E+00  0.000000E+00  0.000000E+00
125  1.10181509E-03 -1.157564E+02  1.109692E+03  8.478401E-04  2.944609E-03  0.000000E+00  0.000000E+00  0.000000E+00  0.000000E+00  0.000000E+00  0.000000E+00
126  1.20455530E-03 -1.156415E+02  9.907526E+02  1.012087E-03  3.443192E-03  0.000000E+00  0.000000E+00  0.000000E+00  0.000000E+00  0.000000E+00  0.000000E+00
127  1.31669383E-03 -1.155169E+02  8.830242E+02  1.209069E-03  4.023420E-03  0.000000E+00  0.000000E+00  0.000000E+00  0.000000E+00  0.000000E+00  0.000000E+00
128  1.43906516E-03 -1.153817E+02  7.855257E+02  1.445512E-03  4.697953E-03  0.000000E+00  0.000000E+00  0.000000E+00  0.000000E+00  0.000000E+00  0.000000E+00
129  1.57257442E-03 -1.152354E+02  6.973571E+02  1.729558E-03  5.481232E-03  0.000000E+00  0.000000E+00  0.000000E+00  0.000000E+00  0.000000E+00  0.000000E+00
130  1.71820289E-03 -1.150771E+02  6.176923E+02  2.071070E-03  6.389683E-03  0.000000E+00  0.000000E+00  0.000000E+00  0.000000E+00  0.000000E+00  0.000000E+00
131  1.87701395E-03 -1.149060E+02  5.457728E+02  2.481990E-03  7.441930E-03  0.000000E+00  0.000000E+00  0.000000E+00  0.000000E+00  0.000000E+00  0.000000E+00
132  2.05015929E-03 -1.147214E+02  4.809019E+02  2.976782E-03  8.659018E-03  0.000000E+00  0.000000E+00  0.000000E+00  0.000000E+00  0.000000E+00  0.000000E+00
133  2.23888565E-03 -1.145223E+02  4.224401E+02  3.572957E-03  1.006463E-02  0.000000E+00  0.000000E+00  0.000000E+00  0.000000E+00  0.000000E+00  0.000000E+00
134  2.44454194E-03 -1.143079E+02  3.697997E+02  4.291710E-03  1.168532E-02  0.000000E+00  0.000000E+00  0.000000E+00  0.000000E+00  0.000000E+00  0.000000E+00
135  2.66858673E-03 -1.140772E+02  3.224415E+02  5.158668E-03  1.355069E-02  0.000000E+00  0.000000E+00  0.000000E+00  0.000000E+00  0.000000E+00  0.000000E+00
136  2.91259634E-03 -1.138294E+02  2.798707E+02  6.204795E-03  1.569359E-02  0.000000E+00  0.000000E+00  0.000000E+00  0.000000E+00  0.000000E+00  0.000000E+00
137  3.17827323E-03 -1.135634E+02  2.416337E+02  7.467450E-03  1.815027E-02  0.000000E+00  0.000000E+00  0.000000E+00  0.000000E+00  0.000000E+00  0.000000E+00
138  3.46745504E-03 -1.132783E+02  2.073153E+02  8.991645E-03  2.096042E-02  0.000000E+00  0.000000E+00  0.000000E+00  0.000000E+00  0.000000E+00  0.000000E+00
139  3.78212399E-03 -1.129729E+02  1.765357E+02  1.083150E-02  2.416718E-02  0.000000E+00  0.000000E+00  0.000000E+00  0.000000E+00  0.000000E+00  0.000000E+00
140  4.12441685E-03 -1.126463E+02  1.489482E+02  1.305194E-02  2.781704E-02  0.000000E+00  0.000000E+00  0.000000E+00  0.000000E+00  0.000000E+00  0.000000E+00
141  4.49663544E-03 -1.122972E+02  1.242369E+02  1.573067E-02  3.195957E-02  0.000000E+00  0.000000E+00  0.000000E+00  0.000000E+00  0.000000E+00  0.000000E+00
142  4.90125758E-03 -1.119245E+02  1.021146E+02  1.896034E-02  3.664695E-02  0.000000E+00  0.000000E+00  0.000000E+00  0.000000E+00  0.000000E+00  0.000000E+00
143  5.34094866E-03 -1.115269E+02  8.232034E+01  2.285109E-02  4.193337E-02  0.000000E+00  0.000000E+00  0.000000E+00  0.000000E+00  0.000000E+00  0.000000E+00
144  5.81857363E-03 -1.111031E+02  6.461795E+01  2.753328E-02  4.787403E-02  0.000000E+00  0.000000E+00  0.000000E+00  0.000000E+00  0.000000E+00  0.000000E+00
145  6.33720957E-03 -1.106516E+02  4.879401E+01  3.316048E-02  5.452390E-02  0.000000E+00  0.000000E+00  0.000000E+00  0.000000E+00  0.000000E+00  0.000000E+00
146  6.90015882E-03 -1.101712E+02  3.465608E+01  3.991263E-02  6.193610E-02  0.000000E+00  0.000000E+00  0.000000E+00  0.000000E+00  0.000000E+00  0.000000E+00
147  7.51096245E-03 -1.096600E+02  2.203108E+01  4.799929E-02  7.015981E-02  0.000000E+00  0.000000E+00  0.000000E+00  0.000000E+00  0.000000E+00  0.000000E+00
148  8.17341442E-03 -1.091167E+02  1.076369E+01  5.766280E-02  7.923776E-02  0.000000E+00  0.000000E+00  0.000000E+00  0.000000E+00  0.000000E+00  0.000000E+00
149  8.89157608E-03 -1.085394E+02  7.147489E-01  6.918121E-02  8.920317E-02  0.000000E+00  0.000000E+00  0.000000E+00  0.000000E+00  0.000000E+00  0.000000E+00
150  9.66979112E-03 -1.079264E+02 -8.240053E+00  8.287060E-02  1.000762E-01  0.000000E+00  0.000000E+00  0.000000E+00  0.000000E+00  0.000000E+00  0.000000E+00
151  1.05127010E-02 -1.072761E+02 -1.621160E+01  9.908652E-02  1.118598E-01  0.000000E+00  0.000000E+00  0.000000E+00  0.000000E+00  0.000000E+00  0.000000E+00
152  1.14252606E-02 -1.065867E+02 -2.329873E+01  1.182240E-01  1.245353E-01  0.000000E+00  0.000000E+00  0.000000E+00  0.000000E+00  0.000000E+00  0.000000E+00
153  1.24127546E-02 -1.058565E+02 -2.958935E+01  1.407156E-01  1.380572E-01  0.000000E+00  0.000000E+00  0.000000E+00  0.000000E+00  0.000000E+00  0.000000E+00
154  1.34808136E-02 -1.050837E+02 -3.516166E+01  1.670269E-01  1.523479E-01  0.000000E+00  0.000000E+00  0.000000E+00  0.000000E+00  0.000000E+00  0.000000E+00
155  1.46354308E-02 -1.042666E+02 -4.008523E+01  1.976481E-01  1.672926E-01  0.000000E+00  0.000000E+00  0.000000E+00  0.000000E+00  0.000000E+00  0.000000E+00
156  1.58829787E-02 -1.034038E+02 -4.442187E+01  2.330818E-01  1.827341E-01  0.000000E+00  0.000000E+00  0.000000E+00  0.000000E+00  0.000000E+00  0.000000E+00
157  1.72302266E-02 -1.024935E+02 -4.822659E+01  2.738251E-01  1.984680E-01  0.000000E+00  0.000000E+00  0.000000E+00  0.000000E+00  0.000000E+00  0.000000E+00
158  1.86843567E-02 -1.015346E+02 -5.154831E+01  3.203455E-01  2.142393E-01  0.000000E+00  0.000000E+00  0.000000E+00  0.000000E+00  0.000000E+00  0.000000E+00
159  2.02529815E-02 -1.005258E+02 -5.443054E+01  3.730497E-01  2.297400E-01  0.000000E+00  0.000000E+00  0.000000E+00  0.000000E+00  0.000000E+00  0.000000E+00
160  2.19441608E-02 -9.946633E+01 -5.691210E+01  4.322449E-01  2.446092E-01  0.000000E+00  0.000000E+00  0.000000E+00  0.000000E+00  0.000000E+00  0.000000E+00
161  2.37664178E-02 -9.835546E+01 -5.902767E+01  4.980919E-01  2.584357E-01  0.000000E+00  0.000000E+00  0.000000E+00  0.000000E+00  0.000000E+00  0.000000E+00
162  2.57287559E-02 -9.719282E+01 -6.080824E+01  5.705504E-01  2.707630E-01  0.000000E+00  0.000000E+00  0.000000E+00  0.000000E+00  0.000000E+00  0.000000E+00
163  2.78406741E-02 -9.597808E+01 -6.228155E+01  6.493180E-01  2.810996E-01  0.000000E+00  0.000000E+00  0.000000E+00  0.000000E+00  0.000000E+00  0.000000E+00
164  3.01121830E-02 -9.471099E+01 -6.347235E+01  7.337645E-01  2.889316E-01  0.000000E+00  0.000000E+00  0.000000E+00  0.000000E+00  0.000000E+00  0.000000E+00
165  3.25538193E-02 -9.339120E+01 -6.440269E+01  8.228647E-01  2.937417E-01  0.000000E+00  0.000000E+00  0.000000E+00  0.000000E+00  0.000000E+00  0.000000E+00
166  3.51766601E-02 -9.201830E+01 -6.509220E+01  9.151342E-01  2.950308E-01  0.000000E+00  0.000000E+00  0.000000E+00  0.000000E+00  0.000000E+00  0.000000E+00
167  3.79923361E-02 -9.059179E+01 -6.555833E+01  1.008576E+00  2.923447E-01  0.000000E+00  0.000000E+00  0.000000E+00  0.000000E+00  0.000000E+00  0.000000E+00
168  4.10130445E-02 -8.911131E+01 -6.581675E+01  1.100639E+00  2.853032E-01  0.000000E+00  0.000000E+00  0.000000E+00  0.000000E+00  0.000000E+00  0.000000E+00
169  4.42515601E-02 -8.757660E+01 -6.588159E+01  1.188211E+00  2.736309E-01  0.000000E+00  0.000000E+00  0.000000E+00  0.000000E+00  0.000000E+00  0.000000E+00
170  4.77212457E-02 -8.598792E+01 -6.576595E+01  1.267630E+00  2.571879E-01  0.000000E+00  0.000000E+00  0.000000E+00  0.000000E+00  0.000000E+00  0.000000E+00
171  5.14360618E-02 -8.434593E+01 -6.548196E+01  1.334756E+00  2.359968E-01  0.000000E+00  0.000000E+00  0.000000E+00  0.000000E+00  0.000000E+00  0.000000E+00
172  5.54105740E-02 -8.265183E+01 -6.504125E+01  1.385071E+00  2.102654E-01  0.000000E+00  0.000000E+00  0.000000E+00  0.000000E+00  0.000000E+00  0.000000E+00
173  5.96599602E-02 -8.090740E+01 -6.445499E+01  1.413850E+00  1.804009E-01  0.000000E+00  0.000000E+00  0.000000E+00  0.000000E+00  0.000000E+00  0.000000E+00
174  6.42000152E-02 -7.911535E+01 -6.373429E+01  1.416375E+00  1.470130E-01  0.000000E+00  0.000000E+00  0.000000E+00  0.000000E+00  0.000000E+00  0.000000E+00
175  6.90471548E-02 -7.727928E+01 -6.289036E+01  1.388199E+00  1.109044E-01  0.000000E+00  0.000000E+00  0.000000E+00  0.000000E+00  0.000000E+00  0.000000E+00
176  7.42184178E-02 -7.540375E+01 -6.193455E+01  1.325451E+00  7.304785E-02  0.000000E+00  0.000000E+00  0.000000E+00  0.000000E+00  0.000000E+00  0.000000E+00
177  7.97314666E-02 -7.349411E+01 -6.087829E+01  1.225157E+00  3.454906E-02  0.000000E+00  0.000000E+00  0.000000E+00  0.000000E+00  0.000000E+00  0.000000E+00
178  8.56045862E-02 -7.155574E+01 -5.973241E+01  1.085570E+00 -3.402647E-03  0.000000E+00  0.000000E+00  0.000000E+00  0.000000E+00  0.000000E+00  0.000000E+00
179  9.18566813E-02 -6.959359E+01 -5.850686E+01  9.064601E-01 -3.959305E-02  0.000000E+00  0.000000E+00  0.000000E+00  0.000000E+00  0.000000E+00  0.000000E+00
180  9.85072717E-02 -6.761169E+01 -5.721014E+01  6.893585E-01 -7.284830E-02  0.000000E+00  0.000000E+00  0.000000E+00  0.000000E+00  0.000000E+00  0.000000E+00
181  1.05576487E-01 -6.561275E+01 -5.584908E+01  4.377107E-01 -1.021021E-01  0.000000E+00  0.000000E+00  0.000000E+00  0.000000E+00  0.000000E+00  0.000000E+00
182  1.13085057E-01 -6.359899E+01 -5.442962E+01  1.569166E-01 -1.264604E-01  0.000000E+00  0.000000E+00  0.000000E+00  0.000000E+00  0.000000E+00  0.000000E+00
183  1.21054304E-01 -6.157202E+01 -5.295676E+01 -1.457662E-01 -1.452581E-01  0.000000E+00  0.000000E+00  0.000000E+00  0.000000E+00  0.000000E+00  0.000000E+00
184  1.29506132E-01 -5.953425E+01 -5.143595E+01 -4.614686E-01 -1.581020E-01  0.000000E+00  0.000000E+00  0.000000E+00  0.000000E+00  0.000000E+00  0.000000E+00
185  1.38463011E-01 -5.748880E+01 -4.987308E+01 -7.801022E-01 -1.648960E-01  0.000000E+00  0.000000E+00  0.000000E+00  0.000000E+00  0.000000E+00  0.000000E+00
186  1.47947968E-01 -5.543973E+01 -4.827479E+01 -1.090882E+00 -1.658433E-01  0.000000E+00  0.000000E+00  0.000000E+00  0.000000E+00  0.000000E+00  0.000000E+00
187  1.57984565E-01 -5.339225E+01 -4.664864E+01 -1.382939E+00 -1.614267E-01  0.000000E+00  0.000000E+00  0.000000E+00  0.000000E+00  0.000000E+00  0.000000E+00
188  1.68596886E-01 -5.135321E+01 -4.500363E+01 -1.645984E+00 -1.523667E-01  0.000000E+00  0.000000E+00  0.000000E+00  0.000000E+00  0.000000E+00  0.000000E+00
189  1.79809520E-01 -4.933048E+01 -4.334964E+01 -1.870948E+00 -1.395619E-01  0.000000E+00  0.000000E+00  0.000000E+00  0.000000E+00  0.000000E+00  0.000000E+00
190  1.91647534E-01 -4.733381E+01 -4.169815E+01 -2.050552E+00 -1.240180E-01  0.000000E+00  0.000000E+00  0.000000E+00  0.000000E+00  0.000000E+00  0.000000E+00
191  2.04136463E-01 -4.537235E+01 -4.005995E+01 -2.179742E+00 -1.067719E-01  0.000000E+00  0.000000E+00  0.000000E+00  0.000000E+00  0.000000E+00  0.000000E+00
192  2.17302279E-01 -4.345427E+01 -3.844467E+01 -2.255952E+00 -8.882144E-02  0.000000E+00  0.000000E+00  0.000000E+00  0.000000E+00  0.000000E+00  0.000000E+00
193  2.31171371E-01 -4.158505E+01 -3.685918E+01 -2.279183E+00 -7.106600E-02  0.000000E+00  0.000000E+00  0.000000E+00  0.000000E+00  0.000000E+00  0.000000E+00
194  2.45770526E-01 -3.976690E+01 -3.530694E+01 -2.251890E+00 -5.426262E-02  0.000000E+00  0.000000E+00  0.000000E+00  0.000000E+00  0.000000E+00  0.000000E+00
195  2.61126896E-01 -3.799884E+01 -3.378814E+01 -2.178708E+00 -3.899922E-02  0.000000E+00  0.000000E+00  0.000000E+00  0.000000E+00  0.000000E+00  0.000000E+00
196  2.77267982E-01 -3.627803E+01 -3.230104E+01 -2.066052E+00 -2.568345E-02  0.000000E+00  0.000000E+00  0.000000E+00  0.000000E+00  0.000000E+00  0.000000E+00
197  2.94221602E-01 -3.460017E+01 -3.084235E+01 -1.921609E+00 -1.454550E-02  0.000000E+00  0.000000E+00  0.000000E+00  0.000000E+00  0.000000E+00  0.000000E+00
198  3.12015871E-01 -3.296204E+01 -2.940979E+01 -1.753800E+00 -5.652346E-03  0.000000E+00  0.000000E+00  0.000000E+00  0.000000E+00  0.000000E+00  0.000000E+00
199  3.30679170E-01 -3.136098E+01 -2.800159E+01 -1.571210E+00  1.069178E-03  0.000000E+00  0.000000E+00  0.000000E+00  0.000000E+00  0.000000E+00  0.000000E+00
200  3.50240122E-01 -2.979570E+01 -2.661728E+01 -1.382074E+00  5.802267E-03  0.000000E+00  0.000000E+00  0.000000E+00  0.000000E+00  0.000000E+00  0.000000E+00
201  3.70727567E-01 -2.826578E+01 -2.525721E+01 -1.193828E+00  8.806834E-03  0.000000E+00  0.000000E+00  0.000000E+00  0.000000E+00  0.000000E+00  0.000000E+00
202  3.92170536E-01 -2.677193E+01 -2.392284E+01 -1.012774E+00  1.038603E-02  0.000000E+00  0.000000E+00  0.000000E+00  0.000000E+00  0.000000E+00  0.000000E+00
203  4.14598221E-01 -2.531596E+01 -2.261666E+01 -8.438670E-01  1.085579E-02  0.000000E+00  0.000000E+00  0.000000E+00  0.000000E+00  0.000000E+00  0.000000E+00
204  4.38039957E-01 -2.390124E+01 -2.134268E+01 -6.906276E-01  1.051959E-02  0.000000E+00  0.000000E+00  0.000000E+00  0.000000E+00  0.000000E+00  0.000000E+00
205  4.62525189E-01 -2.253225E+01 -2.010595E+01 -5.551790E-01  9.649694E-03  0.000000E+00  0.000000E+00  0.000000E+00  0.000000E+00  0.000000E+00  0.000000E+00
206  4.88083451E-01 -2.121360E+01 -1.891166E+01 -4.383746E-01  8.475123E-03  0.000000E+00  0.000000E+00  0.000000E+00  0.000000E+00  0.000000E+00  0.000000E+00
207  5.14744344E-01 -1.994958E+01 -1.776459E+01 -3.400007E-01  7.176119E-03  0.000000E+00  0.000000E+00  0.000000E+00  0.000000E+00  0.000000E+00  0.000000E+00
208  5.42537505E-01 -1.874334E+01 -1.666837E+01 -2.590175E-01  5.884306E-03  0.000000E+00  0.000000E+00  0.000000E+00  0.000000E+00  0.000000E+00  0.000000E+00
209  5.71492593E-01 -1.759664E+01 -1.562520E+01 -1.938115E-01  4.687062E-03  0.000000E+00  0.000000E+00  0.000000E+00  0.000000E+00  0.000000E+00  0.000000E+00
210  6.01639258E-01 -1.650977E+01 -1.463580E+01 -1.424328E-01  3.634605E-03  0.000000E+00  0.000000E+00  0.000000E+00  0.000000E+00  0.000000E+00  0.000000E+00
211  6.33007126E-01 -1.548205E+01 -1.369986E+01 -1.027997E-01  2.748260E-03  0.000000E+00  0.000000E+00  0.000000E+00  0.000000E+00  0.000000E+00  0.000000E+00
212  6.65625774E-01 -1.451163E+01 -1.281589E+01 -7.285983E-02  2.028688E-03  0.000000E+00  0.000000E+00  0.000000E+00  0.000000E+00  0.000000E+00  0.000000E+00
213  6.99524712E-01 -1.359620E+01 -1.198192E+01 -5.070546E-02  1.463225E-03  0.000000E+00  0.000000E+00  0.000000E+00  0.000000E+00  0.000000E+00  0.000000E+00
214  7.34733362E-01 -1.273324E+01 -1.119575E+01 -3.464494E-02  1.031881E-03  0.000000E+00  0.000000E+00  0.000000E+00  0.000000E+00  0.000000E+00  0.000000E+00
215  7.71281039E-01 -1.191993E+01 -1.045485E+01 -2.323727E-02  7.118382E-04  0.000000E+00  0.000000E+00  0.000000E+00  0.000000E+00  0.000000E+00  0.000000E+00
216  8.09196937E-01 -1.115361E+01 -9.756833E+00 -1.529771E-02  4.805277E-04  0.000000E+00  0.000000E+00  0.000000E+00  0.000000E+00  0.000000E+00  0.000000E+00
217  8.48510110E-01 -1.043176E+01 -9.099431E+00 -9.883112E-03  3.175036E-04  0.000000E+00  0.000000E+00  0.000000E+00  0.000000E+00  0.000000E+00  0.000000E+00
218  8.89249453E-01 -9.752003E+00 -8.480524E+00 -6.264882E-03  2.053733E-04  0.000000E+00  0.000000E+00  0.000000E+00  0.000000E+00  0.000000E+00  0.000000E+00
219  9.31443694E-01 -9.112194E+00 -7.898180E+00 -3.895879E-03  1.300611E-04  0.000000E+00  0.000000E+00  0.000000E+00  0.000000E+00  0.000000E+00  0.000000E+00
220  9.75121372E-01 -8.510367E+00 -7.350647E+00 -2.376235E-03  8.064536E-05  0.000000E+00  0.000000E+00  0.000000E+00  0.000000E+00  0.000000E+00  0.000000E+00
221  1.02031083E+00 -7.944734E+00 -6.836335E+00 -1.421281E-03  4.895994E-05  0.000000E+00  0.000000E+00  0.000000E+00  0.000000E+00  0.000000E+00  0.000000E+00
222  1.06704020E+00 -7.413639E+00 -6.353769E+00 -8.334693E-04  2.910166E-05  0.000000E+00  0.000000E+00  0.000000E+00  0.000000E+00  0.000000E+00  0.000000E+00
223  1.11533740E+00 -6.915560E+00 -5.901601E+00 -4.791024E-04  1.693489E-05  0.000000E+00  0.000000E+00  0.000000E+00  0.000000E+00  0.000000E+00  0.000000E+00
224  1.16523010E+00 -6.449013E+00 -5.478506E+00 -2.699008E-04  9.647110E-06  0.000000E+00  0.000000E+00  0.000000E+00  0.000000E+00  0.000000E+00  0.000000E+00
225  1.21674573E+00 -6.012567E+00 -5.083204E+00 -1.489784E-04  5.379160E-06  0.000000E+00  0.000000E+00  0.000000E+00  0.000000E+00  0.000000E+00  0.000000E+00
226  1.26991147E+00 -5.604807E+00 -4.714421E+00 -8.055448E-05  2.935477E-06  0.000000E+00  0.000000E+00  0.000000E+00  0.000000E+00  0.000000E+00  0.000000E+00
227  1.32475426E+00 -5.224315E+00 -4.370868E+00 -4.265858E-05  1.567572E-06  0.000000E+00  0.000000E+00  0.000000E+00  0.000000E+00  0.000000E+00  0.000000E+00
228  1.38130075E+00 -4.869675E+00 -4.051253E+00 -2.211945E-05  8.190151E-07  0.000000E+00  0.000000E+00  0.000000E+00  0.000000E+00  0.000000E+00  0.000000E+00
229  1.43957731E+00 -4.539469E+00 -3.754270E+00 -1.122776E-05  4.185985E-07  0.000000E+00  0.000000E+00  0.000000E+00  0.000000E+00  0.000000E+00  0.000000E+00
230  1.49961004E+00 -4.232284E+00 -3.478616E+00 -5.577767E-06  2.092499E-07  0.000000E+00  0.000000E+00  0.000000E+00  0.000000E+00  0.000000E+00  0.000000E+00
231  1.56142477E+00 -3.946723E+00 -3.222992E+00 -2.711274E-06  1.022847E-07  0.000000E+00  0.000000E+00  0.000000E+00  0.000000E+00  0.000000E+00  0.000000E+00
232  1.62504701E+00 -3.681415E+00 -2.986120E+00 -1.289221E-06  4.888158E-08  0.000000E+00  0.000000E+00  0.000000E+00  0.000000E+00  0.000000E+00  0.000000E+00
233  1.69050199E+00 -3.435023E+00 -2.766753E+00 -5.995386E-07  2.283375E-08  0.000000E+00  0.000000E+00  0.000000E+00  0.000000E+00  0.000000E+00  0.000000E+00
234  1.75781464E+00 -3.206257E+00 -2.563680E+00 -2.726062E-07  1.042344E-08  0.000000E+00  0.000000E+00  0.000000E+00  0.000000E+00  0.000000E+00  0.000000E+00
235  1.82700960E+00 -2.993881E+00 -2.375743E+00 -1.211645E-07  4.648869E-09  0.000000E+00  0.000000E+00  0.000000E+00  0.000000E+00  0.000000E+00  0.000000E+00
236  1.89811117E+00 -2.796720E+00 -2.201838E+00 -5.262935E-08  2.025277E-09  0.000000E+00  0.000000E+00  0.000000E+00  0.000000E+00  0.000000E+00  0.000000E+00
237  1.97114339E+00 -2.613664E+00 -2.040923E+00 -2.233492E-08  8.616244E-10  0.000000E+00  0.000000E+00  0.000000E+00  0.000000E+00  0.000000E+00  0.000000E+00
238  2.04612996E+00 -2.443674E+00 -1.892020E+00 -9.258368E-09  3.578825E-10  0.000000E+00  0.000000E+00  0.000000E+00  0.000000E+00  0.000000E+00  0.000000E+00
239  2.12309428E+00 -2.285777E+00 -1.754218E+00 -3.747728E-09  1.450916E-10  0.000000E+00  0.000000E+00  0.000000E+00  0.000000E+00  0.000000E+00  0.000000E+00
240  2.20205944E+00 -2.139074E+00 -1.626670E+00 -1.481066E-09  5.739996E-11  0.000000E+00  0.000000E+00  0.000000E+00  0.000000E+00  0.000000E+00  0.000000E+00
241  2.28304822E+00 -2.002733E+00 -1.508597E+00 -5.712706E-10  2.215308E-11  0.000000E+00  0.000000E+00  0.000000E+00  0.000000E+00  0.000000E+00  0.000000E+00
242  2.36608309E+00 -1.875986E+00 -1.399281E+00 -2.150102E-10  9.343191E-12  0.000000E+00  0.000000E+00  0.000000E+00  0.000000E+00  0.000000E+00  0.000000E+00
243  2.45118622E+00 -1.758132E+00 -1.298065E+00 -7.894308E-11  5.326812E-13  0.000000E+00  0.000000E+00  0.000000E+00  0.000000E+00  0.000000E+00  0.000000E+00
