#      n =  5
#  kappa = -2
# energy = -5.50562737E+02
#zenergy =  0.00000000E+00
#     dn =  4.84289884E+00
# qrnorm =  1.00112243E+00
#SelfEne =  2.72113860E+32
#     vc = -3.04285208E+03
#     vr = -5.74110288E+03
#  ilast =  261
#    ifm =    0
#    cfm =  0.00000000E+00
#    xfm =  0.00000000E+00
#    rfn =  4.10130445E-02
#    pdx =  1.99449860E+00
#   bqp0 = -2.02876099E-05
#   bqp1 =  0.00000000E+00
#    idx = 18
# LEPTON = 0
#   MASS =  1.00000000E+00
# CHARGE =  1.00000000E+00
#  EUNIT =  2.72113860E+01
#  RUNIT =  4.13413733E+16
#  LUNIT =  5.29177211E-01
#    AMU =  1.82288849E+03
#    FSC =  7.29735257E-03


0    1.15230557E-08 -1.388876E-02  9.763101E+07  1.970467E-12 -4.001700E-17  0.000000E+00  0.000000E+00  0.000000E+00  0.000000E+00  0.000000E+00  0.000000E+00
1    1.26370682E-08 -1.523149E-02  8.902444E+07  2.368677E-12 -5.275907E-17  0.000000E+00  0.000000E+00  0.000000E+00  0.000000E+00  0.000000E+00  0.000000E+00
2    1.38587558E-08 -1.670399E-02  8.117672E+07  2.847707E-12 -6.955745E-17  0.000000E+00  0.000000E+00  0.000000E+00  0.000000E+00  0.000000E+00  0.000000E+00
3    1.51985763E-08 -1.831888E-02  7.402066E+07  3.423932E-12 -9.170806E-17  0.000000E+00  0.000000E+00  0.000000E+00  0.000000E+00  0.000000E+00  0.000000E+00
4    1.66678974E-08 -2.008985E-02  6.749556E+07  4.117037E-12 -1.209182E-16  0.000000E+00  0.000000E+00  0.000000E+00  0.000000E+00  0.000000E+00  0.000000E+00
5    1.82792333E-08 -2.203200E-02  6.154577E+07  4.950704E-12 -1.594403E-16  0.000000E+00  0.000000E+00  0.000000E+00  0.000000E+00  0.000000E+00  0.000000E+00
6    2.00463766E-08 -2.416194E-02  5.612036E+07  5.953423E-12 -2.102469E-16  0.000000E+00  0.000000E+00  0.000000E+00  0.000000E+00  0.000000E+00  0.000000E+00
7    2.19842820E-08 -2.649770E-02  5.117339E+07  7.159435E-12 -2.772534E-16  0.000000E+00  0.000000E+00  0.000000E+00  0.000000E+00  0.000000E+00  0.000000E+00
8    2.41095688E-08 -2.905932E-02  4.666242E+07  8.609953E-12 -3.656313E-16  0.000000E+00  0.000000E+00  0.000000E+00  0.000000E+00  0.000000E+00  0.000000E+00
9    2.64402674E-08 -3.186851E-02  4.254916E+07  1.035451E-11 -4.821935E-16  0.000000E+00  0.000000E+00  0.000000E+00  0.000000E+00  0.000000E+00  0.000000E+00
10   2.89962773E-08 -3.494928E-02  3.879849E+07  1.245271E-11 -6.359320E-16  0.000000E+00  0.000000E+00  0.000000E+00  0.000000E+00  0.000000E+00  0.000000E+00
11   3.17993241E-08 -3.832779E-02  3.537850E+07  1.497621E-11 -8.387000E-16  0.000000E+00  0.000000E+00  0.000000E+00  0.000000E+00  0.000000E+00  0.000000E+00
12   3.48733392E-08 -4.203291E-02  3.225997E+07  1.801120E-11 -1.106139E-15  0.000000E+00  0.000000E+00  0.000000E+00  0.000000E+00  0.000000E+00  0.000000E+00
13   3.82444504E-08 -4.609612E-02  2.941638E+07  2.166132E-11 -1.458868E-15  0.000000E+00  0.000000E+00  0.000000E+00  0.000000E+00  0.000000E+00  0.000000E+00
14   4.19414378E-08 -5.055210E-02  2.682345E+07  2.605125E-11 -1.924096E-15  0.000000E+00  0.000000E+00  0.000000E+00  0.000000E+00  0.000000E+00  0.000000E+00
15   4.59958029E-08 -5.543884E-02  2.445907E+07  3.133091E-11 -2.537702E-15  0.000000E+00  0.000000E+00  0.000000E+00  0.000000E+00  0.000000E+00  0.000000E+00
16   5.04419171E-08 -6.079775E-02  2.230318E+07  3.768056E-11 -3.346975E-15  0.000000E+00  0.000000E+00  0.000000E+00  0.000000E+00  0.000000E+00  0.000000E+00
17   5.53179043E-08 -6.667479E-02  2.033729E+07  4.531711E-11 -4.414369E-15  0.000000E+00  0.000000E+00  0.000000E+00  0.000000E+00  0.000000E+00  0.000000E+00
18   6.06650196E-08 -7.311967E-02  1.854474E+07  5.450122E-11 -5.822127E-15  0.000000E+00  0.000000E+00  0.000000E+00  0.000000E+00  0.000000E+00  0.000000E+00
19   6.65289955E-08 -8.018754E-02  1.691018E+07  6.554658E-11 -7.678848E-15  0.000000E+00  0.000000E+00  0.000000E+00  0.000000E+00  0.000000E+00  0.000000E+00
20   7.29597925E-08 -8.793859E-02  1.541970E+07  7.883035E-11 -1.012771E-14  0.000000E+00  0.000000E+00  0.000000E+00  0.000000E+00  0.000000E+00  0.000000E+00
21   8.00119221E-08 -9.643853E-02  1.406065E+07  9.480596E-11 -1.335741E-14  0.000000E+00  0.000000E+00  0.000000E+00  0.000000E+00  0.000000E+00  0.000000E+00
22   8.77456947E-08 -1.057601E-01  1.282137E+07  1.140190E-10 -1.761710E-14  0.000000E+00  0.000000E+00  0.000000E+00  0.000000E+00  0.000000E+00  0.000000E+00
23   9.62269964E-08 -1.159826E-01  1.169132E+07  1.371255E-10 -2.323520E-14  0.000000E+00  0.000000E+00  0.000000E+00  0.000000E+00  0.000000E+00  0.000000E+00
24   1.05527715E-07 -1.271928E-01  1.066092E+07  1.649140E-10 -3.064461E-14  0.000000E+00  0.000000E+00  0.000000E+00  0.000000E+00  0.000000E+00  0.000000E+00
25   1.15727384E-07 -1.394864E-01  9.721321E+06  1.983335E-10 -4.041683E-14  0.000000E+00  0.000000E+00  0.000000E+00  0.000000E+00  0.000000E+00  0.000000E+00
26   1.26912450E-07 -1.529678E-01  8.864569E+06  2.385244E-10 -5.330476E-14  0.000000E+00  0.000000E+00  0.000000E+00  0.000000E+00  0.000000E+00  0.000000E+00
27   1.39178554E-07 -1.677522E-01  8.083323E+06  2.868592E-10 -7.030238E-14  0.000000E+00  0.000000E+00  0.000000E+00  0.000000E+00  0.000000E+00  0.000000E+00
28   1.52629913E-07 -1.839651E-01  7.370943E+06  3.449873E-10 -9.271965E-14  0.000000E+00  0.000000E+00  0.000000E+00  0.000000E+00  0.000000E+00  0.000000E+00
29   1.67381030E-07 -2.017446E-01  6.721357E+06  4.148930E-10 -1.222845E-13  0.000000E+00  0.000000E+00  0.000000E+00  0.000000E+00  0.000000E+00  0.000000E+00
30   1.83557470E-07 -2.212421E-01  6.129028E+06  4.989621E-10 -1.612755E-13  0.000000E+00  0.000000E+00  0.000000E+00  0.000000E+00  0.000000E+00  0.000000E+00
31   2.01296571E-07 -2.426230E-01  5.588919E+06  6.000633E-10 -2.126970E-13  0.000000E+00  0.000000E+00  0.000000E+00  0.000000E+00  0.000000E+00  0.000000E+00
32   2.20749990E-07 -2.660702E-01  5.096407E+06  7.216478E-10 -2.805139E-13  0.000000E+00  0.000000E+00  0.000000E+00  0.000000E+00  0.000000E+00  0.000000E+00
33   2.42082557E-07 -2.917823E-01  4.647312E+06  8.678634E-10 -3.699498E-13  0.000000E+00  0.000000E+00  0.000000E+00  0.000000E+00  0.000000E+00  0.000000E+00
34   2.65476634E-07 -3.199792E-01  4.237792E+06  1.043701E-09 -4.879003E-13  0.000000E+00  0.000000E+00  0.000000E+00  0.000000E+00  0.000000E+00  0.000000E+00
35   2.91129920E-07 -3.508990E-01  3.864379E+06  1.255157E-09 -6.434468E-13  0.000000E+00  0.000000E+00  0.000000E+00  0.000000E+00  0.000000E+00  0.000000E+00
36   3.19262109E-07 -3.848067E-01  3.523869E+06  1.509450E-09 -8.485828E-13  0.000000E+00  0.000000E+00  0.000000E+00  0.000000E+00  0.000000E+00  0.000000E+00
37   3.50111524E-07 -4.219893E-01  3.213375E+06  1.815251E-09 -1.119106E-12  0.000000E+00  0.000000E+00  0.000000E+00  0.000000E+00  0.000000E+00  0.000000E+00
38   3.83941165E-07 -4.627640E-01  2.930245E+06  2.182995E-09 -1.475862E-12  0.000000E+00  0.000000E+00  0.000000E+00  0.000000E+00  0.000000E+00  0.000000E+00
39   4.21038142E-07 -5.074767E-01  2.672070E+06  2.625223E-09 -1.946326E-12  0.000000E+00  0.000000E+00  0.000000E+00  0.000000E+00  0.000000E+00  0.000000E+00
40   4.61717878E-07 -5.565076E-01  2.436651E+06  3.157018E-09 -2.566736E-12  0.000000E+00  0.000000E+00  0.000000E+00  0.000000E+00  0.000000E+00  0.000000E+00
41   5.06326236E-07 -6.102735E-01  2.221981E+06  3.796515E-09 -3.384872E-12  0.000000E+00  0.000000E+00  0.000000E+00  0.000000E+00  0.000000E+00  0.000000E+00
42   5.55243414E-07 -6.692327E-01  2.026228E+06  4.565525E-09 -4.463763E-12  0.000000E+00  0.000000E+00  0.000000E+00  0.000000E+00  0.000000E+00  0.000000E+00
43   6.08884460E-07 -7.338853E-01  1.847726E+06  5.490267E-09 -5.886473E-12  0.000000E+00  0.000000E+00  0.000000E+00  0.000000E+00  0.000000E+00  0.000000E+00
44   6.67705345E-07 -8.047808E-01  1.684956E+06  6.602268E-09 -7.762553E-12  0.000000E+00  0.000000E+00  0.000000E+00  0.000000E+00  0.000000E+00  0.000000E+00
45   7.32206037E-07 -8.825217E-01  1.536530E+06  7.939436E-09 -1.023645E-11  0.000000E+00  0.000000E+00  0.000000E+00  0.000000E+00  0.000000E+00  0.000000E+00
46   8.02934737E-07 -9.677687E-01  1.401183E+06  9.547350E-09 -1.349862E-11  0.000000E+00  0.000000E+00  0.000000E+00  0.000000E+00  0.000000E+00  0.000000E+00
47   8.80491003E-07 -1.061244E+00  1.277766E+06  1.148080E-08 -1.780009E-11  0.000000E+00  0.000000E+00  0.000000E+00  0.000000E+00  0.000000E+00  0.000000E+00
48   9.65535147E-07 -1.163744E+00  1.165223E+06  1.380569E-08 -2.347203E-11  0.000000E+00  0.000000E+00  0.000000E+00  0.000000E+00  0.000000E+00  0.000000E+00
49   1.05878978E-06 -1.276138E+00  1.062596E+06  1.660123E-08 -3.095097E-11  0.000000E+00  0.000000E+00  0.000000E+00  0.000000E+00  0.000000E+00  0.000000E+00
50   1.16104470E-06 -1.399379E+00  9.690139E+05  1.996265E-08 -4.081221E-11  0.000000E+00  0.000000E+00  0.000000E+00  0.000000E+00  0.000000E+00  0.000000E+00
51   1.27316957E-06 -1.534513E+00  8.836803E+05  2.400446E-08 -5.381458E-11  0.000000E+00  0.000000E+00  0.000000E+00  0.000000E+00  0.000000E+00  0.000000E+00
52   1.39611533E-06 -1.682687E+00  8.058637E+05  2.886430E-08 -7.095821E-11  0.000000E+00  0.000000E+00  0.000000E+00  0.000000E+00  0.000000E+00  0.000000E+00
53   1.53092556E-06 -1.845156E+00  7.349030E+05  3.470766E-08 -9.356169E-11  0.000000E+00  0.000000E+00  0.000000E+00  0.000000E+00  0.000000E+00  0.000000E+00
54   1.67874443E-06 -2.023300E+00  6.701940E+05  4.173349E-08 -1.233633E-10  0.000000E+00  0.000000E+00  0.000000E+00  0.000000E+00  0.000000E+00  0.000000E+00
55   1.84082478E-06 -2.218626E+00  6.111840E+05  5.018094E-08 -1.626543E-10  0.000000E+00  0.000000E+00  0.000000E+00  0.000000E+00  0.000000E+00  0.000000E+00
56   2.01854323E-06 -2.432791E+00  5.573817E+05  6.033750E-08 -2.144555E-10  0.000000E+00  0.000000E+00  0.000000E+00  0.000000E+00  0.000000E+00  0.000000E+00
57   2.21340371E-06 -2.667604E+00  5.083130E+05  7.254874E-08 -2.827474E-10  0.000000E+00  0.000000E+00  0.000000E+00  0.000000E+00  0.000000E+00  0.000000E+00
58   2.42705979E-06 -2.925056E+00  4.635646E+05  8.723006E-08 -3.727783E-10  0.000000E+00  0.000000E+00  0.000000E+00  0.000000E+00  0.000000E+00  0.000000E+00
59   2.66132121E-06 -3.207321E+00  4.227625E+05  1.048808E-07 -4.914645E-10  0.000000E+00  0.000000E+00  0.000000E+00  0.000000E+00  0.000000E+00  0.000000E+00
60   2.91817339E-06 -3.516786E+00  3.855558E+05  1.261010E-07 -6.479220E-10  0.000000E+00  0.000000E+00  0.000000E+00  0.000000E+00  0.000000E+00  0.000000E+00
61   3.19979011E-06 -3.856062E+00  3.516220E+05  1.516120E-07 -8.541633E-10  0.000000E+00  0.000000E+00  0.000000E+00  0.000000E+00  0.000000E+00  0.000000E+00
62   3.50855663E-06 -4.228011E+00  3.206788E+05  1.822806E-07 -1.126020E-09  0.000000E+00  0.000000E+00  0.000000E+00  0.000000E+00  0.000000E+00  0.000000E+00
63   3.84708773E-06 -4.635770E+00  2.924638E+05  2.191487E-07 -1.484356E-09  0.000000E+00  0.000000E+00  0.000000E+00  0.000000E+00  0.000000E+00  0.000000E+00
64   4.21824425E-06 -5.082765E+00  2.667307E+05  2.634681E-07 -1.956656E-09  0.000000E+00  0.000000E+00  0.000000E+00  0.000000E+00  0.000000E+00  0.000000E+00
65   4.62516922E-06 -5.572757E+00  2.432659E+05  3.167432E-07 -2.579139E-09  0.000000E+00  0.000000E+00  0.000000E+00  0.000000E+00  0.000000E+00  0.000000E+00
66   5.07129974E-06 -6.109852E+00  2.218665E+05  3.807814E-07 -3.399515E-09  0.000000E+00  0.000000E+00  0.000000E+00  0.000000E+00  0.000000E+00  0.000000E+00
67   5.56040831E-06 -6.698549E+00  2.023517E+05  4.577545E-07 -4.480636E-09  0.000000E+00  0.000000E+00  0.000000E+00  0.000000E+00  0.000000E+00  0.000000E+00
68   6.09662734E-06 -7.343767E+00  1.845563E+05  5.502714E-07 -5.905288E-09  0.000000E+00  0.000000E+00  0.000000E+00  0.000000E+00  0.000000E+00  0.000000E+00
69   6.68448262E-06 -8.050875E+00  1.683270E+05  6.614658E-07 -7.782488E-09  0.000000E+00  0.000000E+00  0.000000E+00  0.000000E+00  0.000000E+00  0.000000E+00
70   7.32893941E-06 -8.825749E+00  1.535273E+05  7.951019E-07 -1.025581E-08  0.000000E+00  0.000000E+00  0.000000E+00  0.000000E+00  0.000000E+00  0.000000E+00
71   8.03543099E-06 -9.674793E+00  1.400300E+05  9.556998E-07 -1.351424E-08  0.000000E+00  0.000000E+00  0.000000E+00  0.000000E+00  0.000000E+00  0.000000E+00
72   8.80991931E-06 -1.060500E+01  1.277216E+05  1.148688E-06 -1.780659E-08  0.000000E+00  0.000000E+00  0.000000E+00  0.000000E+00  0.000000E+00  0.000000E+00
73   9.65892950E-06 -1.162399E+01  1.164971E+05  1.380581E-06 -2.346025E-08  0.000000E+00  0.000000E+00  0.000000E+00  0.000000E+00  0.000000E+00  0.000000E+00
74   1.05896147E-05 -1.274004E+01  1.062605E+05  1.659202E-06 -3.090600E-08  0.000000E+00  0.000000E+00  0.000000E+00  0.000000E+00  0.000000E+00  0.000000E+00
75   1.16098094E-05 -1.396217E+01  9.692503E+04  1.993934E-06 -4.071041E-08  0.000000E+00  0.000000E+00  0.000000E+00  0.000000E+00  0.000000E+00  0.000000E+00
76   1.27281005E-05 -1.530015E+01  8.841199E+04  2.396040E-06 -5.361843E-08  0.000000E+00  0.000000E+00  0.000000E+00  0.000000E+00  0.000000E+00  0.000000E+00
77   1.39538902E-05 -1.676456E+01  8.064849E+04  2.879020E-06 -7.060907E-08  0.000000E+00  0.000000E+00  0.000000E+00  0.000000E+00  0.000000E+00  0.000000E+00
78   1.52974794E-05 -1.836681E+01  7.356853E+04  3.459063E-06 -9.296840E-08  0.000000E+00  0.000000E+00  0.000000E+00  0.000000E+00  0.000000E+00  0.000000E+00
79   1.67701554E-05 -2.011921E+01  6.711274E+04  4.155568E-06 -1.223849E-07  0.000000E+00  0.000000E+00  0.000000E+00  0.000000E+00  0.000000E+00  0.000000E+00
80   1.83842748E-05 -2.203490E+01  6.122596E+04  4.991765E-06 -1.610736E-07  0.000000E+00  0.000000E+00  0.000000E+00  0.000000E+00  0.000000E+00  0.000000E+00
81   2.01533739E-05 -2.412794E+01  5.585831E+04  5.995464E-06 -2.119384E-07  0.000000E+00  0.000000E+00  0.000000E+00  0.000000E+00  0.000000E+00  0.000000E+00
82   2.20922802E-05 -2.641320E+01  5.096490E+04  7.199922E-06 -2.787822E-07  0.000000E+00  0.000000E+00  0.000000E+00  0.000000E+00  0.000000E+00  0.000000E+00
83   2.42172274E-05 -2.890631E+01  4.650439E+04  8.644887E-06 -3.665794E-07  0.000000E+00  0.000000E+00  0.000000E+00  0.000000E+00  0.000000E+00  0.000000E+00
84   2.65459927E-05 -3.162351E+01  4.243938E+04  1.037781E-05 -4.818283E-07  0.000000E+00  0.000000E+00  0.000000E+00  0.000000E+00  0.000000E+00  0.000000E+00
85   2.90980437E-05 -3.458143E+01  3.873619E+04  1.245526E-05 -6.330037E-07  0.000000E+00  0.000000E+00  0.000000E+00  0.000000E+00  0.000000E+00  0.000000E+00
86   3.18946918E-05 -3.779678E+01  3.536430E+04  1.494463E-05 -8.311360E-07  0.000000E+00  0.000000E+00  0.000000E+00  0.000000E+00  0.000000E+00  0.000000E+00
87   3.49592718E-05 -4.128587E+01  3.229637E+04  1.792600E-05 -1.090548E-06  0.000000E+00  0.000000E+00  0.000000E+00  0.000000E+00  0.000000E+00  0.000000E+00
88   3.83173248E-05 -4.506391E+01  2.950799E+04  2.149442E-05 -1.429782E-06  0.000000E+00  0.000000E+00  0.000000E+00  0.000000E+00  0.000000E+00  0.000000E+00
89   4.19968112E-05 -4.914417E+01  2.697770E+04  2.576238E-05 -1.872764E-06  0.000000E+00  0.000000E+00  0.000000E+00  0.000000E+00  0.000000E+00  0.000000E+00
90   4.60283336E-05 -5.353662E+01  2.468707E+04  3.086276E-05 -2.450228E-06  0.000000E+00  0.000000E+00  0.000000E+00  0.000000E+00  0.000000E+00  0.000000E+00
91   5.04453829E-05 -5.824623E+01  2.262044E+04  3.695198E-05 -3.201457E-06  0.000000E+00  0.000000E+00  0.000000E+00  0.000000E+00  0.000000E+00  0.000000E+00
92   5.52846082E-05 -6.327066E+01  2.076548E+04  4.421360E-05 -4.176329E-06  0.000000E+00  0.000000E+00  0.000000E+00  0.000000E+00  0.000000E+00  0.000000E+00
93   6.05861129E-05 -6.859709E+01  1.911348E+04  5.286225E-05 -5.437679E-06  0.000000E+00  0.000000E+00  0.000000E+00  0.000000E+00  0.000000E+00  0.000000E+00
94   6.63937725E-05 -7.419801E+01  1.765957E+04  6.314783E-05 -7.063873E-06  0.000000E+00  0.000000E+00  0.000000E+00  0.000000E+00  0.000000E+00  0.000000E+00
95   7.27555839E-05 -8.002567E+01  1.640383E+04  7.536018E-05 -9.151410E-06  0.000000E+00  0.000000E+00  0.000000E+00  0.000000E+00  0.000000E+00  0.000000E+00
96   7.97240513E-05 -8.600471E+01  1.535220E+04  8.983417E-05 -1.181717E-05  0.000000E+00  0.000000E+00  0.000000E+00  0.000000E+00  0.000000E+00  0.000000E+00
97   8.73565943E-05 -9.202259E+01  1.451745E+04  1.069555E-04 -1.519964E-05  0.000000E+00  0.000000E+00  0.000000E+00  0.000000E+00  0.000000E+00  0.000000E+00
98   9.57160101E-05 -9.791752E+01  1.391972E+04  1.271680E-04 -1.945803E-05  0.000000E+00  0.000000E+00  0.000000E+00  0.000000E+00  0.000000E+00  0.000000E+00
99   1.04870958E-04 -1.034646E+02  1.358026E+04  1.509837E-04 -2.476767E-05  0.000000E+00  0.000000E+00  0.000000E+00  0.000000E+00  0.000000E+00  0.000000E+00
100  1.14896506E-04 -1.083658E+02  1.346861E+04  1.789983E-04 -3.130942E-05  0.000000E+00  0.000000E+00  0.000000E+00  0.000000E+00  0.000000E+00  0.000000E+00
101  1.25874712E-04 -1.122651E+02  1.332700E+04  2.119107E-04 -3.925193E-05  0.000000E+00  0.000000E+00  0.000000E+00  0.000000E+00  0.000000E+00  0.000000E+00
102  1.37895258E-04 -1.148601E+02  1.265882E+04  2.505322E-04 -4.873156E-05  0.000000E+00  0.000000E+00  0.000000E+00  0.000000E+00  0.000000E+00  0.000000E+00
103  1.51056150E-04 -1.161696E+02  1.131293E+04  2.958398E-04 -5.985553E-05  0.000000E+00  0.000000E+00  0.000000E+00  0.000000E+00  0.000000E+00  0.000000E+00
104  1.65464473E-04 -1.166427E+02  9.815831E+03  3.490740E-04 -7.275791E-05  0.000000E+00  0.000000E+00  0.000000E+00  0.000000E+00  0.000000E+00  0.000000E+00
105  1.81237204E-04 -1.167639E+02  8.651623E+03  4.116606E-04 -8.766922E-05  0.000000E+00  0.000000E+00  0.000000E+00  0.000000E+00  0.000000E+00  0.000000E+00
106  1.98502114E-04 -1.167769E+02  7.788130E+03  4.852117E-04 -1.049319E-04  0.000000E+00  0.000000E+00  0.000000E+00  0.000000E+00  0.000000E+00  0.000000E+00
107  2.17398726E-04 -1.167619E+02  7.061434E+03  5.716395E-04 -1.249812E-04  0.000000E+00  0.000000E+00  0.000000E+00  0.000000E+00  0.000000E+00  0.000000E+00
108  2.38079383E-04 -1.167396E+02  6.409071E+03  6.731957E-04 -1.483362E-04  0.000000E+00  0.000000E+00  0.000000E+00  0.000000E+00  0.000000E+00  0.000000E+00
109  2.60710374E-04 -1.167141E+02  5.815542E+03  7.925112E-04 -1.756033E-04  0.000000E+00  0.000000E+00  0.000000E+00  0.000000E+00  0.000000E+00  0.000000E+00
110  2.85473187E-04 -1.166860E+02  5.274484E+03  9.326587E-04 -2.074876E-04  0.000000E+00  0.000000E+00  0.000000E+00  0.000000E+00  0.000000E+00  0.000000E+00
111  3.12565842E-04 -1.166551E+02  4.781223E+03  1.097226E-03 -2.448096E-04  0.000000E+00  0.000000E+00  0.000000E+00  0.000000E+00  0.000000E+00  0.000000E+00
112  3.42204361E-04 -1.166213E+02  4.331607E+03  1.290402E-03 -2.885233E-04  0.000000E+00  0.000000E+00  0.000000E+00  0.000000E+00  0.000000E+00  0.000000E+00
113  3.74624340E-04 -1.165842E+02  3.921844E+03  1.517070E-03 -3.397393E-04  0.000000E+00  0.000000E+00  0.000000E+00  0.000000E+00  0.000000E+00  0.000000E+00
114  4.10082660E-04 -1.165436E+02  3.548473E+03  1.782923E-03 -3.997499E-04  0.000000E+00  0.000000E+00  0.000000E+00  0.000000E+00  0.000000E+00  0.000000E+00
115  4.48859339E-04 -1.164991E+02  3.208333E+03  2.094588E-03 -4.700583E-04  0.000000E+00  0.000000E+00  0.000000E+00  0.000000E+00  0.000000E+00  0.000000E+00
116  4.91259529E-04 -1.164505E+02  2.898544E+03  2.459772E-03 -5.524120E-04  0.000000E+00  0.000000E+00  0.000000E+00  0.000000E+00  0.000000E+00  0.000000E+00
117  5.37615685E-04 -1.163974E+02  2.616477E+03  2.887424E-03 -6.488413E-04  0.000000E+00  0.000000E+00  0.000000E+00  0.000000E+00  0.000000E+00  0.000000E+00
118  5.88289898E-04 -1.163393E+02  2.359735E+03  3.387932E-03 -7.617020E-04  0.000000E+00  0.000000E+00  0.000000E+00  0.000000E+00  0.000000E+00  0.000000E+00
119  6.43676415E-04 -1.162759E+02  2.126127E+03  3.973323E-03 -8.937252E-04  0.000000E+00  0.000000E+00  0.000000E+00  0.000000E+00  0.000000E+00  0.000000E+00
120  7.04204362E-04 -1.162067E+02  1.913656E+03  4.657514E-03 -1.048073E-03  0.000000E+00  0.000000E+00  0.000000E+00  0.000000E+00  0.000000E+00  0.000000E+00
121  7.70340672E-04 -1.161313E+02  1.720496E+03  5.456574E-03 -1.228399E-03  0.000000E+00  0.000000E+00  0.000000E+00  0.000000E+00  0.000000E+00  0.000000E+00
122  8.42593245E-04 -1.160491E+02  1.544981E+03  6.389027E-03 -1.438924E-03  0.000000E+00  0.000000E+00  0.000000E+00  0.000000E+00  0.000000E+00  0.000000E+00
123  9.21514337E-04 -1.159596E+02  1.385584E+03  7.476182E-03 -1.684507E-03  0.000000E+00  0.000000E+00  0.000000E+00  0.000000E+00  0.000000E+00  0.000000E+00
124  1.00770422E-03 -1.158622E+02  1.240913E+03  8.742503E-03 -1.970738E-03  0.000000E+00  0.000000E+00  0.000000E+00  0.000000E+00  0.000000E+00  0.000000E+00
125  1.10181509E-03 -1.157564E+02  1.109692E+03  1.021600E-02 -2.304031E-03  0.000000E+00  0.000000E+00  0.000000E+00  0.000000E+00  0.000000E+00  0.000000E+00
126  1.20455530E-03 -1.156415E+02  9.907526E+02  1.192868E-02 -2.691730E-03  0.000000E+00  0.000000E+00  0.000000E+00  0.000000E+00  0.000000E+00  0.000000E+00
127  1.31669383E-03 -1.155169E+02  8.830242E+02  1.391699E-02 -3.142221E-03  0.000000E+00  0.000000E+00  0.000000E+00  0.000000E+00  0.000000E+00  0.000000E+00
128  1.43906516E-03 -1.153817E+02  7.855257E+02  1.622229E-02 -3.665053E-03  0.000000E+00  0.000000E+00  0.000000E+00  0.000000E+00  0.000000E+00  0.000000E+00
129  1.57257442E-03 -1.152354E+02  6.973571E+02  1.889140E-02 -4.271070E-03  0.000000E+00  0.000000E+00  0.000000E+00  0.000000E+00  0.000000E+00  0.000000E+00
130  1.71820289E-03 -1.150771E+02  6.176923E+02  2.197707E-02 -4.972539E-03  0.000000E+00  0.000000E+00  0.000000E+00  0.000000E+00  0.000000E+00  0.000000E+00
131  1.87701395E-03 -1.149060E+02  5.457728E+02  2.553847E-02 -5.783289E-03  0.000000E+00  0.000000E+00  0.000000E+00  0.000000E+00  0.000000E+00  0.000000E+00
132  2.05015929E-03 -1.147214E+02  4.809019E+02  2.964166E-02 -6.718848E-03  0.000000E+00  0.000000E+00  0.000000E+00  0.000000E+00  0.000000E+00  0.000000E+00
133  2.23888565E-03 -1.145223E+02  4.224401E+02  3.436000E-02 -7.796563E-03  0.000000E+00  0.000000E+00  0.000000E+00  0.000000E+00  0.000000E+00  0.000000E+00
134  2.44454194E-03 -1.143079E+02  3.697997E+02  3.977439E-02 -9.035723E-03  0.000000E+00  0.000000E+00  0.000000E+00  0.000000E+00  0.000000E+00  0.000000E+00
135  2.66858673E-03 -1.140772E+02  3.224415E+02  4.597346E-02 -1.045765E-02  0.000000E+00  0.000000E+00  0.000000E+00  0.000000E+00  0.000000E+00  0.000000E+00
136  2.91259634E-03 -1.138294E+02  2.798707E+02  5.305344E-02 -1.208575E-02  0.000000E+00  0.000000E+00  0.000000E+00  0.000000E+00  0.000000E+00  0.000000E+00
137  3.17827323E-03 -1.135634E+02  2.416337E+02  6.111786E-02 -1.394553E-02  0.000000E+00  0.000000E+00  0.000000E+00  0.000000E+00  0.000000E+00  0.000000E+00
138  3.46745504E-03 -1.132783E+02  2.073153E+02  7.027676E-02 -1.606458E-02  0.000000E+00  0.000000E+00  0.000000E+00  0.000000E+00  0.000000E+00  0.000000E+00
139  3.78212399E-03 -1.129729E+02  1.765357E+02  8.064548E-02 -1.847239E-02  0.000000E+00  0.000000E+00  0.000000E+00  0.000000E+00  0.000000E+00  0.000000E+00
140  4.12441685E-03 -1.126463E+02  1.489482E+02  9.234288E-02 -2.120013E-02  0.000000E+00  0.000000E+00  0.000000E+00  0.000000E+00  0.000000E+00  0.000000E+00
141  4.49663544E-03 -1.122972E+02  1.242369E+02  1.054888E-01 -2.428032E-02  0.000000E+00  0.000000E+00  0.000000E+00  0.000000E+00  0.000000E+00  0.000000E+00
142  4.90125758E-03 -1.119245E+02  1.021146E+02  1.202004E-01 -2.774624E-02  0.000000E+00  0.000000E+00  0.000000E+00  0.000000E+00  0.000000E+00  0.000000E+00
143  5.34094866E-03 -1.115269E+02  8.232034E+01  1.365881E-01 -3.163124E-02  0.000000E+00  0.000000E+00  0.000000E+00  0.000000E+00  0.000000E+00  0.000000E+00
144  5.81857363E-03 -1.111031E+02  6.461795E+01  1.547496E-01 -3.596779E-02  0.000000E+00  0.000000E+00  0.000000E+00  0.000000E+00  0.000000E+00  0.000000E+00
145  6.33720957E-03 -1.106516E+02  4.879401E+01  1.747625E-01 -4.078622E-02  0.000000E+00  0.000000E+00  0.000000E+00  0.000000E+00  0.000000E+00  0.000000E+00
146  6.90015882E-03 -1.101712E+02  3.465608E+01  1.966765E-01 -4.611326E-02  0.000000E+00  0.000000E+00  0.000000E+00  0.000000E+00  0.000000E+00  0.000000E+00
147  7.51096245E-03 -1.096600E+02  2.203108E+01  2.205023E-01 -5.197013E-02  0.000000E+00  0.000000E+00  0.000000E+00  0.000000E+00  0.000000E+00  0.000000E+00
148  8.17341442E-03 -1.091167E+02  1.076369E+01  2.462004E-01 -5.837039E-02  0.000000E+00  0.000000E+00  0.000000E+00  0.000000E+00  0.000000E+00  0.000000E+00
149  8.89157608E-03 -1.085394E+02  7.147489E-01  2.736671E-01 -6.531736E-02  0.000000E+00  0.000000E+00  0.000000E+00  0.000000E+00  0.000000E+00  0.000000E+00
150  9.66979112E-03 -1.079264E+02 -8.240053E+00  3.027197E-01 -7.280125E-02  0.000000E+00  0.000000E+00  0.000000E+00  0.000000E+00  0.000000E+00  0.000000E+00
151  1.05127010E-02 -1.072761E+02 -1.621160E+01  3.330806E-01 -8.079594E-02  0.000000E+00  0.000000E+00  0.000000E+00  0.000000E+00  0.000000E+00  0.000000E+00
152  1.14252606E-02 -1.065867E+02 -2.329873E+01  3.643603E-01 -8.925556E-02  0.000000E+00  0.000000E+00  0.000000E+00  0.000000E+00  0.000000E+00  0.000000E+00
153  1.24127546E-02 -1.058565E+02 -2.958935E+01  3.960409E-01 -9.811090E-02  0.000000E+00  0.000000E+00  0.000000E+00  0.000000E+00  0.000000E+00  0.000000E+00
154  1.34808136E-02 -1.050837E+02 -3.516166E+01  4.274611E-01 -1.072659E-01  0.000000E+00  0.000000E+00  0.000000E+00  0.000000E+00  0.000000E+00  0.000000E+00
155  1.46354308E-02 -1.042666E+02 -4.008523E+01  4.578039E-01 -1.165945E-01  0.000000E+00  0.000000E+00  0.000000E+00  0.000000E+00  0.000000E+00  0.000000E+00
156  1.58829787E-02 -1.034038E+02 -4.442187E+01  4.860879E-01 -1.259375E-01  0.000000E+00  0.000000E+00  0.000000E+00  0.000000E+00  0.000000E+00  0.000000E+00
157  1.72302266E-02 -1.024935E+02 -4.822659E+01  5.111669E-01 -1.351013E-01  0.000000E+00  0.000000E+00  0.000000E+00  0.000000E+00  0.000000E+00  0.000000E+00
158  1.86843567E-02 -1.015346E+02 -5.154831E+01  5.317365E-01 -1.438567E-01  0.000000E+00  0.000000E+00  0.000000E+00  0.000000E+00  0.000000E+00  0.000000E+00
159  2.02529815E-02 -1.005258E+02 -5.443054E+01  5.463537E-01 -1.519403E-01  0.000000E+00  0.000000E+00  0.000000E+00  0.000000E+00  0.000000E+00  0.000000E+00
160  2.19441608E-02 -9.946633E+01 -5.691210E+01  5.534704E-01 -1.590573E-01  0.000000E+00  0.000000E+00  0.000000E+00  0.000000E+00  0.000000E+00  0.000000E+00
161  2.37664178E-02 -9.835546E+01 -5.902767E+01  5.514827E-01 -1.649079E-01  0.000000E+00  0.000000E+00  0.000000E+00  0.000000E+00  0.000000E+00  0.000000E+00
162  2.57287559E-02 -9.719282E+01 -6.080824E+01  5.387990E-01 -1.691406E-01  0.000000E+00  0.000000E+00  0.000000E+00  0.000000E+00  0.000000E+00  0.000000E+00
163  2.78406741E-02 -9.597808E+01 -6.228155E+01  5.139276E-01 -1.714141E-01  0.000000E+00  0.000000E+00  0.000000E+00  0.000000E+00  0.000000E+00  0.000000E+00
164  3.01121830E-02 -9.471099E+01 -6.347235E+01  4.755831E-01 -1.713970E-01  0.000000E+00  0.000000E+00  0.000000E+00  0.000000E+00  0.000000E+00  0.000000E+00
165  3.25538193E-02 -9.339120E+01 -6.440269E+01  4.228098E-01 -1.687855E-01  0.000000E+00  0.000000E+00  0.000000E+00  0.000000E+00  0.000000E+00  0.000000E+00
166  3.51766601E-02 -9.201830E+01 -6.509220E+01  3.551173E-01 -1.633241E-01  0.000000E+00  0.000000E+00  0.000000E+00  0.000000E+00  0.000000E+00  0.000000E+00
167  3.79923361E-02 -9.059179E+01 -6.555833E+01  2.726222E-01 -1.548281E-01  0.000000E+00  0.000000E+00  0.000000E+00  0.000000E+00  0.000000E+00  0.000000E+00
168  4.10130445E-02 -8.911131E+01 -6.581675E+01  1.761847E-01 -1.432066E-01  0.000000E+00  0.000000E+00  0.000000E+00  0.000000E+00  0.000000E+00  0.000000E+00
169  4.42515601E-02 -8.757660E+01 -6.588159E+01  6.752791E-02 -1.284847E-01  0.000000E+00  0.000000E+00  0.000000E+00  0.000000E+00  0.000000E+00  0.000000E+00
170  4.77212457E-02 -8.598792E+01 -6.576595E+01 -5.067391E-02 -1.108230E-01  0.000000E+00  0.000000E+00  0.000000E+00  0.000000E+00  0.000000E+00  0.000000E+00
171  5.14360618E-02 -8.434593E+01 -6.548196E+01 -1.747567E-01 -9.053165E-02  0.000000E+00  0.000000E+00  0.000000E+00  0.000000E+00  0.000000E+00  0.000000E+00
172  5.54105740E-02 -8.265183E+01 -6.504125E+01 -3.000920E-01 -6.807719E-02  0.000000E+00  0.000000E+00  0.000000E+00  0.000000E+00  0.000000E+00  0.000000E+00
173  5.96599602E-02 -8.090740E+01 -6.445499E+01 -4.211914E-01 -4.407939E-02  0.000000E+00  0.000000E+00  0.000000E+00  0.000000E+00  0.000000E+00  0.000000E+00
174  6.42000152E-02 -7.911535E+01 -6.373429E+01 -5.319006E-01 -1.929722E-02  0.000000E+00  0.000000E+00  0.000000E+00  0.000000E+00  0.000000E+00  0.000000E+00
175  6.90471548E-02 -7.727928E+01 -6.289036E+01 -6.256866E-01  5.397873E-03  0.000000E+00  0.000000E+00  0.000000E+00  0.000000E+00  0.000000E+00  0.000000E+00
176  7.42184178E-02 -7.540375E+01 -6.193455E+01 -6.960132E-01  2.906058E-02  0.000000E+00  0.000000E+00  0.000000E+00  0.000000E+00  0.000000E+00  0.000000E+00
177  7.97314666E-02 -7.349411E+01 -6.087829E+01 -7.367897E-01  5.072127E-02  0.000000E+00  0.000000E+00  0.000000E+00  0.000000E+00  0.000000E+00  0.000000E+00
178  8.56045862E-02 -7.155574E+01 -5.973241E+01 -7.428677E-01  6.944333E-02  0.000000E+00  0.000000E+00  0.000000E+00  0.000000E+00  0.000000E+00  0.000000E+00
179  9.18566813E-02 -6.959359E+01 -5.850686E+01 -7.105505E-01  8.438440E-02  0.000000E+00  0.000000E+00  0.000000E+00  0.000000E+00  0.000000E+00  0.000000E+00
180  9.85072717E-02 -6.761169E+01 -5.721014E+01 -6.380713E-01  9.485699E-02  0.000000E+00  0.000000E+00  0.000000E+00  0.000000E+00  0.000000E+00  0.000000E+00
181  1.05576487E-01 -6.561275E+01 -5.584908E+01 -5.259906E-01  1.003833E-01  0.000000E+00  0.000000E+00  0.000000E+00  0.000000E+00  0.000000E+00  0.000000E+00
182  1.13085057E-01 -6.359899E+01 -5.442962E+01 -3.774645E-01  1.007396E-01  0.000000E+00  0.000000E+00  0.000000E+00  0.000000E+00  0.000000E+00  0.000000E+00
183  1.21054304E-01 -6.157202E+01 -5.295676E+01 -1.983362E-01  9.598500E-02  0.000000E+00  0.000000E+00  0.000000E+00  0.000000E+00  0.000000E+00  0.000000E+00
184  1.29506132E-01 -5.953425E+01 -5.143595E+01  2.984208E-03  8.647099E-02  0.000000E+00  0.000000E+00  0.000000E+00  0.000000E+00  0.000000E+00  0.000000E+00
185  1.38463011E-01 -5.748880E+01 -4.987308E+01  2.158684E-01  7.282844E-02  0.000000E+00  0.000000E+00  0.000000E+00  0.000000E+00  0.000000E+00  0.000000E+00
186  1.47947968E-01 -5.543973E+01 -4.827479E+01  4.280429E-01  5.593165E-02  0.000000E+00  0.000000E+00  0.000000E+00  0.000000E+00  0.000000E+00  0.000000E+00
187  1.57984565E-01 -5.339225E+01 -4.664864E+01  6.263547E-01  3.684112E-02  0.000000E+00  0.000000E+00  0.000000E+00  0.000000E+00  0.000000E+00  0.000000E+00
188  1.68596886E-01 -5.135321E+01 -4.500363E+01  7.976735E-01  1.672935E-02  0.000000E+00  0.000000E+00  0.000000E+00  0.000000E+00  0.000000E+00  0.000000E+00
189  1.79809520E-01 -4.933048E+01 -4.334964E+01  9.298540E-01 -3.203588E-03  0.000000E+00  0.000000E+00  0.000000E+00  0.000000E+00  0.000000E+00  0.000000E+00
190  1.91647534E-01 -4.733381E+01 -4.169815E+01  1.012669E+00 -2.181680E-02  0.000000E+00  0.000000E+00  0.000000E+00  0.000000E+00  0.000000E+00  0.000000E+00
191  2.04136463E-01 -4.537235E+01 -4.005995E+01  1.038625E+00 -3.810843E-02  0.000000E+00  0.000000E+00  0.000000E+00  0.000000E+00  0.000000E+00  0.000000E+00
192  2.17302279E-01 -4.345427E+01 -3.844467E+01  1.003575E+00 -5.128055E-02  0.000000E+00  0.000000E+00  0.000000E+00  0.000000E+00  0.000000E+00  0.000000E+00
193  2.31171371E-01 -4.158505E+01 -3.685918E+01  9.070849E-01 -6.078368E-02  0.000000E+00  0.000000E+00  0.000000E+00  0.000000E+00  0.000000E+00  0.000000E+00
194  2.45770526E-01 -3.976690E+01 -3.530694E+01  7.525072E-01 -6.633826E-02  0.000000E+00  0.000000E+00  0.000000E+00  0.000000E+00  0.000000E+00  0.000000E+00
195  2.61126896E-01 -3.799884E+01 -3.378814E+01  5.467670E-01 -6.793394E-02  0.000000E+00  0.000000E+00  0.000000E+00  0.000000E+00  0.000000E+00  0.000000E+00
196  2.77267982E-01 -3.627803E+01 -3.230104E+01  2.998740E-01 -6.580925E-02  0.000000E+00  0.000000E+00  0.000000E+00  0.000000E+00  0.000000E+00  0.000000E+00
197  2.94221602E-01 -3.460017E+01 -3.084235E+01  2.420085E-02 -6.041501E-02  0.000000E+00  0.000000E+00  0.000000E+00  0.000000E+00  0.000000E+00  0.000000E+00
198  3.12015871E-01 -3.296204E+01 -2.940979E+01 -2.664109E-01 -5.236536E-02  0.000000E+00  0.000000E+00  0.000000E+00  0.000000E+00  0.000000E+00  0.000000E+00
199  3.30679170E-01 -3.136098E+01 -2.800159E+01 -5.576421E-01 -4.238049E-02  0.000000E+00  0.000000E+00  0.000000E+00  0.000000E+00  0.000000E+00  0.000000E+00
200  3.50240122E-01 -2.979570E+01 -2.661728E+01 -8.356946E-01 -3.122598E-02  0.000000E+00  0.000000E+00  0.000000E+00  0.000000E+00  0.000000E+00  0.000000E+00
201  3.70727567E-01 -2.826578E+01 -2.525721E+01 -1.088206E+00 -1.965395E-02  0.000000E+00  0.000000E+00  0.000000E+00  0.000000E+00  0.000000E+00  0.000000E+00
202  3.92170536E-01 -2.677193E+01 -2.392284E+01 -1.305007E+00 -8.351150E-03  0.000000E+00  0.000000E+00  0.000000E+00  0.000000E+00  0.000000E+00  0.000000E+00
203  4.14598221E-01 -2.531596E+01 -2.261666E+01 -1.478650E+00  2.102243E-03  0.000000E+00  0.000000E+00  0.000000E+00  0.000000E+00  0.000000E+00  0.000000E+00
204  4.38039957E-01 -2.390124E+01 -2.134268E+01 -1.604690E+00  1.126053E-02  0.000000E+00  0.000000E+00  0.000000E+00  0.000000E+00  0.000000E+00  0.000000E+00
205  4.62525189E-01 -2.253225E+01 -2.010595E+01 -1.681694E+00  1.882601E-02  0.000000E+00  0.000000E+00  0.000000E+00  0.000000E+00  0.000000E+00  0.000000E+00
206  4.88083451E-01 -2.121360E+01 -1.891166E+01 -1.711016E+00  2.464809E-02  0.000000E+00  0.000000E+00  0.000000E+00  0.000000E+00  0.000000E+00  0.000000E+00
207  5.14744344E-01 -1.994958E+01 -1.776459E+01 -1.696373E+00  2.870994E-02  0.000000E+00  0.000000E+00  0.000000E+00  0.000000E+00  0.000000E+00  0.000000E+00
208  5.42537505E-01 -1.874334E+01 -1.666837E+01 -1.643300E+00  3.110592E-02  0.000000E+00  0.000000E+00  0.000000E+00  0.000000E+00  0.000000E+00  0.000000E+00
209  5.71492593E-01 -1.759664E+01 -1.562520E+01 -1.558540E+00  3.201367E-02  0.000000E+00  0.000000E+00  0.000000E+00  0.000000E+00  0.000000E+00  0.000000E+00
210  6.01639258E-01 -1.650977E+01 -1.463580E+01 -1.449444E+00  3.166481E-02  0.000000E+00  0.000000E+00  0.000000E+00  0.000000E+00  0.000000E+00  0.000000E+00
211  6.33007126E-01 -1.548205E+01 -1.369986E+01 -1.323429E+00  3.031756E-02  0.000000E+00  0.000000E+00  0.000000E+00  0.000000E+00  0.000000E+00  0.000000E+00
212  6.65625774E-01 -1.451163E+01 -1.281589E+01 -1.187523E+00  2.823333E-02  0.000000E+00  0.000000E+00  0.000000E+00  0.000000E+00  0.000000E+00  0.000000E+00
213  6.99524712E-01 -1.359620E+01 -1.198192E+01 -1.048021E+00  2.565840E-02  0.000000E+00  0.000000E+00  0.000000E+00  0.000000E+00  0.000000E+00  0.000000E+00
214  7.34733362E-01 -1.273324E+01 -1.119575E+01 -9.102634E-01  2.281134E-02  0.000000E+00  0.000000E+00  0.000000E+00  0.000000E+00  0.000000E+00  0.000000E+00
215  7.71281039E-01 -1.191993E+01 -1.045485E+01 -7.785114E-01  1.987536E-02  0.000000E+00  0.000000E+00  0.000000E+00  0.000000E+00  0.000000E+00  0.000000E+00
216  8.09196937E-01 -1.115361E+01 -9.756833E+00 -6.559274E-01  1.699524E-02  0.000000E+00  0.000000E+00  0.000000E+00  0.000000E+00  0.000000E+00  0.000000E+00
217  8.48510110E-01 -1.043176E+01 -9.099431E+00 -5.446270E-01  1.427777E-02  0.000000E+00  0.000000E+00  0.000000E+00  0.000000E+00  0.000000E+00  0.000000E+00
218  8.89249453E-01 -9.752003E+00 -8.480524E+00 -4.457881E-01  1.179478E-02  0.000000E+00  0.000000E+00  0.000000E+00  0.000000E+00  0.000000E+00  0.000000E+00
219  9.31443694E-01 -9.112194E+00 -7.898180E+00 -3.597950E-01  9.587752E-03  0.000000E+00  0.000000E+00  0.000000E+00  0.000000E+00  0.000000E+00  0.000000E+00
220  9.75121372E-01 -8.510367E+00 -7.350647E+00 -2.863995E-01  7.673360E-03  0.000000E+00  0.000000E+00  0.000000E+00  0.000000E+00  0.000000E+00  0.000000E+00
221  1.02031083E+00 -7.944734E+00 -6.836335E+00 -2.248836E-01  6.049176E-03  0.000000E+00  0.000000E+00  0.000000E+00  0.000000E+00  0.000000E+00  0.000000E+00
222  1.06704020E+00 -7.413639E+00 -6.353769E+00 -1.742113E-01  4.699085E-03  0.000000E+00  0.000000E+00  0.000000E+00  0.000000E+00  0.000000E+00  0.000000E+00
223  1.11533740E+00 -6.915560E+00 -5.901601E+00 -1.331623E-01  3.598096E-03  0.000000E+00  0.000000E+00  0.000000E+00  0.000000E+00  0.000000E+00  0.000000E+00
224  1.16523010E+00 -6.449013E+00 -5.478506E+00 -1.004422E-01  2.716358E-03  0.000000E+00  0.000000E+00  0.000000E+00  0.000000E+00  0.000000E+00  0.000000E+00
225  1.21674573E+00 -6.012567E+00 -5.083204E+00 -7.476798E-02  2.022316E-03  0.000000E+00  0.000000E+00  0.000000E+00  0.000000E+00  0.000000E+00  0.000000E+00
226  1.26991147E+00 -5.604807E+00 -4.714421E+00 -5.492960E-02  1.485028E-03  0.000000E+00  0.000000E+00  0.000000E+00  0.000000E+00  0.000000E+00  0.000000E+00
227  1.32475426E+00 -5.224315E+00 -4.370868E+00 -3.982980E-02  1.075737E-03  0.000000E+00  0.000000E+00  0.000000E+00  0.000000E+00  0.000000E+00  0.000000E+00
228  1.38130075E+00 -4.869675E+00 -4.051253E+00 -2.850583E-02  7.687987E-04  0.000000E+00  0.000000E+00  0.000000E+00  0.000000E+00  0.000000E+00  0.000000E+00
229  1.43957731E+00 -4.539469E+00 -3.754270E+00 -2.013678E-02  5.421164E-04  0.000000E+00  0.000000E+00  0.000000E+00  0.000000E+00  0.000000E+00  0.000000E+00
230  1.49961004E+00 -4.232284E+00 -3.478616E+00 -1.404037E-02  3.772022E-04  0.000000E+00  0.000000E+00  0.000000E+00  0.000000E+00  0.000000E+00  0.000000E+00
231  1.56142477E+00 -3.946723E+00 -3.222992E+00 -9.662638E-03  2.589868E-04  0.000000E+00  0.000000E+00  0.000000E+00  0.000000E+00  0.000000E+00  0.000000E+00
232  1.62504701E+00 -3.681415E+00 -2.986120E+00 -6.563463E-03  1.754746E-04  0.000000E+00  0.000000E+00  0.000000E+00  0.000000E+00  0.000000E+00  0.000000E+00
233  1.69050199E+00 -3.435023E+00 -2.766753E+00 -4.400255E-03  1.173246E-04  0.000000E+00  0.000000E+00  0.000000E+00  0.000000E+00  0.000000E+00  0.000000E+00
234  1.75781464E+00 -3.206257E+00 -2.563680E+00 -2.911478E-03  7.741058E-05  0.000000E+00  0.000000E+00  0.000000E+00  0.000000E+00  0.000000E+00  0.000000E+00
235  1.82700960E+00 -2.993881E+00 -2.375743E+00 -1.901165E-03  5.040117E-05  0.000000E+00  0.000000E+00  0.000000E+00  0.000000E+00  0.000000E+00  0.000000E+00
236  1.89811117E+00 -2.796720E+00 -2.201838E+00 -1.225106E-03  3.238154E-05  0.000000E+00  0.000000E+00  0.000000E+00  0.000000E+00  0.000000E+00  0.000000E+00
237  1.97114339E+00 -2.613664E+00 -2.040923E+00 -7.790192E-04  2.052833E-05  0.000000E+00  0.000000E+00  0.000000E+00  0.000000E+00  0.000000E+00  0.000000E+00
238  2.04612996E+00 -2.443674E+00 -1.892020E+00 -4.887816E-04  1.284069E-05  0.000000E+00  0.000000E+00  0.000000E+00  0.000000E+00  0.000000E+00  0.000000E+00
239  2.12309428E+00 -2.285777E+00 -1.754218E+00 -3.025815E-04  7.924582E-06  0.000000E+00  0.000000E+00  0.000000E+00  0.000000E+00  0.000000E+00  0.000000E+00
240  2.20205944E+00 -2.139074E+00 -1.626670E+00 -1.847982E-04  4.824919E-06  0.000000E+00  0.000000E+00  0.000000E+00  0.000000E+00  0.000000E+00  0.000000E+00
241  2.28304822E+00 -2.002733E+00 -1.508597E+00 -1.113386E-04  2.898001E-06  0.000000E+00  0.000000E+00  0.000000E+00  0.000000E+00  0.000000E+00  0.000000E+00
242  2.36608309E+00 -1.875986E+00 -1.399281E+00 -6.616830E-05  1.716992E-06  0.000000E+00  0.000000E+00  0.000000E+00  0.000000E+00  0.000000E+00  0.000000E+00
243  2.45118622E+00 -1.758132E+00 -1.298065E+00 -3.878590E-05  1.003376E-06  0.000000E+00  0.000000E+00  0.000000E+00  0.000000E+00  0.000000E+00  0.000000E+00
244  2.53837946E+00 -1.648525E+00 -1.204348E+00 -2.242234E-05  5.782894E-07  0.000000E+00  0.000000E+00  0.000000E+00  0.000000E+00  0.000000E+00  0.000000E+00
245  2.62768435E+00 -1.549889E+00 -1.120892E+00 -1.278319E-05  3.286804E-07  0.000000E+00  0.000000E+00  0.000000E+00  0.000000E+00  0.000000E+00  0.000000E+00
246  2.71912214E+00 -1.464422E+00 -1.049930E+00 -7.186539E-06  1.842129E-07  0.000000E+00  0.000000E+00  0.000000E+00  0.000000E+00  0.000000E+00  0.000000E+00
247  2.81271374E+00 -1.390680E+00 -9.900573E-01 -3.983740E-06  1.018026E-07  0.000000E+00  0.000000E+00  0.000000E+00  0.000000E+00  0.000000E+00  0.000000E+00
248  2.90847981E+00 -1.327330E+00 -9.399724E-01 -2.177303E-06  5.547027E-08  0.000000E+00  0.000000E+00  0.000000E+00  0.000000E+00  0.000000E+00  0.000000E+00
249  3.00644066E+00 -1.273143E+00 -8.984782E-01 -1.173186E-06  2.979825E-08  0.000000E+00  0.000000E+00  0.000000E+00  0.000000E+00  0.000000E+00  0.000000E+00
250  3.10661633E+00 -1.226995E+00 -8.644813E-01 -6.231557E-07  1.578025E-08  0.000000E+00  0.000000E+00  0.000000E+00  0.000000E+00  0.000000E+00  0.000000E+00
251  3.20902656E+00 -1.187867E+00 -8.369892E-01 -3.262629E-07  8.237410E-09  0.000000E+00  0.000000E+00  0.000000E+00  0.000000E+00  0.000000E+00  0.000000E+00
252  3.31369078E+00 -1.154837E+00 -8.151071E-01 -1.683599E-07  4.238189E-09  0.000000E+00  0.000000E+00  0.000000E+00  0.000000E+00  0.000000E+00  0.000000E+00
253  3.42062815E+00 -1.127080E+00 -7.980333E-01 -8.561824E-08  2.149017E-09  0.000000E+00  0.000000E+00  0.000000E+00  0.000000E+00  0.000000E+00  0.000000E+00
254  3.52985752E+00 -1.103858E+00 -7.850541E-01 -4.290488E-08  1.073804E-09  0.000000E+00  0.000000E+00  0.000000E+00  0.000000E+00  0.000000E+00  0.000000E+00
255  3.64139748E+00 -1.084518E+00 -7.755378E-01 -2.118435E-08  5.286765E-10  0.000000E+00  0.000000E+00  0.000000E+00  0.000000E+00  0.000000E+00  0.000000E+00
256  3.75526633E+00 -1.068484E+00 -7.689295E-01 -1.030496E-08  2.564416E-10  0.000000E+00  0.000000E+00  0.000000E+00  0.000000E+00  0.000000E+00  0.000000E+00
257  3.87148207E+00 -1.055252E+00 -7.647441E-01 -4.938033E-09  1.225386E-10  0.000000E+00  0.000000E+00  0.000000E+00  0.000000E+00  0.000000E+00  0.000000E+00
258  3.99006246E+00 -1.044382E+00 -7.625606E-01 -2.330733E-09  5.767600E-11  0.000000E+00  0.000000E+00  0.000000E+00  0.000000E+00  0.000000E+00  0.000000E+00
259  4.11102495E+00 -1.035494E+00 -7.620159E-01 -1.083466E-09  2.673665E-11  0.000000E+00  0.000000E+00  0.000000E+00  0.000000E+00  0.000000E+00  0.000000E+00
260  4.23438676E+00 -1.028260E+00 -7.627988E-01 -4.959932E-10  1.263973E-11  0.000000E+00  0.000000E+00  0.000000E+00  0.000000E+00  0.000000E+00  0.000000E+00
261  4.36016481E+00 -1.022401E+00 -7.646445E-01 -2.235773E-10  4.425540E-12  0.000000E+00  0.000000E+00  0.000000E+00  0.000000E+00  0.000000E+00  0.000000E+00
