#      n =  6
#  kappa = -3
# energy = -2.47806397E+01
#zenergy =  0.00000000E+00
#     dn =  5.25902444E+00
# qrnorm =  1.00017370E+00
#SelfEne =  2.72113860E+32
#     vc = -3.88936012E+02
#     vr = -2.50832392E+03
#  ilast =  329
#    ifm =    0
#    cfm =  0.00000000E+00
#    xfm =  0.00000000E+00
#    rfn =  1.05576487E-01
#    pdx =  2.97203389E+00
#   bqp0 = -1.44913821E-05
#   bqp1 =  0.00000000E+00
#    idx = 27
# LEPTON = 0
#   MASS =  1.00000000E+00
# CHARGE =  1.00000000E+00
#  EUNIT =  2.72113860E+01
#  RUNIT =  4.13413733E+16
#  LUNIT =  5.29177211E-01
#    AMU =  1.82288849E+03
#    FSC =  7.29735257E-03


0    1.15230557E-08 -1.388876E-02  9.763101E+07  4.660798E-20 -6.766132E-25  0.000000E+00  0.000000E+00  0.000000E+00  0.000000E+00  0.000000E+00  0.000000E+00
1    1.26370682E-08 -1.523149E-02  8.902444E+07  6.131623E-20 -9.776795E-25  0.000000E+00  0.000000E+00  0.000000E+00  0.000000E+00  0.000000E+00  0.000000E+00
2    1.38587558E-08 -1.670399E-02  8.117672E+07  8.074257E-20 -1.411977E-24  0.000000E+00  0.000000E+00  0.000000E+00  0.000000E+00  0.000000E+00  0.000000E+00
3    1.51985763E-08 -1.831888E-02  7.402066E+07  1.063875E-19 -2.039447E-24  0.000000E+00  0.000000E+00  0.000000E+00  0.000000E+00  0.000000E+00  0.000000E+00
4    1.66678974E-08 -2.008985E-02  6.749556E+07  1.402306E-19 -2.946614E-24  0.000000E+00  0.000000E+00  0.000000E+00  0.000000E+00  0.000000E+00  0.000000E+00
5    1.82792333E-08 -2.203200E-02  6.154577E+07  1.848836E-19 -4.258570E-24  0.000000E+00  0.000000E+00  0.000000E+00  0.000000E+00  0.000000E+00  0.000000E+00
6    2.00463766E-08 -2.416194E-02  5.612036E+07  2.437918E-19 -6.156253E-24  0.000000E+00  0.000000E+00  0.000000E+00  0.000000E+00  0.000000E+00  0.000000E+00
7    2.19842820E-08 -2.649770E-02  5.117339E+07  3.214992E-19 -8.901131E-24  0.000000E+00  0.000000E+00  0.000000E+00  0.000000E+00  0.000000E+00  0.000000E+00
8    2.41095688E-08 -2.905932E-02  4.666242E+07  4.240006E-19 -1.287169E-23  0.000000E+00  0.000000E+00  0.000000E+00  0.000000E+00  0.000000E+00  0.000000E+00
9    2.64402674E-08 -3.186851E-02  4.254916E+07  5.592017E-19 -1.861500E-23  0.000000E+00  0.000000E+00  0.000000E+00  0.000000E+00  0.000000E+00  0.000000E+00
10   2.89962773E-08 -3.494928E-02  3.879849E+07  7.375307E-19 -2.692265E-23  0.000000E+00  0.000000E+00  0.000000E+00  0.000000E+00  0.000000E+00  0.000000E+00
11   3.17993241E-08 -3.832779E-02  3.537850E+07  9.727406E-19 -3.893925E-23  0.000000E+00  0.000000E+00  0.000000E+00  0.000000E+00  0.000000E+00  0.000000E+00
12   3.48733392E-08 -4.203291E-02  3.225997E+07  1.282972E-18 -5.632086E-23  0.000000E+00  0.000000E+00  0.000000E+00  0.000000E+00  0.000000E+00  0.000000E+00
13   3.82444504E-08 -4.609612E-02  2.941638E+07  1.692150E-18 -8.146213E-23  0.000000E+00  0.000000E+00  0.000000E+00  0.000000E+00  0.000000E+00  0.000000E+00
14   4.19414378E-08 -5.055210E-02  2.682345E+07  2.231830E-18 -1.178277E-22  0.000000E+00  0.000000E+00  0.000000E+00  0.000000E+00  0.000000E+00  0.000000E+00
15   4.59958029E-08 -5.543884E-02  2.445907E+07  2.943631E-18 -1.704282E-22  0.000000E+00  0.000000E+00  0.000000E+00  0.000000E+00  0.000000E+00  0.000000E+00
16   5.04419171E-08 -6.079775E-02  2.230318E+07  3.882438E-18 -2.465086E-22  0.000000E+00  0.000000E+00  0.000000E+00  0.000000E+00  0.000000E+00  0.000000E+00
17   5.53179043E-08 -6.667479E-02  2.033729E+07  5.120654E-18 -3.565553E-22  0.000000E+00  0.000000E+00  0.000000E+00  0.000000E+00  0.000000E+00  0.000000E+00
18   6.06650196E-08 -7.311967E-02  1.854474E+07  6.753745E-18 -5.157230E-22  0.000000E+00  0.000000E+00  0.000000E+00  0.000000E+00  0.000000E+00  0.000000E+00
19   6.65289955E-08 -8.018754E-02  1.691018E+07  8.907645E-18 -7.459452E-22  0.000000E+00  0.000000E+00  0.000000E+00  0.000000E+00  0.000000E+00  0.000000E+00
20   7.29597925E-08 -8.793859E-02  1.541970E+07  1.174843E-17 -1.078940E-21  0.000000E+00  0.000000E+00  0.000000E+00  0.000000E+00  0.000000E+00  0.000000E+00
21   8.00119221E-08 -9.643853E-02  1.406065E+07  1.549513E-17 -1.560565E-21  0.000000E+00  0.000000E+00  0.000000E+00  0.000000E+00  0.000000E+00  0.000000E+00
22   8.77456947E-08 -1.057601E-01  1.282137E+07  2.043661E-17 -2.257184E-21  0.000000E+00  0.000000E+00  0.000000E+00  0.000000E+00  0.000000E+00  0.000000E+00
23   9.62269964E-08 -1.159826E-01  1.169132E+07  2.695388E-17 -3.264763E-21  0.000000E+00  0.000000E+00  0.000000E+00  0.000000E+00  0.000000E+00  0.000000E+00
24   1.05527715E-07 -1.271928E-01  1.066092E+07  3.554933E-17 -4.722047E-21  0.000000E+00  0.000000E+00  0.000000E+00  0.000000E+00  0.000000E+00  0.000000E+00
25   1.15727384E-07 -1.394864E-01  9.721321E+06  4.688567E-17 -6.829817E-21  0.000000E+00  0.000000E+00  0.000000E+00  0.000000E+00  0.000000E+00  0.000000E+00
26   1.26912450E-07 -1.529678E-01  8.864569E+06  6.183670E-17 -9.878297E-21  0.000000E+00  0.000000E+00  0.000000E+00  0.000000E+00  0.000000E+00  0.000000E+00
27   1.39178554E-07 -1.677522E-01  8.083323E+06  8.155505E-17 -1.428747E-20  0.000000E+00  0.000000E+00  0.000000E+00  0.000000E+00  0.000000E+00  0.000000E+00
28   1.52629913E-07 -1.839651E-01  7.370943E+06  1.075606E-16 -2.066452E-20  0.000000E+00  0.000000E+00  0.000000E+00  0.000000E+00  0.000000E+00  0.000000E+00
29   1.67381030E-07 -2.017446E-01  6.721357E+06  1.418578E-16 -2.988767E-20  0.000000E+00  0.000000E+00  0.000000E+00  0.000000E+00  0.000000E+00  0.000000E+00
30   1.83557470E-07 -2.212421E-01  6.129028E+06  1.870902E-16 -4.322706E-20  0.000000E+00  0.000000E+00  0.000000E+00  0.000000E+00  0.000000E+00  0.000000E+00
31   2.01296571E-07 -2.426230E-01  5.588919E+06  2.467437E-16 -6.251924E-20  0.000000E+00  0.000000E+00  0.000000E+00  0.000000E+00  0.000000E+00  0.000000E+00
32   2.20749990E-07 -2.660702E-01  5.096407E+06  3.254160E-16 -9.042151E-20  0.000000E+00  0.000000E+00  0.000000E+00  0.000000E+00  0.000000E+00  0.000000E+00
33   2.42082557E-07 -2.917823E-01  4.647312E+06  4.291694E-16 -1.307747E-19  0.000000E+00  0.000000E+00  0.000000E+00  0.000000E+00  0.000000E+00  0.000000E+00
34   2.65476634E-07 -3.199792E-01  4.237792E+06  5.659996E-16 -1.891365E-19  0.000000E+00  0.000000E+00  0.000000E+00  0.000000E+00  0.000000E+00  0.000000E+00
35   2.91129920E-07 -3.508990E-01  3.864379E+06  7.464487E-16 -2.735382E-19  0.000000E+00  0.000000E+00  0.000000E+00  0.000000E+00  0.000000E+00  0.000000E+00
36   3.19262109E-07 -3.848067E-01  3.523869E+06  9.844218E-16 -3.956040E-19  0.000000E+00  0.000000E+00  0.000000E+00  0.000000E+00  0.000000E+00  0.000000E+00
37   3.50111524E-07 -4.219893E-01  3.213375E+06  1.298252E-15 -5.721332E-19  0.000000E+00  0.000000E+00  0.000000E+00  0.000000E+00  0.000000E+00  0.000000E+00
38   3.83941165E-07 -4.627640E-01  2.930245E+06  1.712117E-15 -8.274284E-19  0.000000E+00  0.000000E+00  0.000000E+00  0.000000E+00  0.000000E+00  0.000000E+00
39   4.21038142E-07 -5.074767E-01  2.672070E+06  2.257898E-15 -1.196623E-18  0.000000E+00  0.000000E+00  0.000000E+00  0.000000E+00  0.000000E+00  0.000000E+00
40   4.61717878E-07 -5.565076E-01  2.436651E+06  2.977633E-15 -1.730529E-18  0.000000E+00  0.000000E+00  0.000000E+00  0.000000E+00  0.000000E+00  0.000000E+00
41   5.06326236E-07 -6.102735E-01  2.221981E+06  3.926758E-15 -2.502618E-18  0.000000E+00  0.000000E+00  0.000000E+00  0.000000E+00  0.000000E+00  0.000000E+00
42   5.55243414E-07 -6.692327E-01  2.026228E+06  5.178371E-15 -3.619154E-18  0.000000E+00  0.000000E+00  0.000000E+00  0.000000E+00  0.000000E+00  0.000000E+00
43   6.08884460E-07 -7.338853E-01  1.847726E+06  6.828855E-15 -5.233753E-18  0.000000E+00  0.000000E+00  0.000000E+00  0.000000E+00  0.000000E+00  0.000000E+00
44   6.67705345E-07 -8.047808E-01  1.684956E+06  9.005298E-15 -7.568557E-18  0.000000E+00  0.000000E+00  0.000000E+00  0.000000E+00  0.000000E+00  0.000000E+00
45   7.32206037E-07 -8.825217E-01  1.536530E+06  1.187527E-14 -1.094477E-17  0.000000E+00  0.000000E+00  0.000000E+00  0.000000E+00  0.000000E+00  0.000000E+00
46   8.02934737E-07 -9.677687E-01  1.401183E+06  1.565973E-14 -1.582683E-17  0.000000E+00  0.000000E+00  0.000000E+00  0.000000E+00  0.000000E+00  0.000000E+00
47   8.80491003E-07 -1.061244E+00  1.277766E+06  2.064996E-14 -2.288613E-17  0.000000E+00  0.000000E+00  0.000000E+00  0.000000E+00  0.000000E+00  0.000000E+00
48   9.65535147E-07 -1.163744E+00  1.165223E+06  2.723009E-14 -3.309364E-17  0.000000E+00  0.000000E+00  0.000000E+00  0.000000E+00  0.000000E+00  0.000000E+00
49   1.05878978E-06 -1.276138E+00  1.062596E+06  3.590651E-14 -4.785312E-17  0.000000E+00  0.000000E+00  0.000000E+00  0.000000E+00  0.000000E+00  0.000000E+00
50   1.16104470E-06 -1.399379E+00  9.690139E+05  4.734686E-14 -6.919357E-17  0.000000E+00  0.000000E+00  0.000000E+00  0.000000E+00  0.000000E+00  0.000000E+00
51   1.27316957E-06 -1.534513E+00  8.836803E+05  6.243138E-14 -1.000492E-16  0.000000E+00  0.000000E+00  0.000000E+00  0.000000E+00  0.000000E+00  0.000000E+00
52   1.39611533E-06 -1.682687E+00  8.058637E+05  8.232051E-14 -1.446611E-16  0.000000E+00  0.000000E+00  0.000000E+00  0.000000E+00  0.000000E+00  0.000000E+00
53   1.53092556E-06 -1.845156E+00  7.349030E+05  1.085441E-13 -2.091610E-16  0.000000E+00  0.000000E+00  0.000000E+00  0.000000E+00  0.000000E+00  0.000000E+00
54   1.67874443E-06 -2.023300E+00  6.701940E+05  1.431189E-13 -3.024125E-16  0.000000E+00  0.000000E+00  0.000000E+00  0.000000E+00  0.000000E+00  0.000000E+00
55   1.84082478E-06 -2.218626E+00  6.111840E+05  1.887036E-13 -4.372277E-16  0.000000E+00  0.000000E+00  0.000000E+00  0.000000E+00  0.000000E+00  0.000000E+00
56   2.01854323E-06 -2.432791E+00  5.573817E+05  2.488029E-13 -6.321288E-16  0.000000E+00  0.000000E+00  0.000000E+00  0.000000E+00  0.000000E+00  0.000000E+00
57   2.21340371E-06 -2.667604E+00  5.083130E+05  3.280364E-13 -9.138822E-16  0.000000E+00  0.000000E+00  0.000000E+00  0.000000E+00  0.000000E+00  0.000000E+00
58   2.42705979E-06 -2.925056E+00  4.635646E+05  4.324936E-13 -1.321182E-15  0.000000E+00  0.000000E+00  0.000000E+00  0.000000E+00  0.000000E+00  0.000000E+00
59   2.66132121E-06 -3.207321E+00  4.227625E+05  5.702010E-13 -1.909949E-15  0.000000E+00  0.000000E+00  0.000000E+00  0.000000E+00  0.000000E+00  0.000000E+00
60   2.91817339E-06 -3.516786E+00  3.855558E+05  7.517376E-13 -2.761003E-15  0.000000E+00  0.000000E+00  0.000000E+00  0.000000E+00  0.000000E+00  0.000000E+00
61   3.19979011E-06 -3.856062E+00  3.516220E+05  9.910465E-13 -3.991133E-15  0.000000E+00  0.000000E+00  0.000000E+00  0.000000E+00  0.000000E+00  0.000000E+00
62   3.50855663E-06 -4.228011E+00  3.206788E+05  1.306504E-12 -5.769117E-15  0.000000E+00  0.000000E+00  0.000000E+00  0.000000E+00  0.000000E+00  0.000000E+00
63   3.84708773E-06 -4.635770E+00  2.924638E+05  1.722327E-12 -8.338840E-15  0.000000E+00  0.000000E+00  0.000000E+00  0.000000E+00  0.000000E+00  0.000000E+00
64   4.21824425E-06 -5.082765E+00  2.667307E+05  2.270429E-12 -1.205264E-14  0.000000E+00  0.000000E+00  0.000000E+00  0.000000E+00  0.000000E+00  0.000000E+00
65   4.62516922E-06 -5.572757E+00  2.432659E+05  2.992865E-12 -1.741965E-14  0.000000E+00  0.000000E+00  0.000000E+00  0.000000E+00  0.000000E+00  0.000000E+00
66   5.07129974E-06 -6.109852E+00  2.218665E+05  3.945047E-12 -2.517527E-14  0.000000E+00  0.000000E+00  0.000000E+00  0.000000E+00  0.000000E+00  0.000000E+00
67   5.56040831E-06 -6.698549E+00  2.023517E+05  5.199986E-12 -3.638190E-14  0.000000E+00  0.000000E+00  0.000000E+00  0.000000E+00  0.000000E+00  0.000000E+00
68   6.09662734E-06 -7.343767E+00  1.845563E+05  6.853873E-12 -5.257399E-14  0.000000E+00  0.000000E+00  0.000000E+00  0.000000E+00  0.000000E+00  0.000000E+00
69   6.68448262E-06 -8.050875E+00  1.683270E+05  9.033430E-12 -7.596748E-14  0.000000E+00  0.000000E+00  0.000000E+00  0.000000E+00  0.000000E+00  0.000000E+00
70   7.32893941E-06 -8.825749E+00  1.535273E+05  1.190559E-11 -1.097625E-13  0.000000E+00  0.000000E+00  0.000000E+00  0.000000E+00  0.000000E+00  0.000000E+00
71   8.03543099E-06 -9.674793E+00  1.400300E+05  1.569022E-11 -1.585788E-13  0.000000E+00  0.000000E+00  0.000000E+00  0.000000E+00  0.000000E+00  0.000000E+00
72   8.80991931E-06 -1.060500E+01  1.277216E+05  2.067690E-11 -2.290861E-13  0.000000E+00  0.000000E+00  0.000000E+00  0.000000E+00  0.000000E+00  0.000000E+00
73   9.65892950E-06 -1.162399E+01  1.164971E+05  2.724699E-11 -3.309099E-13  0.000000E+00  0.000000E+00  0.000000E+00  0.000000E+00  0.000000E+00  0.000000E+00
74   1.05896147E-05 -1.274004E+01  1.062605E+05  3.590262E-11 -4.779401E-13  0.000000E+00  0.000000E+00  0.000000E+00  0.000000E+00  0.000000E+00  0.000000E+00
75   1.16098094E-05 -1.396217E+01  9.692503E+04  4.730486E-11 -6.902139E-13  0.000000E+00  0.000000E+00  0.000000E+00  0.000000E+00  0.000000E+00  0.000000E+00
76   1.27281005E-05 -1.530015E+01  8.841199E+04  6.232391E-11 -9.966297E-13  0.000000E+00  0.000000E+00  0.000000E+00  0.000000E+00  0.000000E+00  0.000000E+00
77   1.39538902E-05 -1.676456E+01  8.064849E+04  8.210505E-11 -1.438850E-12  0.000000E+00  0.000000E+00  0.000000E+00  0.000000E+00  0.000000E+00  0.000000E+00
78   1.52974794E-05 -1.836681E+01  7.356853E+04  1.081552E-10 -2.076917E-12  0.000000E+00  0.000000E+00  0.000000E+00  0.000000E+00  0.000000E+00  0.000000E+00
79   1.67701554E-05 -2.011921E+01  6.711274E+04  1.424570E-10 -2.997323E-12  0.000000E+00  0.000000E+00  0.000000E+00  0.000000E+00  0.000000E+00  0.000000E+00
80   1.83842748E-05 -2.203490E+01  6.122596E+04  1.876174E-10 -4.324593E-12  0.000000E+00  0.000000E+00  0.000000E+00  0.000000E+00  0.000000E+00  0.000000E+00
81   2.01533739E-05 -2.412794E+01  5.585831E+04  2.470647E-10 -6.237898E-12  0.000000E+00  0.000000E+00  0.000000E+00  0.000000E+00  0.000000E+00  0.000000E+00
82   2.20922802E-05 -2.641320E+01  5.096490E+04  3.253039E-10 -8.994851E-12  0.000000E+00  0.000000E+00  0.000000E+00  0.000000E+00  0.000000E+00  0.000000E+00
83   2.42172274E-05 -2.890631E+01  4.650439E+04  4.282541E-10 -1.296551E-11  0.000000E+00  0.000000E+00  0.000000E+00  0.000000E+00  0.000000E+00  0.000000E+00
84   2.65459927E-05 -3.162351E+01  4.243938E+04  5.636875E-10 -1.868095E-11  0.000000E+00  0.000000E+00  0.000000E+00  0.000000E+00  0.000000E+00  0.000000E+00
85   2.90980437E-05 -3.458143E+01  3.873619E+04  7.418045E-10 -2.690231E-11  0.000000E+00  0.000000E+00  0.000000E+00  0.000000E+00  0.000000E+00  0.000000E+00
86   3.18946918E-05 -3.779678E+01  3.536430E+04  9.759836E-10 -3.871894E-11  0.000000E+00  0.000000E+00  0.000000E+00  0.000000E+00  0.000000E+00  0.000000E+00
87   3.49592718E-05 -4.128587E+01  3.229637E+04  1.283759E-09 -5.568720E-11  0.000000E+00  0.000000E+00  0.000000E+00  0.000000E+00  0.000000E+00  0.000000E+00
88   3.83173248E-05 -4.506391E+01  2.950799E+04  1.688091E-09 -8.002590E-11  0.000000E+00  0.000000E+00  0.000000E+00  0.000000E+00  0.000000E+00  0.000000E+00
89   4.19968112E-05 -4.914417E+01  2.697770E+04  2.219017E-09 -1.148904E-10  0.000000E+00  0.000000E+00  0.000000E+00  0.000000E+00  0.000000E+00  0.000000E+00
90   4.60283336E-05 -5.353662E+01  2.468707E+04  2.915790E-09 -1.647542E-10  0.000000E+00  0.000000E+00  0.000000E+00  0.000000E+00  0.000000E+00  0.000000E+00
91   5.04453829E-05 -5.824623E+01  2.262044E+04  3.829637E-09 -2.359360E-10  0.000000E+00  0.000000E+00  0.000000E+00  0.000000E+00  0.000000E+00  0.000000E+00
92   5.52846082E-05 -6.327066E+01  2.076548E+04  5.027321E-09 -3.373209E-10  0.000000E+00  0.000000E+00  0.000000E+00  0.000000E+00  0.000000E+00  0.000000E+00
93   6.05861129E-05 -6.859709E+01  1.911348E+04  6.595715E-09 -4.813339E-10  0.000000E+00  0.000000E+00  0.000000E+00  0.000000E+00  0.000000E+00  0.000000E+00
94   6.63937725E-05 -7.419801E+01  1.765957E+04  8.647668E-09 -6.852319E-10  0.000000E+00  0.000000E+00  0.000000E+00  0.000000E+00  0.000000E+00  0.000000E+00
95   7.27555839E-05 -8.002567E+01  1.640383E+04  1.132951E-08 -9.727794E-10  0.000000E+00  0.000000E+00  0.000000E+00  0.000000E+00  0.000000E+00  0.000000E+00
96   7.97240513E-05 -8.600471E+01  1.535220E+04  1.483065E-08 -1.376354E-09  0.000000E+00  0.000000E+00  0.000000E+00  0.000000E+00  0.000000E+00  0.000000E+00
97   8.73565943E-05 -9.202259E+01  1.451745E+04  1.939589E-08 -1.939467E-09  0.000000E+00  0.000000E+00  0.000000E+00  0.000000E+00  0.000000E+00  0.000000E+00
98   9.57160101E-05 -9.791752E+01  1.391972E+04  2.534120E-08 -2.719548E-09  0.000000E+00  0.000000E+00  0.000000E+00  0.000000E+00  0.000000E+00  0.000000E+00
99   1.04870958E-04 -1.034646E+02  1.358026E+04  3.307435E-08 -3.790616E-09  0.000000E+00  0.000000E+00  0.000000E+00  0.000000E+00  0.000000E+00  0.000000E+00
100  1.14896506E-04 -1.083658E+02  1.346861E+04  4.312219E-08 -5.245056E-09  0.000000E+00  0.000000E+00  0.000000E+00  0.000000E+00  0.000000E+00  0.000000E+00
101  1.25874712E-04 -1.122651E+02  1.332700E+04  5.616599E-08 -7.193460E-09  0.000000E+00  0.000000E+00  0.000000E+00  0.000000E+00  0.000000E+00  0.000000E+00
102  1.37895258E-04 -1.148601E+02  1.265882E+04  7.308370E-08 -9.762707E-09  0.000000E+00  0.000000E+00  0.000000E+00  0.000000E+00  0.000000E+00  0.000000E+00
103  1.51056150E-04 -1.161696E+02  1.131293E+04  9.501655E-08 -1.309895E-08  0.000000E+00  0.000000E+00  0.000000E+00  0.000000E+00  0.000000E+00  0.000000E+00
104  1.65464473E-04 -1.166427E+02  9.815831E+03  1.234715E-07 -1.738817E-08  0.000000E+00  0.000000E+00  0.000000E+00  0.000000E+00  0.000000E+00  0.000000E+00
105  1.81237204E-04 -1.167639E+02  8.651623E+03  1.603931E-07 -2.288948E-08  0.000000E+00  0.000000E+00  0.000000E+00  0.000000E+00  0.000000E+00  0.000000E+00
106  1.98502114E-04 -1.167769E+02  7.788130E+03  2.082787E-07 -2.995999E-08  0.000000E+00  0.000000E+00  0.000000E+00  0.000000E+00  0.000000E+00  0.000000E+00
107  2.17398726E-04 -1.167619E+02  7.061434E+03  2.703694E-07 -3.907264E-08  0.000000E+00  0.000000E+00  0.000000E+00  0.000000E+00  0.000000E+00  0.000000E+00
108  2.38079383E-04 -1.167396E+02  6.409071E+03  3.508647E-07 -5.084169E-08  0.000000E+00  0.000000E+00  0.000000E+00  0.000000E+00  0.000000E+00  0.000000E+00
109  2.60710374E-04 -1.167141E+02  5.815542E+03  4.551938E-07 -6.606031E-08  0.000000E+00  0.000000E+00  0.000000E+00  0.000000E+00  0.000000E+00  0.000000E+00
110  2.85473187E-04 -1.166860E+02  5.274484E+03  5.903728E-07 -8.575157E-08  0.000000E+00  0.000000E+00  0.000000E+00  0.000000E+00  0.000000E+00  0.000000E+00
111  3.12565842E-04 -1.166551E+02  4.781223E+03  7.654650E-07 -1.112350E-07  0.000000E+00  0.000000E+00  0.000000E+00  0.000000E+00  0.000000E+00  0.000000E+00
112  3.42204361E-04 -1.166213E+02  4.331607E+03  9.921730E-07 -1.442126E-07  0.000000E+00  0.000000E+00  0.000000E+00  0.000000E+00  0.000000E+00  0.000000E+00
113  3.74624340E-04 -1.165842E+02  3.921844E+03  1.285599E-06 -1.868790E-07  0.000000E+00  0.000000E+00  0.000000E+00  0.000000E+00  0.000000E+00  0.000000E+00
114  4.10082660E-04 -1.165436E+02  3.548473E+03  1.665220E-06 -2.420635E-07  0.000000E+00  0.000000E+00  0.000000E+00  0.000000E+00  0.000000E+00  0.000000E+00
115  4.48859339E-04 -1.164991E+02  3.208333E+03  2.156140E-06 -3.134108E-07  0.000000E+00  0.000000E+00  0.000000E+00  0.000000E+00  0.000000E+00  0.000000E+00
116  4.91259529E-04 -1.164505E+02  2.898544E+03  2.790695E-06 -4.056138E-07  0.000000E+00  0.000000E+00  0.000000E+00  0.000000E+00  0.000000E+00  0.000000E+00
117  5.37615685E-04 -1.163974E+02  2.616477E+03  3.610502E-06 -5.247106E-07  0.000000E+00  0.000000E+00  0.000000E+00  0.000000E+00  0.000000E+00  0.000000E+00
118  5.88289898E-04 -1.163393E+02  2.359735E+03  4.669087E-06 -6.784640E-07  0.000000E+00  0.000000E+00  0.000000E+00  0.000000E+00  0.000000E+00  0.000000E+00
119  6.43676415E-04 -1.162759E+02  2.126127E+03  6.035229E-06 -8.768457E-07  0.000000E+00  0.000000E+00  0.000000E+00  0.000000E+00  0.000000E+00  0.000000E+00
120  7.04204362E-04 -1.162067E+02  1.913656E+03  7.797237E-06 -1.132654E-06  0.000000E+00  0.000000E+00  0.000000E+00  0.000000E+00  0.000000E+00  0.000000E+00
121  7.70340672E-04 -1.161313E+02  1.720496E+03  1.006838E-05 -1.462297E-06  0.000000E+00  0.000000E+00  0.000000E+00  0.000000E+00  0.000000E+00  0.000000E+00
122  8.42593245E-04 -1.160491E+02  1.544981E+03  1.299381E-05 -1.886792E-06  0.000000E+00  0.000000E+00  0.000000E+00  0.000000E+00  0.000000E+00  0.000000E+00
123  9.21514337E-04 -1.159596E+02  1.385584E+03  1.675931E-05 -2.433032E-06  0.000000E+00  0.000000E+00  0.000000E+00  0.000000E+00  0.000000E+00  0.000000E+00
124  1.00770422E-03 -1.158622E+02  1.240913E+03  2.160244E-05 -3.135379E-06  0.000000E+00  0.000000E+00  0.000000E+00  0.000000E+00  0.000000E+00  0.000000E+00
125  1.10181509E-03 -1.157564E+02  1.109692E+03  2.782655E-05 -4.037694E-06  0.000000E+00  0.000000E+00  0.000000E+00  0.000000E+00  0.000000E+00  0.000000E+00
126  1.20455530E-03 -1.156415E+02  9.907526E+02  3.581852E-05 -5.195883E-06  0.000000E+00  0.000000E+00  0.000000E+00  0.000000E+00  0.000000E+00  0.000000E+00
127  1.31669383E-03 -1.155169E+02  8.830242E+02  4.607104E-05 -6.681100E-06  0.000000E+00  0.000000E+00  0.000000E+00  0.000000E+00  0.000000E+00  0.000000E+00
128  1.43906516E-03 -1.153817E+02  7.855257E+02  5.921065E-05 -8.583771E-06  0.000000E+00  0.000000E+00  0.000000E+00  0.000000E+00  0.000000E+00  0.000000E+00
129  1.57257442E-03 -1.152354E+02  6.973571E+02  7.603281E-05 -1.101862E-05  0.000000E+00  0.000000E+00  0.000000E+00  0.000000E+00  0.000000E+00  0.000000E+00
130  1.71820289E-03 -1.150771E+02  6.176923E+02  9.754566E-05 -1.413096E-05  0.000000E+00  0.000000E+00  0.000000E+00  0.000000E+00  0.000000E+00  0.000000E+00
131  1.87701395E-03 -1.149060E+02  5.457728E+02  1.250246E-04 -1.810447E-05  0.000000E+00  0.000000E+00  0.000000E+00  0.000000E+00  0.000000E+00  0.000000E+00
132  2.05015929E-03 -1.147214E+02  4.809019E+02  1.600797E-04 -2.317087E-05  0.000000E+00  0.000000E+00  0.000000E+00  0.000000E+00  0.000000E+00  0.000000E+00
133  2.23888565E-03 -1.145223E+02  4.224401E+02  2.047397E-04 -2.962191E-05  0.000000E+00  0.000000E+00  0.000000E+00  0.000000E+00  0.000000E+00  0.000000E+00
134  2.44454194E-03 -1.143079E+02  3.697997E+02  2.615545E-04 -3.782396E-05  0.000000E+00  0.000000E+00  0.000000E+00  0.000000E+00  0.000000E+00  0.000000E+00
135  2.66858673E-03 -1.140772E+02  3.224415E+02  3.337212E-04 -4.823606E-05  0.000000E+00  0.000000E+00  0.000000E+00  0.000000E+00  0.000000E+00  0.000000E+00
136  2.91259634E-03 -1.138294E+02  2.798707E+02  4.252380E-04 -6.143177E-05  0.000000E+00  0.000000E+00  0.000000E+00  0.000000E+00  0.000000E+00  0.000000E+00
137  3.17827323E-03 -1.135634E+02  2.416337E+02  5.410903E-04 -7.812574E-05  0.000000E+00  0.000000E+00  0.000000E+00  0.000000E+00  0.000000E+00  0.000000E+00
138  3.46745504E-03 -1.132783E+02  2.073153E+02  6.874754E-04 -9.920559E-05  0.000000E+00  0.000000E+00  0.000000E+00  0.000000E+00  0.000000E+00  0.000000E+00
139  3.78212399E-03 -1.129729E+02  1.765357E+02  8.720712E-04 -1.257702E-04  0.000000E+00  0.000000E+00  0.000000E+00  0.000000E+00  0.000000E+00  0.000000E+00
140  4.12441685E-03 -1.126463E+02  1.489482E+02  1.104356E-03 -1.591751E-04  0.000000E+00  0.000000E+00  0.000000E+00  0.000000E+00  0.000000E+00  0.000000E+00
141  4.49663544E-03 -1.122972E+02  1.242369E+02  1.395983E-03 -2.010859E-04  0.000000E+00  0.000000E+00  0.000000E+00  0.000000E+00  0.000000E+00  0.000000E+00
142  4.90125758E-03 -1.119245E+02  1.021146E+02  1.761223E-03 -2.535408E-04  0.000000E+00  0.000000E+00  0.000000E+00  0.000000E+00  0.000000E+00  0.000000E+00
143  5.34094866E-03 -1.115269E+02  8.232034E+01  2.217463E-03 -3.190223E-04  0.000000E+00  0.000000E+00  0.000000E+00  0.000000E+00  0.000000E+00  0.000000E+00
144  5.81857363E-03 -1.111031E+02  6.461795E+01  2.785791E-03 -4.005398E-04  0.000000E+00  0.000000E+00  0.000000E+00  0.000000E+00  0.000000E+00  0.000000E+00
145  6.33720957E-03 -1.106516E+02  4.879401E+01  3.491632E-03 -5.017210E-04  0.000000E+00  0.000000E+00  0.000000E+00  0.000000E+00  0.000000E+00  0.000000E+00
146  6.90015882E-03 -1.101712E+02  3.465608E+01  4.365462E-03 -6.269140E-04  0.000000E+00  0.000000E+00  0.000000E+00  0.000000E+00  0.000000E+00  0.000000E+00
147  7.51096245E-03 -1.096600E+02  2.203108E+01  5.443566E-03 -7.812964E-04  0.000000E+00  0.000000E+00  0.000000E+00  0.000000E+00  0.000000E+00  0.000000E+00
148  8.17341442E-03 -1.091167E+02  1.076369E+01  6.768824E-03 -9.709905E-04  0.000000E+00  0.000000E+00  0.000000E+00  0.000000E+00  0.000000E+00  0.000000E+00
149  8.89157608E-03 -1.085394E+02  7.147489E-01  8.391503E-03 -1.203179E-03  0.000000E+00  0.000000E+00  0.000000E+00  0.000000E+00  0.000000E+00  0.000000E+00
150  9.66979112E-03 -1.079264E+02 -8.240053E+00  1.036999E-02 -1.486216E-03  0.000000E+00  0.000000E+00  0.000000E+00  0.000000E+00  0.000000E+00  0.000000E+00
151  1.05127010E-02 -1.072761E+02 -1.621160E+01  1.277139E-02 -1.829724E-03  0.000000E+00  0.000000E+00  0.000000E+00  0.000000E+00  0.000000E+00  0.000000E+00
152  1.14252606E-02 -1.065867E+02 -2.329873E+01  1.567198E-02 -2.244668E-03  0.000000E+00  0.000000E+00  0.000000E+00  0.000000E+00  0.000000E+00  0.000000E+00
153  1.24127546E-02 -1.058565E+02 -2.958935E+01  1.915721E-02 -2.743389E-03  0.000000E+00  0.000000E+00  0.000000E+00  0.000000E+00  0.000000E+00  0.000000E+00
154  1.34808136E-02 -1.050837E+02 -3.516166E+01  2.332139E-02 -3.339580E-03  0.000000E+00  0.000000E+00  0.000000E+00  0.000000E+00  0.000000E+00  0.000000E+00
155  1.46354308E-02 -1.042666E+02 -4.008523E+01  2.826662E-02 -4.048183E-03  0.000000E+00  0.000000E+00  0.000000E+00  0.000000E+00  0.000000E+00  0.000000E+00
156  1.58829787E-02 -1.034038E+02 -4.442187E+01  3.410095E-02 -4.885191E-03  0.000000E+00  0.000000E+00  0.000000E+00  0.000000E+00  0.000000E+00  0.000000E+00
157  1.72302266E-02 -1.024935E+02 -4.822659E+01  4.093543E-02 -5.867308E-03  0.000000E+00  0.000000E+00  0.000000E+00  0.000000E+00  0.000000E+00  0.000000E+00
158  1.86843567E-02 -1.015346E+02 -5.154831E+01  4.887992E-02 -7.011462E-03  0.000000E+00  0.000000E+00  0.000000E+00  0.000000E+00  0.000000E+00  0.000000E+00
159  2.02529815E-02 -1.005258E+02 -5.443054E+01  5.803730E-02 -8.334133E-03  0.000000E+00  0.000000E+00  0.000000E+00  0.000000E+00  0.000000E+00  0.000000E+00
160  2.19441608E-02 -9.946633E+01 -5.691210E+01  6.849608E-02 -9.850474E-03  0.000000E+00  0.000000E+00  0.000000E+00  0.000000E+00  0.000000E+00  0.000000E+00
161  2.37664178E-02 -9.835546E+01 -5.902767E+01  8.032096E-02 -1.157321E-02  0.000000E+00  0.000000E+00  0.000000E+00  0.000000E+00  0.000000E+00  0.000000E+00
162  2.57287559E-02 -9.719282E+01 -6.080824E+01  9.354167E-02 -1.351129E-02  0.000000E+00  0.000000E+00  0.000000E+00  0.000000E+00  0.000000E+00  0.000000E+00
163  2.78406741E-02 -9.597808E+01 -6.228155E+01  1.081398E-01 -1.566838E-02  0.000000E+00  0.000000E+00  0.000000E+00  0.000000E+00  0.000000E+00  0.000000E+00
164  3.01121830E-02 -9.471099E+01 -6.347235E+01  1.240342E-01 -1.804107E-02  0.000000E+00  0.000000E+00  0.000000E+00  0.000000E+00  0.000000E+00  0.000000E+00
165  3.25538193E-02 -9.339120E+01 -6.440269E+01  1.410655E-01 -2.061704E-02  0.000000E+00  0.000000E+00  0.000000E+00  0.000000E+00  0.000000E+00  0.000000E+00
166  3.51766601E-02 -9.201830E+01 -6.509220E+01  1.589803E-01 -2.337315E-02  0.000000E+00  0.000000E+00  0.000000E+00  0.000000E+00  0.000000E+00  0.000000E+00
167  3.79923361E-02 -9.059179E+01 -6.555833E+01  1.774168E-01 -2.627359E-02  0.000000E+00  0.000000E+00  0.000000E+00  0.000000E+00  0.000000E+00  0.000000E+00
168  4.10130445E-02 -8.911131E+01 -6.581675E+01  1.958927E-01 -2.926841E-02  0.000000E+00  0.000000E+00  0.000000E+00  0.000000E+00  0.000000E+00  0.000000E+00
169  4.42515601E-02 -8.757660E+01 -6.588159E+01  2.137979E-01 -3.229238E-02  0.000000E+00  0.000000E+00  0.000000E+00  0.000000E+00  0.000000E+00  0.000000E+00
170  4.77212457E-02 -8.598792E+01 -6.576595E+01  2.303942E-01 -3.526475E-02  0.000000E+00  0.000000E+00  0.000000E+00  0.000000E+00  0.000000E+00  0.000000E+00
171  5.14360618E-02 -8.434593E+01 -6.548196E+01  2.448230E-01 -3.808978E-02  0.000000E+00  0.000000E+00  0.000000E+00  0.000000E+00  0.000000E+00  0.000000E+00
172  5.54105740E-02 -8.265183E+01 -6.504125E+01  2.561248E-01 -4.065858E-02  0.000000E+00  0.000000E+00  0.000000E+00  0.000000E+00  0.000000E+00  0.000000E+00
173  5.96599602E-02 -8.090740E+01 -6.445499E+01  2.632709E-01 -4.285217E-02  0.000000E+00  0.000000E+00  0.000000E+00  0.000000E+00  0.000000E+00  0.000000E+00
174  6.42000152E-02 -7.911535E+01 -6.373429E+01  2.652088E-01 -4.454604E-02  0.000000E+00  0.000000E+00  0.000000E+00  0.000000E+00  0.000000E+00  0.000000E+00
175  6.90471548E-02 -7.727928E+01 -6.289036E+01  2.609215E-01 -4.563090E-02  0.000000E+00  0.000000E+00  0.000000E+00  0.000000E+00  0.000000E+00  0.000000E+00
176  7.42184178E-02 -7.540375E+01 -6.193455E+01  2.494984E-01 -4.597915E-02  0.000000E+00  0.000000E+00  0.000000E+00  0.000000E+00  0.000000E+00  0.000000E+00
177  7.97314666E-02 -7.349411E+01 -6.087829E+01  2.302164E-01 -4.548977E-02  0.000000E+00  0.000000E+00  0.000000E+00  0.000000E+00  0.000000E+00  0.000000E+00
178  8.56045862E-02 -7.155574E+01 -5.973241E+01  2.026252E-01 -4.408521E-02  0.000000E+00  0.000000E+00  0.000000E+00  0.000000E+00  0.000000E+00  0.000000E+00
179  9.18566813E-02 -6.959359E+01 -5.850686E+01  1.666320E-01 -4.171925E-02  0.000000E+00  0.000000E+00  0.000000E+00  0.000000E+00  0.000000E+00  0.000000E+00
180  9.85072717E-02 -6.761169E+01 -5.721014E+01  1.225774E-01 -3.838409E-02  0.000000E+00  0.000000E+00  0.000000E+00  0.000000E+00  0.000000E+00  0.000000E+00
181  1.05576487E-01 -6.561275E+01 -5.584908E+01  7.129546E-02 -3.411581E-02  0.000000E+00  0.000000E+00  0.000000E+00  0.000000E+00  0.000000E+00  0.000000E+00
182  1.13085057E-01 -6.359899E+01 -5.442962E+01  1.414735E-02 -2.899782E-02  0.000000E+00  0.000000E+00  0.000000E+00  0.000000E+00  0.000000E+00  0.000000E+00
183  1.21054304E-01 -6.157202E+01 -5.295676E+01 -4.697797E-02 -2.316157E-02  0.000000E+00  0.000000E+00  0.000000E+00  0.000000E+00  0.000000E+00  0.000000E+00
184  1.29506132E-01 -5.953425E+01 -5.143595E+01 -1.097037E-01 -1.678392E-02  0.000000E+00  0.000000E+00  0.000000E+00  0.000000E+00  0.000000E+00  0.000000E+00
185  1.38463011E-01 -5.748880E+01 -4.987308E+01 -1.712490E-01 -1.008094E-02  0.000000E+00  0.000000E+00  0.000000E+00  0.000000E+00  0.000000E+00  0.000000E+00
186  1.47947968E-01 -5.543973E+01 -4.827479E+01 -2.285564E-01 -3.298085E-03  0.000000E+00  0.000000E+00  0.000000E+00  0.000000E+00  0.000000E+00  0.000000E+00
187  1.57984565E-01 -5.339225E+01 -4.664864E+01 -2.784575E-01  3.302734E-03  0.000000E+00  0.000000E+00  0.000000E+00  0.000000E+00  0.000000E+00  0.000000E+00
188  1.68596886E-01 -5.135321E+01 -4.500363E+01 -3.178677E-01  9.458373E-03  0.000000E+00  0.000000E+00  0.000000E+00  0.000000E+00  0.000000E+00  0.000000E+00
189  1.79809520E-01 -4.933048E+01 -4.334964E+01 -3.439961E-01  1.492071E-02  0.000000E+00  0.000000E+00  0.000000E+00  0.000000E+00  0.000000E+00  0.000000E+00
190  1.91647534E-01 -4.733381E+01 -4.169815E+01 -3.545529E-01  1.947252E-02  0.000000E+00  0.000000E+00  0.000000E+00  0.000000E+00  0.000000E+00  0.000000E+00
191  2.04136463E-01 -4.537235E+01 -4.005995E+01 -3.479376E-01  2.294132E-02  0.000000E+00  0.000000E+00  0.000000E+00  0.000000E+00  0.000000E+00  0.000000E+00
192  2.17302279E-01 -4.345427E+01 -3.844467E+01 -3.233926E-01  2.520981E-02  0.000000E+00  0.000000E+00  0.000000E+00  0.000000E+00  0.000000E+00  0.000000E+00
193  2.31171371E-01 -4.158505E+01 -3.685918E+01 -2.811076E-01  2.622213E-02  0.000000E+00  0.000000E+00  0.000000E+00  0.000000E+00  0.000000E+00  0.000000E+00
194  2.45770526E-01 -3.976690E+01 -3.530694E+01 -2.222670E-01  2.598580E-02  0.000000E+00  0.000000E+00  0.000000E+00  0.000000E+00  0.000000E+00  0.000000E+00
195  2.61126896E-01 -3.799884E+01 -3.378814E+01 -1.490350E-01  2.456972E-02  0.000000E+00  0.000000E+00  0.000000E+00  0.000000E+00  0.000000E+00  0.000000E+00
196  2.77267982E-01 -3.627803E+01 -3.230104E+01 -6.447407E-02  2.209861E-02  0.000000E+00  0.000000E+00  0.000000E+00  0.000000E+00  0.000000E+00  0.000000E+00
197  2.94221602E-01 -3.460017E+01 -3.084235E+01  2.759850E-02  1.874459E-02  0.000000E+00  0.000000E+00  0.000000E+00  0.000000E+00  0.000000E+00  0.000000E+00
198  3.12015871E-01 -3.296204E+01 -2.940979E+01  1.228121E-01  1.471624E-02  0.000000E+00  0.000000E+00  0.000000E+00  0.000000E+00  0.000000E+00  0.000000E+00
199  3.30679170E-01 -3.136098E+01 -2.800159E+01  2.164881E-01  1.024558E-02  0.000000E+00  0.000000E+00  0.000000E+00  0.000000E+00  0.000000E+00  0.000000E+00
200  3.50240122E-01 -2.979570E+01 -2.661728E+01  3.039118E-01  5.573875E-03  0.000000E+00  0.000000E+00  0.000000E+00  0.000000E+00  0.000000E+00  0.000000E+00
201  3.70727567E-01 -2.826578E+01 -2.525721E+01  3.806105E-01  9.372233E-04  0.000000E+00  0.000000E+00  0.000000E+00  0.000000E+00  0.000000E+00  0.000000E+00
202  3.92170536E-01 -2.677193E+01 -2.392284E+01  4.426134E-01 -3.446939E-03  0.000000E+00  0.000000E+00  0.000000E+00  0.000000E+00  0.000000E+00  0.000000E+00
203  4.14598221E-01 -2.531596E+01 -2.261666E+01  4.866747E-01 -7.391401E-03  0.000000E+00  0.000000E+00  0.000000E+00  0.000000E+00  0.000000E+00  0.000000E+00
204  4.38039957E-01 -2.390124E+01 -2.134268E+01  5.104406E-01 -1.074800E-02  0.000000E+00  0.000000E+00  0.000000E+00  0.000000E+00  0.000000E+00  0.000000E+00
205  4.62525189E-01 -2.253225E+01 -2.010595E+01  5.125495E-01 -1.341308E-02  0.000000E+00  0.000000E+00  0.000000E+00  0.000000E+00  0.000000E+00  0.000000E+00
206  4.88083451E-01 -2.121360E+01 -1.891166E+01  4.926601E-01 -1.532914E-02  0.000000E+00  0.000000E+00  0.000000E+00  0.000000E+00  0.000000E+00  0.000000E+00
207  5.14744344E-01 -1.994958E+01 -1.776459E+01  4.514118E-01 -1.648295E-02  0.000000E+00  0.000000E+00  0.000000E+00  0.000000E+00  0.000000E+00  0.000000E+00
208  5.42537505E-01 -1.874334E+01 -1.666837E+01  3.903286E-01 -1.690059E-02  0.000000E+00  0.000000E+00  0.000000E+00  0.000000E+00  0.000000E+00  0.000000E+00
209  5.71492593E-01 -1.759664E+01 -1.562520E+01  3.116797E-01 -1.664046E-02  0.000000E+00  0.000000E+00  0.000000E+00  0.000000E+00  0.000000E+00  0.000000E+00
210  6.01639258E-01 -1.650977E+01 -1.463580E+01  2.183132E-01 -1.578523E-02  0.000000E+00  0.000000E+00  0.000000E+00  0.000000E+00  0.000000E+00  0.000000E+00
211  6.33007126E-01 -1.548205E+01 -1.369986E+01  1.134782E-01 -1.443362E-02  0.000000E+00  0.000000E+00  0.000000E+00  0.000000E+00  0.000000E+00  0.000000E+00
212  6.65625774E-01 -1.451163E+01 -1.281589E+01  6.452516E-04 -1.269276E-02  0.000000E+00  0.000000E+00  0.000000E+00  0.000000E+00  0.000000E+00  0.000000E+00
213  6.99524712E-01 -1.359620E+01 -1.198192E+01 -1.166611E-01 -1.067144E-02  0.000000E+00  0.000000E+00  0.000000E+00  0.000000E+00  0.000000E+00  0.000000E+00
214  7.34733362E-01 -1.273324E+01 -1.119575E+01 -2.350137E-01 -8.474621E-03  0.000000E+00  0.000000E+00  0.000000E+00  0.000000E+00  0.000000E+00  0.000000E+00
215  7.71281039E-01 -1.191993E+01 -1.045485E+01 -3.512112E-01 -6.199136E-03  0.000000E+00  0.000000E+00  0.000000E+00  0.000000E+00  0.000000E+00  0.000000E+00
216  8.09196937E-01 -1.115361E+01 -9.756833E+00 -4.623800E-01 -3.930674E-03  0.000000E+00  0.000000E+00  0.000000E+00  0.000000E+00  0.000000E+00  0.000000E+00
217  8.48510110E-01 -1.043176E+01 -9.099431E+00 -5.660499E-01 -1.741849E-03  0.000000E+00  0.000000E+00  0.000000E+00  0.000000E+00  0.000000E+00  0.000000E+00
218  8.89249453E-01 -9.752003E+00 -8.480524E+00 -6.602018E-01  3.087230E-04  0.000000E+00  0.000000E+00  0.000000E+00  0.000000E+00  0.000000E+00  0.000000E+00
219  9.31443694E-01 -9.112194E+00 -7.898180E+00 -7.432902E-01  2.176517E-03  0.000000E+00  0.000000E+00  0.000000E+00  0.000000E+00  0.000000E+00  0.000000E+00
220  9.75121372E-01 -8.510367E+00 -7.350647E+00 -8.142431E-01  3.830511E-03  0.000000E+00  0.000000E+00  0.000000E+00  0.000000E+00  0.000000E+00  0.000000E+00
221  1.02031083E+00 -7.944734E+00 -6.836335E+00 -8.724410E-01  5.252096E-03  0.000000E+00  0.000000E+00  0.000000E+00  0.000000E+00  0.000000E+00  0.000000E+00
222  1.06704020E+00 -7.413639E+00 -6.353769E+00 -9.176818E-01  6.433618E-03  0.000000E+00  0.000000E+00  0.000000E+00  0.000000E+00  0.000000E+00  0.000000E+00
223  1.11533740E+00 -6.915560E+00 -5.901601E+00 -9.501325E-01  7.376712E-03  0.000000E+00  0.000000E+00  0.000000E+00  0.000000E+00  0.000000E+00  0.000000E+00
224  1.16523010E+00 -6.449013E+00 -5.478506E+00 -9.702741E-01  8.090551E-03  0.000000E+00  0.000000E+00  0.000000E+00  0.000000E+00  0.000000E+00  0.000000E+00
225  1.21674573E+00 -6.012567E+00 -5.083204E+00 -9.788429E-01  8.590053E-03  0.000000E+00  0.000000E+00  0.000000E+00  0.000000E+00  0.000000E+00  0.000000E+00
226  1.26991147E+00 -5.604807E+00 -4.714421E+00 -9.767716E-01  8.894260E-03  0.000000E+00  0.000000E+00  0.000000E+00  0.000000E+00  0.000000E+00  0.000000E+00
227  1.32475426E+00 -5.224315E+00 -4.370868E+00 -9.651314E-01  9.024866E-03  0.000000E+00  0.000000E+00  0.000000E+00  0.000000E+00  0.000000E+00  0.000000E+00
228  1.38130075E+00 -4.869675E+00 -4.051253E+00 -9.450807E-01  9.004874E-03  0.000000E+00  0.000000E+00  0.000000E+00  0.000000E+00  0.000000E+00  0.000000E+00
229  1.43957731E+00 -4.539469E+00 -3.754270E+00 -9.178180E-01  8.857546E-03  0.000000E+00  0.000000E+00  0.000000E+00  0.000000E+00  0.000000E+00  0.000000E+00
230  1.49961004E+00 -4.232284E+00 -3.478616E+00 -8.845422E-01  8.605541E-03  0.000000E+00  0.000000E+00  0.000000E+00  0.000000E+00  0.000000E+00  0.000000E+00
231  1.56142477E+00 -3.946723E+00 -3.222992E+00 -8.464204E-01  8.270278E-03  0.000000E+00  0.000000E+00  0.000000E+00  0.000000E+00  0.000000E+00  0.000000E+00
232  1.62504701E+00 -3.681415E+00 -2.986120E+00 -8.045618E-01  7.871480E-03  0.000000E+00  0.000000E+00  0.000000E+00  0.000000E+00  0.000000E+00  0.000000E+00
233  1.69050199E+00 -3.435023E+00 -2.766753E+00 -7.599986E-01  7.426899E-03  0.000000E+00  0.000000E+00  0.000000E+00  0.000000E+00  0.000000E+00  0.000000E+00
234  1.75781464E+00 -3.206257E+00 -2.563680E+00 -7.136727E-01  6.952162E-03  0.000000E+00  0.000000E+00  0.000000E+00  0.000000E+00  0.000000E+00  0.000000E+00
235  1.82700960E+00 -2.993881E+00 -2.375743E+00 -6.664276E-01  6.460745E-03  0.000000E+00  0.000000E+00  0.000000E+00  0.000000E+00  0.000000E+00  0.000000E+00
236  1.89811117E+00 -2.796720E+00 -2.201838E+00 -6.190044E-01  5.964019E-03  0.000000E+00  0.000000E+00  0.000000E+00  0.000000E+00  0.000000E+00  0.000000E+00
237  1.97114339E+00 -2.613664E+00 -2.040923E+00 -5.720417E-01  5.471364E-03  0.000000E+00  0.000000E+00  0.000000E+00  0.000000E+00  0.000000E+00  0.000000E+00
238  2.04612996E+00 -2.443674E+00 -1.892020E+00 -5.260781E-01  4.990325E-03  0.000000E+00  0.000000E+00  0.000000E+00  0.000000E+00  0.000000E+00  0.000000E+00
239  2.12309428E+00 -2.285777E+00 -1.754218E+00 -4.815570E-01  4.526783E-03  0.000000E+00  0.000000E+00  0.000000E+00  0.000000E+00  0.000000E+00  0.000000E+00
240  2.20205944E+00 -2.139074E+00 -1.626670E+00 -4.388330E-01  4.085152E-03  0.000000E+00  0.000000E+00  0.000000E+00  0.000000E+00  0.000000E+00  0.000000E+00
241  2.28304822E+00 -2.002733E+00 -1.508597E+00 -3.981792E-01  3.668567E-03  0.000000E+00  0.000000E+00  0.000000E+00  0.000000E+00  0.000000E+00  0.000000E+00
242  2.36608309E+00 -1.875986E+00 -1.399281E+00 -3.597952E-01  3.279069E-03  0.000000E+00  0.000000E+00  0.000000E+00  0.000000E+00  0.000000E+00  0.000000E+00
243  2.45118622E+00 -1.758132E+00 -1.298065E+00 -3.238155E-01  2.917783E-03  0.000000E+00  0.000000E+00  0.000000E+00  0.000000E+00  0.000000E+00  0.000000E+00
244  2.53837946E+00 -1.648525E+00 -1.204348E+00 -2.903181E-01  2.585072E-03  0.000000E+00  0.000000E+00  0.000000E+00  0.000000E+00  0.000000E+00  0.000000E+00
245  2.62768435E+00 -1.549889E+00 -1.120892E+00 -2.593318E-01  2.280802E-03  0.000000E+00  0.000000E+00  0.000000E+00  0.000000E+00  0.000000E+00  0.000000E+00
246  2.71912214E+00 -1.464422E+00 -1.049930E+00 -2.308396E-01  2.004499E-03  0.000000E+00  0.000000E+00  0.000000E+00  0.000000E+00  0.000000E+00  0.000000E+00
247  2.81271374E+00 -1.390680E+00 -9.900573E-01 -2.047836E-01  1.755252E-03  0.000000E+00  0.000000E+00  0.000000E+00  0.000000E+00  0.000000E+00  0.000000E+00
248  2.90847981E+00 -1.327330E+00 -9.399724E-01 -1.810749E-01  1.531729E-03  0.000000E+00  0.000000E+00  0.000000E+00  0.000000E+00  0.000000E+00  0.000000E+00
249  3.00644066E+00 -1.273143E+00 -8.984782E-01 -1.596021E-01  1.332329E-03  0.000000E+00  0.000000E+00  0.000000E+00  0.000000E+00  0.000000E+00  0.000000E+00
250  3.10661633E+00 -1.226995E+00 -8.644813E-01 -1.402384E-01  1.155292E-03  0.000000E+00  0.000000E+00  0.000000E+00  0.000000E+00  0.000000E+00  0.000000E+00
251  3.20902656E+00 -1.187867E+00 -8.369892E-01 -1.228479E-01  9.987945E-04  0.000000E+00  0.000000E+00  0.000000E+00  0.000000E+00  0.000000E+00  0.000000E+00
252  3.31369078E+00 -1.154837E+00 -8.151071E-01 -1.072899E-01  8.610054E-04  0.000000E+00  0.000000E+00  0.000000E+00  0.000000E+00  0.000000E+00  0.000000E+00
253  3.42062815E+00 -1.127080E+00 -7.980333E-01 -9.342297E-02  7.401400E-04  0.000000E+00  0.000000E+00  0.000000E+00  0.000000E+00  0.000000E+00  0.000000E+00
254  3.52985752E+00 -1.103858E+00 -7.850541E-01 -8.110730E-02  6.344897E-04  0.000000E+00  0.000000E+00  0.000000E+00  0.000000E+00  0.000000E+00  0.000000E+00
255  3.64139748E+00 -1.084518E+00 -7.755378E-01 -7.020725E-02  5.424445E-04  0.000000E+00  0.000000E+00  0.000000E+00  0.000000E+00  0.000000E+00  0.000000E+00
256  3.75526633E+00 -1.068484E+00 -7.689295E-01 -6.059272E-02  4.625060E-04  0.000000E+00  0.000000E+00  0.000000E+00  0.000000E+00  0.000000E+00  0.000000E+00
257  3.87148207E+00 -1.055252E+00 -7.647441E-01 -5.214029E-02  3.932935E-04  0.000000E+00  0.000000E+00  0.000000E+00  0.000000E+00  0.000000E+00  0.000000E+00
258  3.99006246E+00 -1.044382E+00 -7.625606E-01 -4.473385E-02  3.335453E-04  0.000000E+00  0.000000E+00  0.000000E+00  0.000000E+00  0.000000E+00  0.000000E+00
259  4.11102495E+00 -1.035494E+00 -7.620159E-01 -3.826506E-02  2.821170E-04  0.000000E+00  0.000000E+00  0.000000E+00  0.000000E+00  0.000000E+00  0.000000E+00
260  4.23438676E+00 -1.028260E+00 -7.627988E-01 -3.263350E-02  2.379767E-04  0.000000E+00  0.000000E+00  0.000000E+00  0.000000E+00  0.000000E+00  0.000000E+00
261  4.36016481E+00 -1.022401E+00 -7.646445E-01 -2.774666E-02  2.001990E-04  0.000000E+00  0.000000E+00  0.000000E+00  0.000000E+00  0.000000E+00  0.000000E+00
262  4.48837578E+00 -1.017677E+00 -7.673289E-01 -2.351974E-02  1.679584E-04  0.000000E+00  0.000000E+00  0.000000E+00  0.000000E+00  0.000000E+00  0.000000E+00
263  4.61903610E+00 -1.013886E+00 -7.706640E-01 -1.987551E-02  1.405210E-04  0.000000E+00  0.000000E+00  0.000000E+00  0.000000E+00  0.000000E+00  0.000000E+00
264  4.75216191E+00 -1.010858E+00 -7.744928E-01 -1.674386E-02  1.172378E-04  0.000000E+00  0.000000E+00  0.000000E+00  0.000000E+00  0.000000E+00  0.000000E+00
265  4.88776914E+00 -1.008452E+00 -7.786856E-01 -1.406151E-02  9.753615E-05  0.000000E+00  0.000000E+00  0.000000E+00  0.000000E+00  0.000000E+00  0.000000E+00
266  5.02587345E+00 -1.006549E+00 -7.831359E-01 -1.177159E-02  8.091338E-05  0.000000E+00  0.000000E+00  0.000000E+00  0.000000E+00  0.000000E+00  0.000000E+00
267  5.16649025E+00 -1.005050E+00 -7.877570E-01 -9.823171E-03  6.692924E-05  0.000000E+00  0.000000E+00  0.000000E+00  0.000000E+00  0.000000E+00  0.000000E+00
268  5.30963473E+00 -1.003877E+00 -7.924787E-01 -8.170886E-03  5.519962E-05  0.000000E+00  0.000000E+00  0.000000E+00  0.000000E+00  0.000000E+00  0.000000E+00
269  5.45532184E+00 -1.002962E+00 -7.972454E-01 -6.774455E-03  4.539045E-05  0.000000E+00  0.000000E+00  0.000000E+00  0.000000E+00  0.000000E+00  0.000000E+00
270  5.60356629E+00 -1.002252E+00 -8.020129E-01 -5.598278E-03  3.721215E-05  0.000000E+00  0.000000E+00  0.000000E+00  0.000000E+00  0.000000E+00  0.000000E+00
271  5.75438255E+00 -1.001705E+00 -8.067468E-01 -4.611019E-03  3.041449E-05  0.000000E+00  0.000000E+00  0.000000E+00  0.000000E+00  0.000000E+00  0.000000E+00
272  5.90778491E+00 -1.001284E+00 -8.114209E-01 -3.785202E-03  2.478195E-05  0.000000E+00  0.000000E+00  0.000000E+00  0.000000E+00  0.000000E+00  0.000000E+00
273  6.06378738E+00 -1.000963E+00 -8.160154E-01 -3.096839E-03  2.012954E-05  0.000000E+00  0.000000E+00  0.000000E+00  0.000000E+00  0.000000E+00  0.000000E+00
274  6.22240379E+00 -1.000718E+00 -8.205158E-01 -2.525070E-03  1.629895E-05  0.000000E+00  0.000000E+00  0.000000E+00  0.000000E+00  0.000000E+00  0.000000E+00
275  6.38364775E+00 -1.000533E+00 -8.249119E-01 -2.051832E-03  1.315520E-05  0.000000E+00  0.000000E+00  0.000000E+00  0.000000E+00  0.000000E+00  0.000000E+00
276  6.54753265E+00 -1.000394E+00 -8.291968E-01 -1.661545E-03  1.058357E-05  0.000000E+00  0.000000E+00  0.000000E+00  0.000000E+00  0.000000E+00  0.000000E+00
277  6.71407168E+00 -1.000290E+00 -8.333664E-01 -1.340827E-03  8.486901E-06  0.000000E+00  0.000000E+00  0.000000E+00  0.000000E+00  0.000000E+00  0.000000E+00
278  6.88327782E+00 -1.000212E+00 -8.374186E-01 -1.078234E-03  6.783187E-06  0.000000E+00  0.000000E+00  0.000000E+00  0.000000E+00  0.000000E+00  0.000000E+00
279  7.05516386E+00 -1.000154E+00 -8.413528E-01 -8.640162E-04  5.403462E-06  0.000000E+00  0.000000E+00  0.000000E+00  0.000000E+00  0.000000E+00  0.000000E+00
280  7.22974239E+00 -1.000112E+00 -8.451698E-01 -6.899044E-04  4.289932E-06  0.000000E+00  0.000000E+00  0.000000E+00  0.000000E+00  0.000000E+00  0.000000E+00
281  7.40702580E+00 -1.000080E+00 -8.488712E-01 -5.489133E-04  3.394341E-06  0.000000E+00  0.000000E+00  0.000000E+00  0.000000E+00  0.000000E+00  0.000000E+00
282  7.58702628E+00 -1.000058E+00 -8.524591E-01 -4.351675E-04  2.676543E-06  0.000000E+00  0.000000E+00  0.000000E+00  0.000000E+00  0.000000E+00  0.000000E+00
283  7.76975587E+00 -1.000041E+00 -8.559363E-01 -3.437456E-04  2.103265E-06  0.000000E+00  0.000000E+00  0.000000E+00  0.000000E+00  0.000000E+00  0.000000E+00
284  7.95522639E+00 -1.000029E+00 -8.593059E-01 -2.705430E-04  1.647035E-06  0.000000E+00  0.000000E+00  0.000000E+00  0.000000E+00  0.000000E+00  0.000000E+00
285  8.14344950E+00 -1.000021E+00 -8.625711E-01 -2.121508E-04  1.285252E-06  0.000000E+00  0.000000E+00  0.000000E+00  0.000000E+00  0.000000E+00  0.000000E+00
286  8.33443667E+00 -1.000015E+00 -8.657352E-01 -1.657499E-04  9.994002E-07  0.000000E+00  0.000000E+00  0.000000E+00  0.000000E+00  0.000000E+00  0.000000E+00
287  8.52819920E+00 -1.000010E+00 -8.688015E-01 -1.290188E-04  7.743629E-07  0.000000E+00  0.000000E+00  0.000000E+00  0.000000E+00  0.000000E+00  0.000000E+00
288  8.72474822E+00 -1.000007E+00 -8.717735E-01 -1.000542E-04  5.978508E-07  0.000000E+00  0.000000E+00  0.000000E+00  0.000000E+00  0.000000E+00  0.000000E+00
289  8.92409470E+00 -1.000005E+00 -8.746544E-01 -7.730224E-05  4.599108E-07  0.000000E+00  0.000000E+00  0.000000E+00  0.000000E+00  0.000000E+00  0.000000E+00
290  9.12624943E+00 -1.000003E+00 -8.774476E-01 -5.949968E-05  3.525142E-07  0.000000E+00  0.000000E+00  0.000000E+00  0.000000E+00  0.000000E+00  0.000000E+00
291  9.33122306E+00 -1.000002E+00 -8.801561E-01 -4.562419E-05  2.692102E-07  0.000000E+00  0.000000E+00  0.000000E+00  0.000000E+00  0.000000E+00  0.000000E+00
292  9.53902605E+00 -1.000002E+00 -8.827832E-01 -3.485185E-05  2.048372E-07  0.000000E+00  0.000000E+00  0.000000E+00  0.000000E+00  0.000000E+00  0.000000E+00
293  9.74966872E+00 -1.000001E+00 -8.853317E-01 -2.652155E-05  1.552812E-07  0.000000E+00  0.000000E+00  0.000000E+00  0.000000E+00  0.000000E+00  0.000000E+00
294  9.96316125E+00 -1.000001E+00 -8.878044E-01 -2.010513E-05  1.172768E-07  0.000000E+00  0.000000E+00  0.000000E+00  0.000000E+00  0.000000E+00  0.000000E+00
295  1.01795136E+01 -1.000000E+00 -8.902043E-01 -1.518248E-05  8.824290E-08  0.000000E+00  0.000000E+00  0.000000E+00  0.000000E+00  0.000000E+00  0.000000E+00
296  1.03987358E+01 -1.000000E+00 -8.925338E-01 -1.142086E-05  6.614744E-08  0.000000E+00  0.000000E+00  0.000000E+00  0.000000E+00  0.000000E+00  0.000000E+00
297  1.06208374E+01 -1.000000E+00 -8.947956E-01 -8.557923E-06  4.939729E-08  0.000000E+00  0.000000E+00  0.000000E+00  0.000000E+00  0.000000E+00  0.000000E+00
298  1.08458280E+01 -1.000000E+00 -8.969921E-01 -6.387702E-06  3.674869E-08  0.000000E+00  0.000000E+00  0.000000E+00  0.000000E+00  0.000000E+00  0.000000E+00
299  1.10737171E+01 -1.000000E+00 -8.991257E-01 -4.749204E-06  2.723460E-08  0.000000E+00  0.000000E+00  0.000000E+00  0.000000E+00  0.000000E+00  0.000000E+00
300  1.13045140E+01 -1.000000E+00 -9.011985E-01 -3.517147E-06  2.010631E-08  0.000000E+00  0.000000E+00  0.000000E+00  0.000000E+00  0.000000E+00  0.000000E+00
301  1.15382278E+01 -1.000000E+00 -9.032127E-01 -2.594461E-06  1.478661E-08  0.000000E+00  0.000000E+00  0.000000E+00  0.000000E+00  0.000000E+00  0.000000E+00
302  1.17748676E+01 -1.000000E+00 -9.051704E-01 -1.906270E-06  1.083233E-08  0.000000E+00  0.000000E+00  0.000000E+00  0.000000E+00  0.000000E+00  0.000000E+00
303  1.20144423E+01 -1.000000E+00 -9.070736E-01 -1.395071E-06  7.904687E-09  0.000000E+00  0.000000E+00  0.000000E+00  0.000000E+00  0.000000E+00  0.000000E+00
304  1.22569607E+01 -1.000000E+00 -9.089242E-01 -1.016897E-06  5.745794E-09  0.000000E+00  0.000000E+00  0.000000E+00  0.000000E+00  0.000000E+00  0.000000E+00
305  1.25024313E+01 -1.000000E+00 -9.107239E-01 -7.382783E-07  4.160167E-09  0.000000E+00  0.000000E+00  0.000000E+00  0.000000E+00  0.000000E+00  0.000000E+00
306  1.27508628E+01 -1.000000E+00 -9.124745E-01 -5.338512E-07  3.000267E-09  0.000000E+00  0.000000E+00  0.000000E+00  0.000000E+00  0.000000E+00  0.000000E+00
307  1.30022635E+01 -1.000000E+00 -9.141778E-01 -3.844780E-07  2.155216E-09  0.000000E+00  0.000000E+00  0.000000E+00  0.000000E+00  0.000000E+00  0.000000E+00
308  1.32566417E+01 -1.000000E+00 -9.158352E-01 -2.757836E-07  1.542045E-09  0.000000E+00  0.000000E+00  0.000000E+00  0.000000E+00  0.000000E+00  0.000000E+00
309  1.35140057E+01 -1.000000E+00 -9.174484E-01 -1.970179E-07  1.098934E-09  0.000000E+00  0.000000E+00  0.000000E+00  0.000000E+00  0.000000E+00  0.000000E+00
310  1.37743633E+01 -1.000000E+00 -9.190188E-01 -1.401774E-07  7.800260E-10  0.000000E+00  0.000000E+00  0.000000E+00  0.000000E+00  0.000000E+00  0.000000E+00
311  1.40377227E+01 -1.000000E+00 -9.205479E-01 -9.932984E-08  5.514456E-10  0.000000E+00  0.000000E+00  0.000000E+00  0.000000E+00  0.000000E+00  0.000000E+00
312  1.43040915E+01 -1.000000E+00 -9.220369E-01 -7.009808E-08  3.882813E-10  0.000000E+00  0.000000E+00  0.000000E+00  0.000000E+00  0.000000E+00  0.000000E+00
313  1.45734776E+01 -1.000000E+00 -9.234873E-01 -4.926654E-08  2.722919E-10  0.000000E+00  0.000000E+00  0.000000E+00  0.000000E+00  0.000000E+00  0.000000E+00
314  1.48458886E+01 -1.000000E+00 -9.249003E-01 -3.448359E-08  1.901786E-10  0.000000E+00  0.000000E+00  0.000000E+00  0.000000E+00  0.000000E+00  0.000000E+00
315  1.51213319E+01 -1.000000E+00 -9.262771E-01 -2.403713E-08  1.322883E-10  0.000000E+00  0.000000E+00  0.000000E+00  0.000000E+00  0.000000E+00  0.000000E+00
316  1.53998149E+01 -1.000000E+00 -9.276188E-01 -1.668621E-08  9.164498E-11  0.000000E+00  0.000000E+00  0.000000E+00  0.000000E+00  0.000000E+00  0.000000E+00
317  1.56813450E+01 -1.000000E+00 -9.289266E-01 -1.153541E-08  6.322924E-11  0.000000E+00  0.000000E+00  0.000000E+00  0.000000E+00  0.000000E+00  0.000000E+00
318  1.59659294E+01 -1.000000E+00 -9.302016E-01 -7.941528E-09  4.344541E-11  0.000000E+00  0.000000E+00  0.000000E+00  0.000000E+00  0.000000E+00  0.000000E+00
319  1.62535751E+01 -1.000000E+00 -9.314448E-01 -5.444602E-09  2.972908E-11  0.000000E+00  0.000000E+00  0.000000E+00  0.000000E+00  0.000000E+00  0.000000E+00
320  1.65442893E+01 -1.000000E+00 -9.326571E-01 -3.717192E-09  2.025934E-11  0.000000E+00  0.000000E+00  0.000000E+00  0.000000E+00  0.000000E+00  0.000000E+00
321  1.68380787E+01 -1.000000E+00 -9.338396E-01 -2.527238E-09  1.374899E-11  0.000000E+00  0.000000E+00  0.000000E+00  0.000000E+00  0.000000E+00  0.000000E+00
322  1.71349503E+01 -1.000000E+00 -9.349932E-01 -1.711021E-09  9.292072E-12  0.000000E+00  0.000000E+00  0.000000E+00  0.000000E+00  0.000000E+00  0.000000E+00
323  1.74349107E+01 -1.000000E+00 -9.361188E-01 -1.153555E-09  6.253831E-12  0.000000E+00  0.000000E+00  0.000000E+00  0.000000E+00  0.000000E+00  0.000000E+00
324  1.77379666E+01 -1.000000E+00 -9.372172E-01 -7.744459E-10  4.191473E-12  0.000000E+00  0.000000E+00  0.000000E+00  0.000000E+00  0.000000E+00  0.000000E+00
325  1.80441246E+01 -1.000000E+00 -9.382893E-01 -5.177373E-10  2.797497E-12  0.000000E+00  0.000000E+00  0.000000E+00  0.000000E+00  0.000000E+00  0.000000E+00
326  1.83533910E+01 -1.000000E+00 -9.393358E-01 -3.446588E-10  1.859304E-12  0.000000E+00  0.000000E+00  0.000000E+00  0.000000E+00  0.000000E+00  0.000000E+00
327  1.86657724E+01 -1.000000E+00 -9.403575E-01 -2.284688E-10  1.230565E-12  0.000000E+00  0.000000E+00  0.000000E+00  0.000000E+00  0.000000E+00  0.000000E+00
328  1.89812750E+01 -1.000000E+00 -9.413552E-01 -1.508059E-10  8.127391E-13  0.000000E+00  0.000000E+00  0.000000E+00  0.000000E+00  0.000000E+00  0.000000E+00
329  1.92999050E+01 -1.000000E+00 -9.423296E-01 -9.911958E-11  5.283133E-13  0.000000E+00  0.000000E+00  0.000000E+00  0.000000E+00  0.000000E+00  0.000000E+00
