#      n =  6
#  kappa = -2
# energy = -8.45216044E+01
#zenergy =  0.00000000E+00
#     dn =  5.59880879E+00
# qrnorm =  1.00029681E+00
#SelfEne =  2.72113860E+32
#     vc = -7.35611965E+02
#     vr = -3.13522817E+03
#  ilast =  299
#    ifm =    0
#    cfm =  0.00000000E+00
#    xfm =  0.00000000E+00
#    rfn =  4.10130445E-02
#    pdx =  1.99449860E+00
#   bqp0 = -2.02878980E-05
#   bqp1 =  0.00000000E+00
#    idx = 25
# LEPTON = 0
#   MASS =  1.00000000E+00
# CHARGE =  1.00000000E+00
#  EUNIT =  2.72113860E+01
#  RUNIT =  4.13413733E+16
#  LUNIT =  5.29177211E-01
#    AMU =  1.82288849E+03
#    FSC =  7.29735257E-03


0    1.15230557E-08 -1.388876E-02  9.763101E+07  9.214131E-13 -1.871268E-17  0.000000E+00  0.000000E+00  0.000000E+00  0.000000E+00  0.000000E+00  0.000000E+00
1    1.26370682E-08 -1.523149E-02  8.902444E+07  1.107621E-12 -2.467110E-17  0.000000E+00  0.000000E+00  0.000000E+00  0.000000E+00  0.000000E+00  0.000000E+00
2    1.38587558E-08 -1.670399E-02  8.117672E+07  1.331621E-12 -3.252632E-17  0.000000E+00  0.000000E+00  0.000000E+00  0.000000E+00  0.000000E+00  0.000000E+00
3    1.51985763E-08 -1.831888E-02  7.402066E+07  1.601070E-12 -4.288435E-17  0.000000E+00  0.000000E+00  0.000000E+00  0.000000E+00  0.000000E+00  0.000000E+00
4    1.66678974E-08 -2.008985E-02  6.749556E+07  1.925174E-12 -5.654354E-17  0.000000E+00  0.000000E+00  0.000000E+00  0.000000E+00  0.000000E+00  0.000000E+00
5    1.82792333E-08 -2.203200E-02  6.154577E+07  2.315007E-12 -7.455718E-17  0.000000E+00  0.000000E+00  0.000000E+00  0.000000E+00  0.000000E+00  0.000000E+00
6    2.00463766E-08 -2.416194E-02  5.612036E+07  2.783890E-12 -9.831527E-17  0.000000E+00  0.000000E+00  0.000000E+00  0.000000E+00  0.000000E+00  0.000000E+00
7    2.19842820E-08 -2.649770E-02  5.117339E+07  3.347835E-12 -1.296487E-16  0.000000E+00  0.000000E+00  0.000000E+00  0.000000E+00  0.000000E+00  0.000000E+00
8    2.41095688E-08 -2.905932E-02  4.666242E+07  4.026114E-12 -1.709758E-16  0.000000E+00  0.000000E+00  0.000000E+00  0.000000E+00  0.000000E+00  0.000000E+00
9    2.64402674E-08 -3.186851E-02  4.254916E+07  4.841891E-12 -2.254824E-16  0.000000E+00  0.000000E+00  0.000000E+00  0.000000E+00  0.000000E+00  0.000000E+00
10   2.89962773E-08 -3.494928E-02  3.879849E+07  5.823034E-12 -2.973733E-16  0.000000E+00  0.000000E+00  0.000000E+00  0.000000E+00  0.000000E+00  0.000000E+00
11   3.17993241E-08 -3.832779E-02  3.537850E+07  7.003049E-12 -3.921913E-16  0.000000E+00  0.000000E+00  0.000000E+00  0.000000E+00  0.000000E+00  0.000000E+00
12   3.48733392E-08 -4.203291E-02  3.225997E+07  8.422244E-12 -5.172507E-16  0.000000E+00  0.000000E+00  0.000000E+00  0.000000E+00  0.000000E+00  0.000000E+00
13   3.82444504E-08 -4.609612E-02  2.941638E+07  1.012908E-11 -6.821933E-16  0.000000E+00  0.000000E+00  0.000000E+00  0.000000E+00  0.000000E+00  0.000000E+00
14   4.19414378E-08 -5.055210E-02  2.682345E+07  1.218187E-11 -8.997422E-16  0.000000E+00  0.000000E+00  0.000000E+00  0.000000E+00  0.000000E+00  0.000000E+00
15   4.59958029E-08 -5.543884E-02  2.445907E+07  1.465070E-11 -1.186675E-15  0.000000E+00  0.000000E+00  0.000000E+00  0.000000E+00  0.000000E+00  0.000000E+00
16   5.04419171E-08 -6.079775E-02  2.230318E+07  1.761987E-11 -1.565106E-15  0.000000E+00  0.000000E+00  0.000000E+00  0.000000E+00  0.000000E+00  0.000000E+00
17   5.53179043E-08 -6.667479E-02  2.033729E+07  2.119080E-11 -2.064239E-15  0.000000E+00  0.000000E+00  0.000000E+00  0.000000E+00  0.000000E+00  0.000000E+00
18   6.06650196E-08 -7.311967E-02  1.854474E+07  2.548540E-11 -2.722532E-15  0.000000E+00  0.000000E+00  0.000000E+00  0.000000E+00  0.000000E+00  0.000000E+00
19   6.65289955E-08 -8.018754E-02  1.691018E+07  3.065034E-11 -3.590768E-15  0.000000E+00  0.000000E+00  0.000000E+00  0.000000E+00  0.000000E+00  0.000000E+00
20   7.29597925E-08 -8.793859E-02  1.541970E+07  3.686199E-11 -4.735900E-15  0.000000E+00  0.000000E+00  0.000000E+00  0.000000E+00  0.000000E+00  0.000000E+00
21   8.00119221E-08 -9.643853E-02  1.406065E+07  4.433237E-11 -6.246169E-15  0.000000E+00  0.000000E+00  0.000000E+00  0.000000E+00  0.000000E+00  0.000000E+00
22   8.77456947E-08 -1.057601E-01  1.282137E+07  5.331661E-11 -8.238073E-15  0.000000E+00  0.000000E+00  0.000000E+00  0.000000E+00  0.000000E+00  0.000000E+00
23   9.62269964E-08 -1.159826E-01  1.169132E+07  6.412146E-11 -1.086520E-14  0.000000E+00  0.000000E+00  0.000000E+00  0.000000E+00  0.000000E+00  0.000000E+00
24   1.05527715E-07 -1.271928E-01  1.066092E+07  7.711569E-11 -1.432998E-14  0.000000E+00  0.000000E+00  0.000000E+00  0.000000E+00  0.000000E+00  0.000000E+00
25   1.15727384E-07 -1.394864E-01  9.721321E+06  9.274303E-11 -1.889964E-14  0.000000E+00  0.000000E+00  0.000000E+00  0.000000E+00  0.000000E+00  0.000000E+00
26   1.26912450E-07 -1.529678E-01  8.864569E+06  1.115368E-10 -2.492627E-14  0.000000E+00  0.000000E+00  0.000000E+00  0.000000E+00  0.000000E+00  0.000000E+00
27   1.39178554E-07 -1.677522E-01  8.083323E+06  1.341387E-10 -3.287467E-14  0.000000E+00  0.000000E+00  0.000000E+00  0.000000E+00  0.000000E+00  0.000000E+00
28   1.52629913E-07 -1.839651E-01  7.370943E+06  1.613201E-10 -4.335739E-14  0.000000E+00  0.000000E+00  0.000000E+00  0.000000E+00  0.000000E+00  0.000000E+00
29   1.67381030E-07 -2.017446E-01  6.721357E+06  1.940088E-10 -5.718243E-14  0.000000E+00  0.000000E+00  0.000000E+00  0.000000E+00  0.000000E+00  0.000000E+00
30   1.83557470E-07 -2.212421E-01  6.129028E+06  2.333205E-10 -7.541537E-14  0.000000E+00  0.000000E+00  0.000000E+00  0.000000E+00  0.000000E+00  0.000000E+00
31   2.01296571E-07 -2.426230E-01  5.588919E+06  2.805966E-10 -9.946098E-14  0.000000E+00  0.000000E+00  0.000000E+00  0.000000E+00  0.000000E+00  0.000000E+00
32   2.20749990E-07 -2.660702E-01  5.096407E+06  3.374509E-10 -1.311734E-13  0.000000E+00  0.000000E+00  0.000000E+00  0.000000E+00  0.000000E+00  0.000000E+00
33   2.42082557E-07 -2.917823E-01  4.647312E+06  4.058230E-10 -1.729952E-13  0.000000E+00  0.000000E+00  0.000000E+00  0.000000E+00  0.000000E+00  0.000000E+00
34   2.65476634E-07 -3.199792E-01  4.237792E+06  4.880466E-10 -2.281510E-13  0.000000E+00  0.000000E+00  0.000000E+00  0.000000E+00  0.000000E+00  0.000000E+00
35   2.91129920E-07 -3.508990E-01  3.864379E+06  5.869260E-10 -3.008874E-13  0.000000E+00  0.000000E+00  0.000000E+00  0.000000E+00  0.000000E+00  0.000000E+00
36   3.19262109E-07 -3.848067E-01  3.523869E+06  7.058361E-10 -3.968127E-13  0.000000E+00  0.000000E+00  0.000000E+00  0.000000E+00  0.000000E+00  0.000000E+00
37   3.50111524E-07 -4.219893E-01  3.213375E+06  8.488325E-10 -5.233141E-13  0.000000E+00  0.000000E+00  0.000000E+00  0.000000E+00  0.000000E+00  0.000000E+00
38   3.83941165E-07 -4.627640E-01  2.930245E+06  1.020794E-09 -6.901397E-13  0.000000E+00  0.000000E+00  0.000000E+00  0.000000E+00  0.000000E+00  0.000000E+00
39   4.21038142E-07 -5.074767E-01  2.672070E+06  1.227585E-09 -9.101374E-13  0.000000E+00  0.000000E+00  0.000000E+00  0.000000E+00  0.000000E+00  0.000000E+00
40   4.61717878E-07 -5.565076E-01  2.436651E+06  1.476258E-09 -1.200252E-12  0.000000E+00  0.000000E+00  0.000000E+00  0.000000E+00  0.000000E+00  0.000000E+00
41   5.06326236E-07 -6.102735E-01  2.221981E+06  1.775294E-09 -1.582828E-12  0.000000E+00  0.000000E+00  0.000000E+00  0.000000E+00  0.000000E+00  0.000000E+00
42   5.55243414E-07 -6.692327E-01  2.026228E+06  2.134893E-09 -2.087336E-12  0.000000E+00  0.000000E+00  0.000000E+00  0.000000E+00  0.000000E+00  0.000000E+00
43   6.08884460E-07 -7.338853E-01  1.847726E+06  2.567313E-09 -2.752622E-12  0.000000E+00  0.000000E+00  0.000000E+00  0.000000E+00  0.000000E+00  0.000000E+00
44   6.67705345E-07 -8.047808E-01  1.684956E+06  3.087297E-09 -3.629910E-12  0.000000E+00  0.000000E+00  0.000000E+00  0.000000E+00  0.000000E+00  0.000000E+00
45   7.32206037E-07 -8.825217E-01  1.536530E+06  3.712572E-09 -4.786749E-12  0.000000E+00  0.000000E+00  0.000000E+00  0.000000E+00  0.000000E+00  0.000000E+00
46   8.02934737E-07 -9.677687E-01  1.401183E+06  4.464452E-09 -6.312197E-12  0.000000E+00  0.000000E+00  0.000000E+00  0.000000E+00  0.000000E+00  0.000000E+00
47   8.80491003E-07 -1.061244E+00  1.277766E+06  5.368557E-09 -8.323646E-12  0.000000E+00  0.000000E+00  0.000000E+00  0.000000E+00  0.000000E+00  0.000000E+00
48   9.65535147E-07 -1.163744E+00  1.165223E+06  6.455702E-09 -1.097595E-11  0.000000E+00  0.000000E+00  0.000000E+00  0.000000E+00  0.000000E+00  0.000000E+00
49   1.05878978E-06 -1.276138E+00  1.062596E+06  7.762930E-09 -1.447323E-11  0.000000E+00  0.000000E+00  0.000000E+00  0.000000E+00  0.000000E+00  0.000000E+00
50   1.16104470E-06 -1.399379E+00  9.690139E+05  9.334768E-09 -1.908453E-11  0.000000E+00  0.000000E+00  0.000000E+00  0.000000E+00  0.000000E+00  0.000000E+00
51   1.27316957E-06 -1.534513E+00  8.836803E+05  1.122476E-08 -2.516467E-11  0.000000E+00  0.000000E+00  0.000000E+00  0.000000E+00  0.000000E+00  0.000000E+00
52   1.39611533E-06 -1.682687E+00  8.058637E+05  1.349728E-08 -3.318134E-11  0.000000E+00  0.000000E+00  0.000000E+00  0.000000E+00  0.000000E+00  0.000000E+00
53   1.53092556E-06 -1.845156E+00  7.349030E+05  1.622971E-08 -4.375114E-11  0.000000E+00  0.000000E+00  0.000000E+00  0.000000E+00  0.000000E+00  0.000000E+00
54   1.67874443E-06 -2.023300E+00  6.701940E+05  1.951507E-08 -5.768693E-11  0.000000E+00  0.000000E+00  0.000000E+00  0.000000E+00  0.000000E+00  0.000000E+00
55   1.84082478E-06 -2.218626E+00  6.111840E+05  2.346519E-08 -7.606008E-11  0.000000E+00  0.000000E+00  0.000000E+00  0.000000E+00  0.000000E+00  0.000000E+00
56   2.01854323E-06 -2.432791E+00  5.573817E+05  2.821452E-08 -1.002833E-10  0.000000E+00  0.000000E+00  0.000000E+00  0.000000E+00  0.000000E+00  0.000000E+00
57   2.21340371E-06 -2.667604E+00  5.083130E+05  3.392463E-08 -1.322178E-10  0.000000E+00  0.000000E+00  0.000000E+00  0.000000E+00  0.000000E+00  0.000000E+00
58   2.42705979E-06 -2.925056E+00  4.635646E+05  4.078979E-08 -1.743179E-10  0.000000E+00  0.000000E+00  0.000000E+00  0.000000E+00  0.000000E+00  0.000000E+00
59   2.66132121E-06 -3.207321E+00  4.227625E+05  4.904346E-08 -2.298177E-10  0.000000E+00  0.000000E+00  0.000000E+00  0.000000E+00  0.000000E+00  0.000000E+00
60   2.91817339E-06 -3.516786E+00  3.855558E+05  5.896628E-08 -3.029801E-10  0.000000E+00  0.000000E+00  0.000000E+00  0.000000E+00  0.000000E+00  0.000000E+00
61   3.19979011E-06 -3.856062E+00  3.516220E+05  7.089551E-08 -3.994222E-10  0.000000E+00  0.000000E+00  0.000000E+00  0.000000E+00  0.000000E+00  0.000000E+00
62   3.50855663E-06 -4.228011E+00  3.206788E+05  8.523652E-08 -5.265475E-10  0.000000E+00  0.000000E+00  0.000000E+00  0.000000E+00  0.000000E+00  0.000000E+00
63   3.84708773E-06 -4.635770E+00  2.924638E+05  1.024765E-07 -6.941120E-10  0.000000E+00  0.000000E+00  0.000000E+00  0.000000E+00  0.000000E+00  0.000000E+00
64   4.21824425E-06 -5.082765E+00  2.667307E+05  1.232007E-07 -9.149677E-10  0.000000E+00  0.000000E+00  0.000000E+00  0.000000E+00  0.000000E+00  0.000000E+00
65   4.62516922E-06 -5.572757E+00  2.432659E+05  1.481128E-07 -1.206052E-09  0.000000E+00  0.000000E+00  0.000000E+00  0.000000E+00  0.000000E+00  0.000000E+00
66   5.07129974E-06 -6.109852E+00  2.218665E+05  1.780578E-07 -1.589675E-09  0.000000E+00  0.000000E+00  0.000000E+00  0.000000E+00  0.000000E+00  0.000000E+00
67   5.56040831E-06 -6.698549E+00  2.023517E+05  2.140513E-07 -2.095227E-09  0.000000E+00  0.000000E+00  0.000000E+00  0.000000E+00  0.000000E+00  0.000000E+00
68   6.09662734E-06 -7.343767E+00  1.845563E+05  2.573133E-07 -2.761420E-09  0.000000E+00  0.000000E+00  0.000000E+00  0.000000E+00  0.000000E+00  0.000000E+00
69   6.68448262E-06 -8.050875E+00  1.683270E+05  3.093091E-07 -3.639233E-09  0.000000E+00  0.000000E+00  0.000000E+00  0.000000E+00  0.000000E+00  0.000000E+00
70   7.32893941E-06 -8.825749E+00  1.535273E+05  3.717989E-07 -4.795801E-09  0.000000E+00  0.000000E+00  0.000000E+00  0.000000E+00  0.000000E+00  0.000000E+00
71   8.03543099E-06 -9.674793E+00  1.400300E+05  4.468963E-07 -6.319502E-09  0.000000E+00  0.000000E+00  0.000000E+00  0.000000E+00  0.000000E+00  0.000000E+00
72   8.80991931E-06 -1.060500E+01  1.277216E+05  5.371396E-07 -8.326682E-09  0.000000E+00  0.000000E+00  0.000000E+00  0.000000E+00  0.000000E+00  0.000000E+00
73   9.65892950E-06 -1.162399E+01  1.164971E+05  6.455757E-07 -1.097044E-08  0.000000E+00  0.000000E+00  0.000000E+00  0.000000E+00  0.000000E+00  0.000000E+00
74   1.05896147E-05 -1.274004E+01  1.062605E+05  7.758619E-07 -1.445221E-08  0.000000E+00  0.000000E+00  0.000000E+00  0.000000E+00  0.000000E+00  0.000000E+00
75   1.16098094E-05 -1.396217E+01  9.692503E+04  9.323869E-07 -1.903693E-08  0.000000E+00  0.000000E+00  0.000000E+00  0.000000E+00  0.000000E+00  0.000000E+00
76   1.27281005E-05 -1.530015E+01  8.841199E+04  1.120416E-06 -2.507295E-08  0.000000E+00  0.000000E+00  0.000000E+00  0.000000E+00  0.000000E+00  0.000000E+00
77   1.39538902E-05 -1.676456E+01  8.064849E+04  1.346263E-06 -3.301808E-08  0.000000E+00  0.000000E+00  0.000000E+00  0.000000E+00  0.000000E+00  0.000000E+00
78   1.52974794E-05 -1.836681E+01  7.356853E+04  1.617498E-06 -4.347371E-08  0.000000E+00  0.000000E+00  0.000000E+00  0.000000E+00  0.000000E+00  0.000000E+00
79   1.67701554E-05 -2.011921E+01  6.711274E+04  1.943191E-06 -5.722939E-08  0.000000E+00  0.000000E+00  0.000000E+00  0.000000E+00  0.000000E+00  0.000000E+00
80   1.83842748E-05 -2.203490E+01  6.122596E+04  2.334207E-06 -7.532096E-08  0.000000E+00  0.000000E+00  0.000000E+00  0.000000E+00  0.000000E+00  0.000000E+00
81   2.01533739E-05 -2.412794E+01  5.585831E+04  2.803548E-06 -9.910625E-08  0.000000E+00  0.000000E+00  0.000000E+00  0.000000E+00  0.000000E+00  0.000000E+00
82   2.20922802E-05 -2.641320E+01  5.096490E+04  3.366767E-06 -1.303636E-07  0.000000E+00  0.000000E+00  0.000000E+00  0.000000E+00  0.000000E+00  0.000000E+00
83   2.42172274E-05 -2.890631E+01  4.650439E+04  4.042449E-06 -1.714192E-07  0.000000E+00  0.000000E+00  0.000000E+00  0.000000E+00  0.000000E+00  0.000000E+00
84   2.65459927E-05 -3.162351E+01  4.243938E+04  4.852782E-06 -2.253117E-07  0.000000E+00  0.000000E+00  0.000000E+00  0.000000E+00  0.000000E+00  0.000000E+00
85   2.90980437E-05 -3.458143E+01  3.873619E+04  5.824225E-06 -2.960040E-07  0.000000E+00  0.000000E+00  0.000000E+00  0.000000E+00  0.000000E+00  0.000000E+00
86   3.18946918E-05 -3.779678E+01  3.536430E+04  6.988282E-06 -3.886543E-07  0.000000E+00  0.000000E+00  0.000000E+00  0.000000E+00  0.000000E+00  0.000000E+00
87   3.49592718E-05 -4.128587E+01  3.229637E+04  8.382405E-06 -5.099598E-07  0.000000E+00  0.000000E+00  0.000000E+00  0.000000E+00  0.000000E+00  0.000000E+00
88   3.83173248E-05 -4.506391E+01  2.950799E+04  1.005103E-05 -6.685919E-07  0.000000E+00  0.000000E+00  0.000000E+00  0.000000E+00  0.000000E+00  0.000000E+00
89   4.19968112E-05 -4.914417E+01  2.697770E+04  1.204678E-05 -8.757382E-07  0.000000E+00  0.000000E+00  0.000000E+00  0.000000E+00  0.000000E+00  0.000000E+00
90   4.60283336E-05 -5.353662E+01  2.468707E+04  1.443178E-05 -1.145771E-06  0.000000E+00  0.000000E+00  0.000000E+00  0.000000E+00  0.000000E+00  0.000000E+00
91   5.04453829E-05 -5.824623E+01  2.262044E+04  1.727916E-05 -1.497059E-06  0.000000E+00  0.000000E+00  0.000000E+00  0.000000E+00  0.000000E+00  0.000000E+00
92   5.52846082E-05 -6.327066E+01  2.076548E+04  2.067478E-05 -1.952927E-06  0.000000E+00  0.000000E+00  0.000000E+00  0.000000E+00  0.000000E+00  0.000000E+00
93   6.05861129E-05 -6.859709E+01  1.911348E+04  2.471898E-05 -2.542757E-06  0.000000E+00  0.000000E+00  0.000000E+00  0.000000E+00  0.000000E+00  0.000000E+00
94   6.63937725E-05 -7.419801E+01  1.765957E+04  2.952863E-05 -3.303195E-06  0.000000E+00  0.000000E+00  0.000000E+00  0.000000E+00  0.000000E+00  0.000000E+00
95   7.27555839E-05 -8.002567E+01  1.640383E+04  3.523925E-05 -4.279366E-06  0.000000E+00  0.000000E+00  0.000000E+00  0.000000E+00  0.000000E+00  0.000000E+00
96   7.97240513E-05 -8.600471E+01  1.535220E+04  4.200744E-05 -5.525923E-06  0.000000E+00  0.000000E+00  0.000000E+00  0.000000E+00  0.000000E+00  0.000000E+00
97   8.73565943E-05 -9.202259E+01  1.451745E+04  5.001356E-05 -7.107627E-06  0.000000E+00  0.000000E+00  0.000000E+00  0.000000E+00  0.000000E+00  0.000000E+00
98   9.57160101E-05 -9.791752E+01  1.391972E+04  5.946512E-05 -9.098932E-06  0.000000E+00  0.000000E+00  0.000000E+00  0.000000E+00  0.000000E+00  0.000000E+00
99   1.04870958E-04 -1.034646E+02  1.358026E+04  7.060155E-05 -1.158182E-05  0.000000E+00  0.000000E+00  0.000000E+00  0.000000E+00  0.000000E+00  0.000000E+00
100  1.14896506E-04 -1.083658E+02  1.346861E+04  8.370147E-05 -1.464086E-05  0.000000E+00  0.000000E+00  0.000000E+00  0.000000E+00  0.000000E+00  0.000000E+00
101  1.25874712E-04 -1.122651E+02  1.332700E+04  9.909158E-05 -1.835493E-05  0.000000E+00  0.000000E+00  0.000000E+00  0.000000E+00  0.000000E+00  0.000000E+00
102  1.37895258E-04 -1.148601E+02  1.265882E+04  1.171513E-04 -2.278779E-05  0.000000E+00  0.000000E+00  0.000000E+00  0.000000E+00  0.000000E+00  0.000000E+00
103  1.51056150E-04 -1.161696E+02  1.131293E+04  1.383375E-04 -2.798958E-05  0.000000E+00  0.000000E+00  0.000000E+00  0.000000E+00  0.000000E+00  0.000000E+00
104  1.65464473E-04 -1.166427E+02  9.815831E+03  1.632302E-04 -3.402300E-05  0.000000E+00  0.000000E+00  0.000000E+00  0.000000E+00  0.000000E+00  0.000000E+00
105  1.81237204E-04 -1.167639E+02  8.651623E+03  1.924961E-04 -4.099586E-05  0.000000E+00  0.000000E+00  0.000000E+00  0.000000E+00  0.000000E+00  0.000000E+00
106  1.98502114E-04 -1.167769E+02  7.788130E+03  2.268890E-04 -4.906828E-05  0.000000E+00  0.000000E+00  0.000000E+00  0.000000E+00  0.000000E+00  0.000000E+00
107  2.17398726E-04 -1.167619E+02  7.061434E+03  2.673031E-04 -5.844383E-05  0.000000E+00  0.000000E+00  0.000000E+00  0.000000E+00  0.000000E+00  0.000000E+00
108  2.38079383E-04 -1.167396E+02  6.409071E+03  3.147913E-04 -6.936522E-05  0.000000E+00  0.000000E+00  0.000000E+00  0.000000E+00  0.000000E+00  0.000000E+00
109  2.60710374E-04 -1.167141E+02  5.815542E+03  3.705837E-04 -8.211600E-05  0.000000E+00  0.000000E+00  0.000000E+00  0.000000E+00  0.000000E+00  0.000000E+00
110  2.85473187E-04 -1.166860E+02  5.274484E+03  4.361170E-04 -9.702603E-05  0.000000E+00  0.000000E+00  0.000000E+00  0.000000E+00  0.000000E+00  0.000000E+00
111  3.12565842E-04 -1.166551E+02  4.781223E+03  5.130690E-04 -1.144789E-04  0.000000E+00  0.000000E+00  0.000000E+00  0.000000E+00  0.000000E+00  0.000000E+00
112  3.42204361E-04 -1.166213E+02  4.331607E+03  6.033980E-04 -1.349207E-04  0.000000E+00  0.000000E+00  0.000000E+00  0.000000E+00  0.000000E+00  0.000000E+00
113  3.74624340E-04 -1.165842E+02  3.921844E+03  7.093879E-04 -1.588710E-04  0.000000E+00  0.000000E+00  0.000000E+00  0.000000E+00  0.000000E+00  0.000000E+00
114  4.10082660E-04 -1.165436E+02  3.548473E+03  8.337003E-04 -1.869340E-04  0.000000E+00  0.000000E+00  0.000000E+00  0.000000E+00  0.000000E+00  0.000000E+00
115  4.48859339E-04 -1.164991E+02  3.208333E+03  9.794337E-04 -2.198127E-04  0.000000E+00  0.000000E+00  0.000000E+00  0.000000E+00  0.000000E+00  0.000000E+00
116  4.91259529E-04 -1.164505E+02  2.898544E+03  1.150191E-03 -2.583245E-04  0.000000E+00  0.000000E+00  0.000000E+00  0.000000E+00  0.000000E+00  0.000000E+00
117  5.37615685E-04 -1.163974E+02  2.616477E+03  1.350159E-03 -3.034188E-04  0.000000E+00  0.000000E+00  0.000000E+00  0.000000E+00  0.000000E+00  0.000000E+00
118  5.88289898E-04 -1.163393E+02  2.359735E+03  1.584191E-03 -3.561973E-04  0.000000E+00  0.000000E+00  0.000000E+00  0.000000E+00  0.000000E+00  0.000000E+00
119  6.43676415E-04 -1.162759E+02  2.126127E+03  1.857913E-03 -4.179374E-04  0.000000E+00  0.000000E+00  0.000000E+00  0.000000E+00  0.000000E+00  0.000000E+00
120  7.04204362E-04 -1.162067E+02  1.913656E+03  2.177831E-03 -4.901179E-04  0.000000E+00  0.000000E+00  0.000000E+00  0.000000E+00  0.000000E+00  0.000000E+00
121  7.70340672E-04 -1.161313E+02  1.720496E+03  2.551458E-03 -5.744480E-04  0.000000E+00  0.000000E+00  0.000000E+00  0.000000E+00  0.000000E+00  0.000000E+00
122  8.42593245E-04 -1.160491E+02  1.544981E+03  2.987454E-03 -6.729011E-04  0.000000E+00  0.000000E+00  0.000000E+00  0.000000E+00  0.000000E+00  0.000000E+00
123  9.21514337E-04 -1.159596E+02  1.385584E+03  3.495782E-03 -7.877505E-04  0.000000E+00  0.000000E+00  0.000000E+00  0.000000E+00  0.000000E+00  0.000000E+00
124  1.00770422E-03 -1.158622E+02  1.240913E+03  4.087878E-03 -9.216105E-04  0.000000E+00  0.000000E+00  0.000000E+00  0.000000E+00  0.000000E+00  0.000000E+00
125  1.10181509E-03 -1.157564E+02  1.109692E+03  4.776840E-03 -1.077481E-03  0.000000E+00  0.000000E+00  0.000000E+00  0.000000E+00  0.000000E+00  0.000000E+00
126  1.20455530E-03 -1.156415E+02  9.907526E+02  5.577626E-03 -1.258798E-03  0.000000E+00  0.000000E+00  0.000000E+00  0.000000E+00  0.000000E+00  0.000000E+00
127  1.31669383E-03 -1.155169E+02  8.830242E+02  6.507273E-03 -1.469483E-03  0.000000E+00  0.000000E+00  0.000000E+00  0.000000E+00  0.000000E+00  0.000000E+00
128  1.43906516E-03 -1.153817E+02  7.855257E+02  7.585123E-03 -1.714004E-03  0.000000E+00  0.000000E+00  0.000000E+00  0.000000E+00  0.000000E+00  0.000000E+00
129  1.57257442E-03 -1.152354E+02  6.973571E+02  8.833053E-03 -1.997433E-03  0.000000E+00  0.000000E+00  0.000000E+00  0.000000E+00  0.000000E+00  0.000000E+00
130  1.71820289E-03 -1.150771E+02  6.176923E+02  1.027572E-02 -2.325509E-03  0.000000E+00  0.000000E+00  0.000000E+00  0.000000E+00  0.000000E+00  0.000000E+00
131  1.87701395E-03 -1.149060E+02  5.457728E+02  1.194078E-02 -2.704702E-03  0.000000E+00  0.000000E+00  0.000000E+00  0.000000E+00  0.000000E+00  0.000000E+00
132  2.05015929E-03 -1.147214E+02  4.809019E+02  1.385910E-02 -3.142276E-03  0.000000E+00  0.000000E+00  0.000000E+00  0.000000E+00  0.000000E+00  0.000000E+00
133  2.23888565E-03 -1.145223E+02  4.224401E+02  1.606497E-02 -3.646348E-03  0.000000E+00  0.000000E+00  0.000000E+00  0.000000E+00  0.000000E+00  0.000000E+00
134  2.44454194E-03 -1.143079E+02  3.697997E+02  1.859619E-02 -4.225943E-03  0.000000E+00  0.000000E+00  0.000000E+00  0.000000E+00  0.000000E+00  0.000000E+00
135  2.66858673E-03 -1.140772E+02  3.224415E+02  2.149415E-02 -4.891037E-03  0.000000E+00  0.000000E+00  0.000000E+00  0.000000E+00  0.000000E+00  0.000000E+00
136  2.91259634E-03 -1.138294E+02  2.798707E+02  2.480382E-02 -5.652584E-03  0.000000E+00  0.000000E+00  0.000000E+00  0.000000E+00  0.000000E+00  0.000000E+00
137  3.17827323E-03 -1.135634E+02  2.416337E+02  2.857353E-02 -6.522526E-03  0.000000E+00  0.000000E+00  0.000000E+00  0.000000E+00  0.000000E+00  0.000000E+00
138  3.46745504E-03 -1.132783E+02  2.073153E+02  3.285468E-02 -7.513767E-03  0.000000E+00  0.000000E+00  0.000000E+00  0.000000E+00  0.000000E+00  0.000000E+00
139  3.78212399E-03 -1.129729E+02  1.765357E+02  3.770109E-02 -8.640112E-03  0.000000E+00  0.000000E+00  0.000000E+00  0.000000E+00  0.000000E+00  0.000000E+00
140  4.12441685E-03 -1.126463E+02  1.489482E+02  4.316823E-02 -9.916158E-03  0.000000E+00  0.000000E+00  0.000000E+00  0.000000E+00  0.000000E+00  0.000000E+00
141  4.49663544E-03 -1.122972E+02  1.242369E+02  4.931195E-02 -1.135712E-02  0.000000E+00  0.000000E+00  0.000000E+00  0.000000E+00  0.000000E+00  0.000000E+00
142  4.90125758E-03 -1.119245E+02  1.021146E+02  5.618691E-02 -1.297859E-02  0.000000E+00  0.000000E+00  0.000000E+00  0.000000E+00  0.000000E+00  0.000000E+00
143  5.34094866E-03 -1.115269E+02  8.232034E+01  6.384445E-02 -1.479617E-02  0.000000E+00  0.000000E+00  0.000000E+00  0.000000E+00  0.000000E+00  0.000000E+00
144  5.81857363E-03 -1.111031E+02  6.461795E+01  7.232989E-02 -1.682508E-02  0.000000E+00  0.000000E+00  0.000000E+00  0.000000E+00  0.000000E+00  0.000000E+00
145  6.33720957E-03 -1.106516E+02  4.879401E+01  8.167926E-02 -1.907952E-02  0.000000E+00  0.000000E+00  0.000000E+00  0.000000E+00  0.000000E+00  0.000000E+00
146  6.90015882E-03 -1.101712E+02  3.465608E+01  9.191522E-02 -2.157200E-02  0.000000E+00  0.000000E+00  0.000000E+00  0.000000E+00  0.000000E+00  0.000000E+00
147  7.51096245E-03 -1.096600E+02  2.203108E+01  1.030423E-01 -2.431246E-02  0.000000E+00  0.000000E+00  0.000000E+00  0.000000E+00  0.000000E+00  0.000000E+00
148  8.17341442E-03 -1.091167E+02  1.076369E+01  1.150411E-01 -2.730727E-02  0.000000E+00  0.000000E+00  0.000000E+00  0.000000E+00  0.000000E+00  0.000000E+00
149  8.89157608E-03 -1.085394E+02  7.147489E-01  1.278626E-01 -3.055796E-02  0.000000E+00  0.000000E+00  0.000000E+00  0.000000E+00  0.000000E+00  0.000000E+00
150  9.66979112E-03 -1.079264E+02 -8.240053E+00  1.414200E-01 -3.405994E-02  0.000000E+00  0.000000E+00  0.000000E+00  0.000000E+00  0.000000E+00  0.000000E+00
151  1.05127010E-02 -1.072761E+02 -1.621160E+01  1.555825E-01 -3.780096E-02  0.000000E+00  0.000000E+00  0.000000E+00  0.000000E+00  0.000000E+00  0.000000E+00
152  1.14252606E-02 -1.065867E+02 -2.329873E+01  1.701663E-01 -4.175948E-02  0.000000E+00  0.000000E+00  0.000000E+00  0.000000E+00  0.000000E+00  0.000000E+00
153  1.24127546E-02 -1.058565E+02 -2.958935E+01  1.849276E-01 -4.590303E-02  0.000000E+00  0.000000E+00  0.000000E+00  0.000000E+00  0.000000E+00  0.000000E+00
154  1.34808136E-02 -1.050837E+02 -3.516166E+01  1.995551E-01 -5.018650E-02  0.000000E+00  0.000000E+00  0.000000E+00  0.000000E+00  0.000000E+00  0.000000E+00
155  1.46354308E-02 -1.042666E+02 -4.008523E+01  2.136647E-01 -5.455067E-02  0.000000E+00  0.000000E+00  0.000000E+00  0.000000E+00  0.000000E+00  0.000000E+00
156  1.58829787E-02 -1.034038E+02 -4.442187E+01  2.267949E-01 -5.892080E-02  0.000000E+00  0.000000E+00  0.000000E+00  0.000000E+00  0.000000E+00  0.000000E+00
157  1.72302266E-02 -1.024935E+02 -4.822659E+01  2.384071E-01 -6.320584E-02  0.000000E+00  0.000000E+00  0.000000E+00  0.000000E+00  0.000000E+00  0.000000E+00
158  1.86843567E-02 -1.015346E+02 -5.154831E+01  2.478887E-01 -6.729804E-02  0.000000E+00  0.000000E+00  0.000000E+00  0.000000E+00  0.000000E+00  0.000000E+00
159  2.02529815E-02 -1.005258E+02 -5.443054E+01  2.545623E-01 -7.107347E-02  0.000000E+00  0.000000E+00  0.000000E+00  0.000000E+00  0.000000E+00  0.000000E+00
160  2.19441608E-02 -9.946633E+01 -5.691210E+01  2.577019E-01 -7.439347E-02  0.000000E+00  0.000000E+00  0.000000E+00  0.000000E+00  0.000000E+00  0.000000E+00
161  2.37664178E-02 -9.835546E+01 -5.902767E+01  2.565557E-01 -7.711674E-02  0.000000E+00  0.000000E+00  0.000000E+00  0.000000E+00  0.000000E+00  0.000000E+00
162  2.57287559E-02 -9.719282E+01 -6.080824E+01  2.503793E-01 -7.907770E-02  0.000000E+00  0.000000E+00  0.000000E+00  0.000000E+00  0.000000E+00  0.000000E+00
163  2.78406741E-02 -9.597808E+01 -6.228155E+01  2.384762E-01 -8.011545E-02  0.000000E+00  0.000000E+00  0.000000E+00  0.000000E+00  0.000000E+00  0.000000E+00
164  3.01121830E-02 -9.471099E+01 -6.347235E+01  2.202491E-01 -8.007362E-02  0.000000E+00  0.000000E+00  0.000000E+00  0.000000E+00  0.000000E+00  0.000000E+00
165  3.25538193E-02 -9.339120E+01 -6.440269E+01  1.952581E-01 -7.880878E-02  0.000000E+00  0.000000E+00  0.000000E+00  0.000000E+00  0.000000E+00  0.000000E+00
166  3.51766601E-02 -9.201830E+01 -6.509220E+01  1.632851E-01 -7.620023E-02  0.000000E+00  0.000000E+00  0.000000E+00  0.000000E+00  0.000000E+00  0.000000E+00
167  3.79923361E-02 -9.059179E+01 -6.555833E+01  1.244009E-01 -7.216063E-02  0.000000E+00  0.000000E+00  0.000000E+00  0.000000E+00  0.000000E+00  0.000000E+00
168  4.10130445E-02 -8.911131E+01 -6.581675E+01  7.903017E-02 -6.664700E-02  0.000000E+00  0.000000E+00  0.000000E+00  0.000000E+00  0.000000E+00  0.000000E+00
169  4.42515601E-02 -8.757660E+01 -6.588159E+01  2.800825E-02 -5.967141E-02  0.000000E+00  0.000000E+00  0.000000E+00  0.000000E+00  0.000000E+00  0.000000E+00
170  4.77212457E-02 -8.598792E+01 -6.576595E+01 -2.737761E-02 -5.131019E-02  0.000000E+00  0.000000E+00  0.000000E+00  0.000000E+00  0.000000E+00  0.000000E+00
171  5.14360618E-02 -8.434593E+01 -6.548196E+01 -8.536993E-02 -4.171092E-02  0.000000E+00  0.000000E+00  0.000000E+00  0.000000E+00  0.000000E+00  0.000000E+00
172  5.54105740E-02 -8.265183E+01 -6.504125E+01 -1.437540E-01 -3.109573E-02  0.000000E+00  0.000000E+00  0.000000E+00  0.000000E+00  0.000000E+00  0.000000E+00
173  5.96599602E-02 -8.090740E+01 -6.445499E+01 -1.999086E-01 -1.976019E-02  0.000000E+00  0.000000E+00  0.000000E+00  0.000000E+00  0.000000E+00  0.000000E+00
174  6.42000152E-02 -7.911535E+01 -6.373429E+01 -2.509006E-01 -8.066709E-03  0.000000E+00  0.000000E+00  0.000000E+00  0.000000E+00  0.000000E+00  0.000000E+00
175  6.90471548E-02 -7.727928E+01 -6.289036E+01 -2.936239E-01  3.567929E-03  0.000000E+00  0.000000E+00  0.000000E+00  0.000000E+00  0.000000E+00  0.000000E+00
176  7.42184178E-02 -7.540375E+01 -6.193455E+01 -3.249820E-01  1.469090E-02  0.000000E+00  0.000000E+00  0.000000E+00  0.000000E+00  0.000000E+00  0.000000E+00
177  7.97314666E-02 -7.349411E+01 -6.087829E+01 -3.421067E-01  2.483696E-02  0.000000E+00  0.000000E+00  0.000000E+00  0.000000E+00  0.000000E+00  0.000000E+00
178  8.56045862E-02 -7.155574E+01 -5.973241E+01 -3.425999E-01  3.355594E-02  0.000000E+00  0.000000E+00  0.000000E+00  0.000000E+00  0.000000E+00  0.000000E+00
179  9.18566813E-02 -6.959359E+01 -5.850686E+01 -3.247831E-01  4.044241E-02  0.000000E+00  0.000000E+00  0.000000E+00  0.000000E+00  0.000000E+00  0.000000E+00
180  9.85072717E-02 -6.761169E+01 -5.721014E+01 -2.879311E-01  4.516521E-02  0.000000E+00  0.000000E+00  0.000000E+00  0.000000E+00  0.000000E+00  0.000000E+00
181  1.05576487E-01 -6.561275E+01 -5.584908E+01 -2.324677E-01  4.749452E-02  0.000000E+00  0.000000E+00  0.000000E+00  0.000000E+00  0.000000E+00  0.000000E+00
182  1.13085057E-01 -6.359899E+01 -5.442962E+01 -1.600968E-01  4.732404E-02  0.000000E+00  0.000000E+00  0.000000E+00  0.000000E+00  0.000000E+00  0.000000E+00
183  1.21054304E-01 -6.157202E+01 -5.295676E+01 -7.384642E-02  4.468595E-02  0.000000E+00  0.000000E+00  0.000000E+00  0.000000E+00  0.000000E+00  0.000000E+00
184  1.29506132E-01 -5.953425E+01 -5.143595E+01  2.199393E-02  3.975642E-02  0.000000E+00  0.000000E+00  0.000000E+00  0.000000E+00  0.000000E+00  0.000000E+00
185  1.38463011E-01 -5.748880E+01 -4.987308E+01  1.220510E-01  3.285031E-02  0.000000E+00  0.000000E+00  0.000000E+00  0.000000E+00  0.000000E+00  0.000000E+00
186  1.47947968E-01 -5.543973E+01 -4.827479E+01  2.201605E-01  2.440437E-02  0.000000E+00  0.000000E+00  0.000000E+00  0.000000E+00  0.000000E+00  0.000000E+00
187  1.57984565E-01 -5.339225E+01 -4.664864E+01  3.097605E-01  1.494978E-02  0.000000E+00  0.000000E+00  0.000000E+00  0.000000E+00  0.000000E+00  0.000000E+00
188  1.68596886E-01 -5.135321E+01 -4.500363E+01  3.843580E-01  5.075855E-03  0.000000E+00  0.000000E+00  0.000000E+00  0.000000E+00  0.000000E+00  0.000000E+00
189  1.79809520E-01 -4.933048E+01 -4.334964E+01  4.380304E-01 -4.611831E-03  0.000000E+00  0.000000E+00  0.000000E+00  0.000000E+00  0.000000E+00  0.000000E+00
190  1.91647534E-01 -4.733381E+01 -4.169815E+01  4.659182E-01 -1.353516E-02  0.000000E+00  0.000000E+00  0.000000E+00  0.000000E+00  0.000000E+00  0.000000E+00
191  2.04136463E-01 -4.537235E+01 -4.005995E+01  4.646603E-01 -2.118436E-02  0.000000E+00  0.000000E+00  0.000000E+00  0.000000E+00  0.000000E+00  0.000000E+00
192  2.17302279E-01 -4.345427E+01 -3.844467E+01  4.327314E-01 -2.715217E-02  0.000000E+00  0.000000E+00  0.000000E+00  0.000000E+00  0.000000E+00  0.000000E+00
193  2.31171371E-01 -4.158505E+01 -3.685918E+01  3.706470E-01 -3.115831E-02  0.000000E+00  0.000000E+00  0.000000E+00  0.000000E+00  0.000000E+00  0.000000E+00
194  2.45770526E-01 -3.976690E+01 -3.530694E+01  2.810174E-01 -3.306287E-02  0.000000E+00  0.000000E+00  0.000000E+00  0.000000E+00  0.000000E+00  0.000000E+00
195  2.61126896E-01 -3.799884E+01 -3.378814E+01  1.684397E-01 -3.286850E-02  0.000000E+00  0.000000E+00  0.000000E+00  0.000000E+00  0.000000E+00  0.000000E+00
196  2.77267982E-01 -3.627803E+01 -3.230104E+01  3.923495E-02 -3.071245E-02  0.000000E+00  0.000000E+00  0.000000E+00  0.000000E+00  0.000000E+00  0.000000E+00
197  2.94221602E-01 -3.460017E+01 -3.084235E+01 -9.895675E-02 -2.684956E-02  0.000000E+00  0.000000E+00  0.000000E+00  0.000000E+00  0.000000E+00  0.000000E+00
198  3.12015871E-01 -3.296204E+01 -2.940979E+01 -2.376908E-01 -2.162782E-02  0.000000E+00  0.000000E+00  0.000000E+00  0.000000E+00  0.000000E+00  0.000000E+00
199  3.30679170E-01 -3.136098E+01 -2.800159E+01 -3.683034E-01 -1.545839E-02  0.000000E+00  0.000000E+00  0.000000E+00  0.000000E+00  0.000000E+00  0.000000E+00
200  3.50240122E-01 -2.979570E+01 -2.661728E+01 -4.825164E-01 -8.782466E-03  0.000000E+00  0.000000E+00  0.000000E+00  0.000000E+00  0.000000E+00  0.000000E+00
201  3.70727567E-01 -2.826578E+01 -2.525721E+01 -5.730096E-01 -2.037953E-03  0.000000E+00  0.000000E+00  0.000000E+00  0.000000E+00  0.000000E+00  0.000000E+00
202  3.92170536E-01 -2.677193E+01 -2.392284E+01 -6.339084E-01  4.371198E-03  0.000000E+00  0.000000E+00  0.000000E+00  0.000000E+00  0.000000E+00  0.000000E+00
203  4.14598221E-01 -2.531596E+01 -2.261666E+01 -6.611485E-01  1.010053E-02  0.000000E+00  0.000000E+00  0.000000E+00  0.000000E+00  0.000000E+00  0.000000E+00
204  4.38039957E-01 -2.390124E+01 -2.134268E+01 -6.526862E-01  1.488368E-02  0.000000E+00  0.000000E+00  0.000000E+00  0.000000E+00  0.000000E+00  0.000000E+00
205  4.62525189E-01 -2.253225E+01 -2.010595E+01 -6.085458E-01  1.854276E-02  0.000000E+00  0.000000E+00  0.000000E+00  0.000000E+00  0.000000E+00  0.000000E+00
206  4.88083451E-01 -2.121360E+01 -1.891166E+01 -5.307085E-01  2.099031E-02  0.000000E+00  0.000000E+00  0.000000E+00  0.000000E+00  0.000000E+00  0.000000E+00
207  5.14744344E-01 -1.994958E+01 -1.776459E+01 -4.228674E-01  2.222346E-02  0.000000E+00  0.000000E+00  0.000000E+00  0.000000E+00  0.000000E+00  0.000000E+00
208  5.42537505E-01 -1.874334E+01 -1.666837E+01 -2.900850E-01  2.231204E-02  0.000000E+00  0.000000E+00  0.000000E+00  0.000000E+00  0.000000E+00  0.000000E+00
209  5.71492593E-01 -1.759664E+01 -1.562520E+01 -1.383904E-01  2.138291E-02  0.000000E+00  0.000000E+00  0.000000E+00  0.000000E+00  0.000000E+00  0.000000E+00
210  6.01639258E-01 -1.650977E+01 -1.463580E+01  2.564274E-02  1.960262E-02  0.000000E+00  0.000000E+00  0.000000E+00  0.000000E+00  0.000000E+00  0.000000E+00
211  6.33007126E-01 -1.548205E+01 -1.369986E+01  1.953043E-01  1.716038E-02  0.000000E+00  0.000000E+00  0.000000E+00  0.000000E+00  0.000000E+00  0.000000E+00
212  6.65625774E-01 -1.451163E+01 -1.281589E+01  3.641169E-01  1.425268E-02  0.000000E+00  0.000000E+00  0.000000E+00  0.000000E+00  0.000000E+00  0.000000E+00
213  6.99524712E-01 -1.359620E+01 -1.198192E+01  5.261461E-01  1.107036E-02  0.000000E+00  0.000000E+00  0.000000E+00  0.000000E+00  0.000000E+00  0.000000E+00
214  7.34733362E-01 -1.273324E+01 -1.119575E+01  6.762410E-01  7.788642E-03  0.000000E+00  0.000000E+00  0.000000E+00  0.000000E+00  0.000000E+00  0.000000E+00
215  7.71281039E-01 -1.191993E+01 -1.045485E+01  8.102011E-01  4.559996E-03  0.000000E+00  0.000000E+00  0.000000E+00  0.000000E+00  0.000000E+00  0.000000E+00
216  8.09196937E-01 -1.115361E+01 -9.756833E+00  9.248690E-01  1.509866E-03  0.000000E+00  0.000000E+00  0.000000E+00  0.000000E+00  0.000000E+00  0.000000E+00
217  8.48510110E-01 -1.043176E+01 -9.099431E+00  1.018156E+00 -1.265217E-03  0.000000E+00  0.000000E+00  0.000000E+00  0.000000E+00  0.000000E+00  0.000000E+00
218  8.89249453E-01 -9.752003E+00 -8.480524E+00  1.089005E+00 -3.697451E-03  0.000000E+00  0.000000E+00  0.000000E+00  0.000000E+00  0.000000E+00  0.000000E+00
219  9.31443694E-01 -9.112194E+00 -7.898180E+00  1.137312E+00 -5.745965E-03  0.000000E+00  0.000000E+00  0.000000E+00  0.000000E+00  0.000000E+00  0.000000E+00
220  9.75121372E-01 -8.510367E+00 -7.350647E+00  1.163800E+00 -7.393877E-03  0.000000E+00  0.000000E+00  0.000000E+00  0.000000E+00  0.000000E+00  0.000000E+00
221  1.02031083E+00 -7.944734E+00 -6.836335E+00  1.169879E+00 -8.644591E-03  0.000000E+00  0.000000E+00  0.000000E+00  0.000000E+00  0.000000E+00  0.000000E+00
222  1.06704020E+00 -7.413639E+00 -6.353769E+00  1.157491E+00 -9.517729E-03  0.000000E+00  0.000000E+00  0.000000E+00  0.000000E+00  0.000000E+00  0.000000E+00
223  1.11533740E+00 -6.915560E+00 -5.901601E+00  1.128949E+00 -1.004503E-02  0.000000E+00  0.000000E+00  0.000000E+00  0.000000E+00  0.000000E+00  0.000000E+00
224  1.16523010E+00 -6.449013E+00 -5.478506E+00  1.086789E+00 -1.026641E-02  0.000000E+00  0.000000E+00  0.000000E+00  0.000000E+00  0.000000E+00  0.000000E+00
225  1.21674573E+00 -6.012567E+00 -5.083204E+00  1.033636E+00 -1.022649E-02  0.000000E+00  0.000000E+00  0.000000E+00  0.000000E+00  0.000000E+00  0.000000E+00
226  1.26991147E+00 -5.604807E+00 -4.714421E+00  9.720845E-01 -9.971510E-03  0.000000E+00  0.000000E+00  0.000000E+00  0.000000E+00  0.000000E+00  0.000000E+00
227  1.32475426E+00 -5.224315E+00 -4.370868E+00  9.046054E-01 -9.546964E-03  0.000000E+00  0.000000E+00  0.000000E+00  0.000000E+00  0.000000E+00  0.000000E+00
228  1.38130075E+00 -4.869675E+00 -4.051253E+00  8.334740E-01 -8.995693E-03  0.000000E+00  0.000000E+00  0.000000E+00  0.000000E+00  0.000000E+00  0.000000E+00
229  1.43957731E+00 -4.539469E+00 -3.754270E+00  7.607188E-01 -8.356604E-03  0.000000E+00  0.000000E+00  0.000000E+00  0.000000E+00  0.000000E+00  0.000000E+00
230  1.49961004E+00 -4.232284E+00 -3.478616E+00  6.880917E-01 -7.663853E-03  0.000000E+00  0.000000E+00  0.000000E+00  0.000000E+00  0.000000E+00  0.000000E+00
231  1.56142477E+00 -3.946723E+00 -3.222992E+00  6.170547E-01 -6.946460E-03  0.000000E+00  0.000000E+00  0.000000E+00  0.000000E+00  0.000000E+00  0.000000E+00
232  1.62504701E+00 -3.681415E+00 -2.986120E+00  5.487816E-01 -6.228255E-03  0.000000E+00  0.000000E+00  0.000000E+00  0.000000E+00  0.000000E+00  0.000000E+00
233  1.69050199E+00 -3.435023E+00 -2.766753E+00  4.841712E-01 -5.528082E-03  0.000000E+00  0.000000E+00  0.000000E+00  0.000000E+00  0.000000E+00  0.000000E+00
234  1.75781464E+00 -3.206257E+00 -2.563680E+00  4.238681E-01 -4.860187E-03  0.000000E+00  0.000000E+00  0.000000E+00  0.000000E+00  0.000000E+00  0.000000E+00
235  1.82700960E+00 -2.993881E+00 -2.375743E+00  3.682902E-01 -4.234712E-03  0.000000E+00  0.000000E+00  0.000000E+00  0.000000E+00  0.000000E+00  0.000000E+00
236  1.89811117E+00 -2.796720E+00 -2.201838E+00  3.176585E-01 -3.658260E-03  0.000000E+00  0.000000E+00  0.000000E+00  0.000000E+00  0.000000E+00  0.000000E+00
237  1.97114339E+00 -2.613664E+00 -2.040923E+00  2.720286E-01 -3.134466E-03  0.000000E+00  0.000000E+00  0.000000E+00  0.000000E+00  0.000000E+00  0.000000E+00
238  2.04612996E+00 -2.443674E+00 -1.892020E+00  2.313217E-01 -2.664561E-03  0.000000E+00  0.000000E+00  0.000000E+00  0.000000E+00  0.000000E+00  0.000000E+00
239  2.12309428E+00 -2.285777E+00 -1.754218E+00  1.953540E-01 -2.247892E-03  0.000000E+00  0.000000E+00  0.000000E+00  0.000000E+00  0.000000E+00  0.000000E+00
240  2.20205944E+00 -2.139074E+00 -1.626670E+00  1.638635E-01 -1.882393E-03  0.000000E+00  0.000000E+00  0.000000E+00  0.000000E+00  0.000000E+00  0.000000E+00
241  2.28304822E+00 -2.002733E+00 -1.508597E+00  1.365340E-01 -1.564994E-03  0.000000E+00  0.000000E+00  0.000000E+00  0.000000E+00  0.000000E+00  0.000000E+00
242  2.36608309E+00 -1.875986E+00 -1.399281E+00  1.130158E-01 -1.291969E-03  0.000000E+00  0.000000E+00  0.000000E+00  0.000000E+00  0.000000E+00  0.000000E+00
243  2.45118622E+00 -1.758132E+00 -1.298065E+00  9.294298E-02 -1.059218E-03  0.000000E+00  0.000000E+00  0.000000E+00  0.000000E+00  0.000000E+00  0.000000E+00
244  2.53837946E+00 -1.648525E+00 -1.204348E+00  7.594740E-02 -8.624956E-04  0.000000E+00  0.000000E+00  0.000000E+00  0.000000E+00  0.000000E+00  0.000000E+00
245  2.62768435E+00 -1.549889E+00 -1.120892E+00  6.166967E-02 -6.976128E-04  0.000000E+00  0.000000E+00  0.000000E+00  0.000000E+00  0.000000E+00  0.000000E+00
246  2.71912214E+00 -1.464422E+00 -1.049930E+00  4.976629E-02 -5.605673E-04  0.000000E+00  0.000000E+00  0.000000E+00  0.000000E+00  0.000000E+00  0.000000E+00
247  2.81271374E+00 -1.390680E+00 -9.900573E-01  3.991526E-02 -4.475795E-04  0.000000E+00  0.000000E+00  0.000000E+00  0.000000E+00  0.000000E+00  0.000000E+00
248  2.90847981E+00 -1.327330E+00 -9.399724E-01  3.182077E-02 -3.551412E-04  0.000000E+00  0.000000E+00  0.000000E+00  0.000000E+00  0.000000E+00  0.000000E+00
249  3.00644066E+00 -1.273143E+00 -8.984782E-01  2.521575E-02 -2.800710E-04  0.000000E+00  0.000000E+00  0.000000E+00  0.000000E+00  0.000000E+00  0.000000E+00
250  3.10661633E+00 -1.226995E+00 -8.644813E-01  1.986270E-02 -2.195377E-04  0.000000E+00  0.000000E+00  0.000000E+00  0.000000E+00  0.000000E+00  0.000000E+00
251  3.20902656E+00 -1.187867E+00 -8.369892E-01  1.555322E-02 -1.710618E-04  0.000000E+00  0.000000E+00  0.000000E+00  0.000000E+00  0.000000E+00  0.000000E+00
252  3.31369078E+00 -1.154837E+00 -8.151071E-01  1.210665E-02 -1.325016E-04  0.000000E+00  0.000000E+00  0.000000E+00  0.000000E+00  0.000000E+00  0.000000E+00
253  3.42062815E+00 -1.127080E+00 -7.980333E-01  9.368118E-03 -1.020301E-04  0.000000E+00  0.000000E+00  0.000000E+00  0.000000E+00  0.000000E+00  0.000000E+00
254  3.52985752E+00 -1.103858E+00 -7.850541E-01  7.206156E-03 -7.810594E-05  0.000000E+00  0.000000E+00  0.000000E+00  0.000000E+00  0.000000E+00  0.000000E+00
255  3.64139748E+00 -1.084518E+00 -7.755378E-01  5.510288E-03 -5.944182E-05  0.000000E+00  0.000000E+00  0.000000E+00  0.000000E+00  0.000000E+00  0.000000E+00
256  3.75526633E+00 -1.068484E+00 -7.689295E-01  4.188494E-03 -4.497308E-05  0.000000E+00  0.000000E+00  0.000000E+00  0.000000E+00  0.000000E+00  0.000000E+00
257  3.87148207E+00 -1.055252E+00 -7.647441E-01  3.164798E-03 -3.382688E-05  0.000000E+00  0.000000E+00  0.000000E+00  0.000000E+00  0.000000E+00  0.000000E+00
258  3.99006246E+00 -1.044382E+00 -7.625606E-01  2.376996E-03 -2.529378E-05  0.000000E+00  0.000000E+00  0.000000E+00  0.000000E+00  0.000000E+00  0.000000E+00
259  4.11102495E+00 -1.035494E+00 -7.620159E-01  1.774572E-03 -1.880178E-05  0.000000E+00  0.000000E+00  0.000000E+00  0.000000E+00  0.000000E+00  0.000000E+00
260  4.23438676E+00 -1.028260E+00 -7.627988E-01  1.316828E-03 -1.389333E-05  0.000000E+00  0.000000E+00  0.000000E+00  0.000000E+00  0.000000E+00  0.000000E+00
261  4.36016481E+00 -1.022401E+00 -7.646445E-01  9.712269E-04 -1.020524E-05  0.000000E+00  0.000000E+00  0.000000E+00  0.000000E+00  0.000000E+00  0.000000E+00
262  4.48837578E+00 -1.017677E+00 -7.673289E-01  7.119582E-04 -7.451364E-06  0.000000E+00  0.000000E+00  0.000000E+00  0.000000E+00  0.000000E+00  0.000000E+00
263  4.61903610E+00 -1.013886E+00 -7.706640E-01  5.186989E-04 -5.407899E-06  0.000000E+00  0.000000E+00  0.000000E+00  0.000000E+00  0.000000E+00  0.000000E+00
264  4.75216191E+00 -1.010858E+00 -7.744928E-01  3.755674E-04 -3.901089E-06  0.000000E+00  0.000000E+00  0.000000E+00  0.000000E+00  0.000000E+00  0.000000E+00
265  4.88776914E+00 -1.008452E+00 -7.786856E-01  2.702443E-04 -2.796990E-06  0.000000E+00  0.000000E+00  0.000000E+00  0.000000E+00  0.000000E+00  0.000000E+00
266  5.02587345E+00 -1.006549E+00 -7.831359E-01  1.932437E-04 -1.993091E-06  0.000000E+00  0.000000E+00  0.000000E+00  0.000000E+00  0.000000E+00  0.000000E+00
267  5.16649025E+00 -1.005050E+00 -7.877570E-01  1.373151E-04 -1.411487E-06  0.000000E+00  0.000000E+00  0.000000E+00  0.000000E+00  0.000000E+00  0.000000E+00
268  5.30963473E+00 -1.003877E+00 -7.924787E-01  9.695714E-05 -9.933975E-07  0.000000E+00  0.000000E+00  0.000000E+00  0.000000E+00  0.000000E+00  0.000000E+00
269  5.45532184E+00 -1.002962E+00 -7.972454E-01  6.802579E-05 -6.947815E-07  0.000000E+00  0.000000E+00  0.000000E+00  0.000000E+00  0.000000E+00  0.000000E+00
270  5.60356629E+00 -1.002252E+00 -8.020129E-01  4.742245E-05 -4.828752E-07  0.000000E+00  0.000000E+00  0.000000E+00  0.000000E+00  0.000000E+00  0.000000E+00
271  5.75438255E+00 -1.001705E+00 -8.067468E-01  3.284695E-05 -3.334769E-07  0.000000E+00  0.000000E+00  0.000000E+00  0.000000E+00  0.000000E+00  0.000000E+00
272  5.90778491E+00 -1.001284E+00 -8.114209E-01  2.260432E-05 -2.288357E-07  0.000000E+00  0.000000E+00  0.000000E+00  0.000000E+00  0.000000E+00  0.000000E+00
273  6.06378738E+00 -1.000963E+00 -8.160154E-01  1.545459E-05 -1.560241E-07  0.000000E+00  0.000000E+00  0.000000E+00  0.000000E+00  0.000000E+00  0.000000E+00
274  6.22240379E+00 -1.000718E+00 -8.205158E-01  1.049732E-05 -1.056946E-07  0.000000E+00  0.000000E+00  0.000000E+00  0.000000E+00  0.000000E+00  0.000000E+00
275  6.38364775E+00 -1.000533E+00 -8.249119E-01  7.083348E-06 -7.113620E-08  0.000000E+00  0.000000E+00  0.000000E+00  0.000000E+00  0.000000E+00  0.000000E+00
276  6.54753265E+00 -1.000394E+00 -8.291968E-01  4.748141E-06 -4.756515E-08  0.000000E+00  0.000000E+00  0.000000E+00  0.000000E+00  0.000000E+00  0.000000E+00
277  6.71407168E+00 -1.000290E+00 -8.333664E-01  3.161686E-06 -3.159595E-08  0.000000E+00  0.000000E+00  0.000000E+00  0.000000E+00  0.000000E+00  0.000000E+00
278  6.88327782E+00 -1.000212E+00 -8.374186E-01  2.091268E-06 -2.084982E-08  0.000000E+00  0.000000E+00  0.000000E+00  0.000000E+00  0.000000E+00  0.000000E+00
279  7.05516386E+00 -1.000154E+00 -8.413528E-01  1.373986E-06 -1.366741E-08  0.000000E+00  0.000000E+00  0.000000E+00  0.000000E+00  0.000000E+00  0.000000E+00
280  7.22974239E+00 -1.000112E+00 -8.451698E-01  8.966488E-07 -8.899547E-09  0.000000E+00  0.000000E+00  0.000000E+00  0.000000E+00  0.000000E+00  0.000000E+00
281  7.40702580E+00 -1.000080E+00 -8.488712E-01  5.811879E-07 -5.756152E-09  0.000000E+00  0.000000E+00  0.000000E+00  0.000000E+00  0.000000E+00  0.000000E+00
282  7.58702628E+00 -1.000058E+00 -8.524591E-01  3.741547E-07 -3.697981E-09  0.000000E+00  0.000000E+00  0.000000E+00  0.000000E+00  0.000000E+00  0.000000E+00
283  7.76975587E+00 -1.000041E+00 -8.559363E-01  2.392286E-07 -2.359666E-09  0.000000E+00  0.000000E+00  0.000000E+00  0.000000E+00  0.000000E+00  0.000000E+00
284  7.95522639E+00 -1.000029E+00 -8.593059E-01  1.519109E-07 -1.495463E-09  0.000000E+00  0.000000E+00  0.000000E+00  0.000000E+00  0.000000E+00  0.000000E+00
285  8.14344950E+00 -1.000021E+00 -8.625711E-01  9.580016E-08 -9.412964E-10  0.000000E+00  0.000000E+00  0.000000E+00  0.000000E+00  0.000000E+00  0.000000E+00
286  8.33443667E+00 -1.000015E+00 -8.657352E-01  5.999736E-08 -5.884217E-10  0.000000E+00  0.000000E+00  0.000000E+00  0.000000E+00  0.000000E+00  0.000000E+00
287  8.52819920E+00 -1.000010E+00 -8.688015E-01  3.731421E-08 -3.652996E-10  0.000000E+00  0.000000E+00  0.000000E+00  0.000000E+00  0.000000E+00  0.000000E+00
288  8.72474822E+00 -1.000007E+00 -8.717735E-01  2.304519E-08 -2.252137E-10  0.000000E+00  0.000000E+00  0.000000E+00  0.000000E+00  0.000000E+00  0.000000E+00
289  8.92409470E+00 -1.000005E+00 -8.746544E-01  1.413313E-08 -1.378835E-10  0.000000E+00  0.000000E+00  0.000000E+00  0.000000E+00  0.000000E+00  0.000000E+00
290  9.12624943E+00 -1.000003E+00 -8.774476E-01  8.606691E-09 -8.382798E-11  0.000000E+00  0.000000E+00  0.000000E+00  0.000000E+00  0.000000E+00  0.000000E+00
291  9.33122306E+00 -1.000002E+00 -8.801561E-01  5.204302E-09 -5.060722E-11  0.000000E+00  0.000000E+00  0.000000E+00  0.000000E+00  0.000000E+00  0.000000E+00
292  9.53902605E+00 -1.000002E+00 -8.827832E-01  3.124681E-09 -3.033683E-11  0.000000E+00  0.000000E+00  0.000000E+00  0.000000E+00  0.000000E+00  0.000000E+00
293  9.74966872E+00 -1.000001E+00 -8.853317E-01  1.862749E-09 -1.805719E-11  0.000000E+00  0.000000E+00  0.000000E+00  0.000000E+00  0.000000E+00  0.000000E+00
294  9.96316125E+00 -1.000001E+00 -8.878044E-01  1.102548E-09 -1.067187E-11  0.000000E+00  0.000000E+00  0.000000E+00  0.000000E+00  0.000000E+00  0.000000E+00
295  1.01795136E+01 -1.000000E+00 -8.902043E-01  6.479240E-10 -6.262235E-12  0.000000E+00  0.000000E+00  0.000000E+00  0.000000E+00  0.000000E+00  0.000000E+00
296  1.03987358E+01 -1.000000E+00 -8.925338E-01  3.780273E-10 -3.648423E-12  0.000000E+00  0.000000E+00  0.000000E+00  0.000000E+00  0.000000E+00  0.000000E+00
297  1.06208374E+01 -1.000000E+00 -8.947956E-01  2.189698E-10 -2.110360E-12  0.000000E+00  0.000000E+00  0.000000E+00  0.000000E+00  0.000000E+00  0.000000E+00
298  1.08458280E+01 -1.000000E+00 -8.969921E-01  1.259206E-10 -1.221280E-12  0.000000E+00  0.000000E+00  0.000000E+00  0.000000E+00  0.000000E+00  0.000000E+00
299  1.10737171E+01 -1.000000E+00 -8.991257E-01  7.188699E-11 -6.689053E-13  0.000000E+00  0.000000E+00  0.000000E+00  0.000000E+00  0.000000E+00  0.000000E+00
